1    1    2021 0    28   11   
1    2    2021 0    26   10   
1    3    2021 0    29   12   
1    4    2021 0    37   14   
1    5    2021 24   30   11   
1    6    2021 0    30   7    
1    7    2021 0    34   12   
1    8    2021 0    30   9    
1    9    2021 0    30   9    
1    10   2021 0    24   6    
1    11   2021 0    29   5    
1    12   2021 0    33   9    
1    13   2021 0    36   14   
1    14   2021 0    23   12   
1    15   2021 0    33   12   
1    16   2021 0    30   19   
1    17   2021 0    33   21   
1    18   2021 0    28   11   
1    19   2021 0    31   9    
1    20   2021 0    32   16   
1    21   2021 0    32   22   
1    22   2021 29   34   23   
1    23   2021 39   29   15   
1    24   2021 28   27   11   
1    25   2021 12   26   7    
1    26   2021 0    21   6    
1    27   2021 0    26   4    
1    28   2021 0    42   22   
1    29   2021 23   37   23   
1    30   2021 13   27   13   
1    31   2021 0    35   9    
2    1    2021 0    40   17   
2    2    2021 0    41   22   
2    3    2021 42   37   14   
2    4    2021 10   20   6    
2    5    2021 26   19   11   
2    6    2021 0    25   13   
2    7    2021 0    33   20   
2    8    2021 0    35   23   
2    9    2021 23   31   25   
2    10   2021 14   32   23   
2    11   2021 12   34   23   
2    12   2021 51   31   24   
2    13   2021 36   31   20   
2    14   2021 0    22   3    
2    15   2021 24   22   2    
2    16   2021 8    24   12   
2    17   2021 6    27   5    
2    18   2021 0    22   1    
2    19   2021 0    25   5    
2    20   2021 0    33   12   
2    21   2021 0    24   7    
2    22   2021 0    35   13   
2    23   2021 0    36   15   
2    24   2021 9    33   11   
2    25   2021 0    28   8    
2    26   2021 15   28   11   
2    27   2021 0    22   2    
2    28   2021 0    22   -2   
3    1    2021 0    37   2    
3    2    2021 0    41   15   
3    3    2021 10   46   20   
3    4    2021 0    34   21   
3    5    2021 0    45   19   
3    6    2021 0    47   24   
3    7    2021 0    50   29   
3    8    2021 0    44   32   
3    9    2021 36   45   24   
3    10   2021 0    28   13   
3    11   2021 0    33   15   
3    12   2021 0    42   17   
3    13   2021 41   38   20   
3    14   2021 14   30   17   
3    15   2021 9    37   16   
3    16   2021 0    38   20   
3    17   2021 0    37   17   
3    18   2021 0    43   18   
3    19   2021 0    50   26   
3    20   2021 33   50   27   
3    21   2021 18   35   18   
3    22   2021 0    34   17   
3    23   2021 0    32   15   
3    24   2021 0    36   15   
3    25   2021 17   32   18   
3    26   2021 16   35   19   
3    27   2021 0    35   17   
3    28   2021 0    46   21   
3    29   2021 0    48   20   
3    30   2021 0    29   9    
3    31   2021 0    39   8    
4    1    2021 0    53   22   
4    2    2021 0    56   31   
4    3    2021 0    61   34   
4    4    2021 0    60   37   
4    5    2021 0    58   35   
4    6    2021 0    42   22   
4    7    2021 0    44   24   
4    8    2021 0    50   30   
4    9    2021 0    41   20   
4    10   2021 0    50   25   
4    11   2021 0    50   29   
4    12   2021 0    47   24   
4    13   2021 8    47   29   
4    14   2021 0    51   29   
4    15   2021 13   38   21   
4    16   2021 0    34   19   
4    17   2021 0    38   16   
4    18   2021 0    43   15   
4    19   2021 0    46   16   
4    20   2021 0    38   9    
4    21   2021 0    44   21   
4    22   2021 0    42   25   
4    23   2021 0    43   23   
4    24   2021 0    52   25   
4    25   2021 0    56   39   
4    26   2021 0    51   35   
4    27   2021 23   46   28   
4    28   2021 0    49   28   
4    29   2021 0    60   30   
4    30   2021 0    66   38   
5    1    2021 0    66   42   
5    2    2021 35   52   33   
5    3    2021 31   41   28   
5    4    2021 10   45   27   
5    5    2021 0    51   28   
5    6    2021 0    64   33   
5    7    2021 0    66   41   
5    8    2021 0    54   30   
5    9    2021 14   46   25   
5    10   2021 40   41   26   
5    11   2021 31   42   24   
5    12   2021 0    54   25   
5    13   2021 0    62   34   
5    14   2021 0    63   39   
5    15   2021 0    65   38   
5    16   2021 0    66   41   
5    17   2021 14   54   34   
5    18   2021 0    59   34   
5    19   2021 0    65   37   
5    20   2021 0    64   39   
5    21   2021 13   54   40   
5    22   2021 0    61   38   
5    23   2021 0    51   33   
5    24   2021 0    56   30   
5    25   2021 0    61   33   
5    26   2021 0    60   40   
5    27   2021 0    63   37   
5    28   2021 0    67   40   
5    29   2021 0    67   42   
5    30   2021 11   60   37   
5    31   2021 0    59   35   
6    1    2021 0    61   39   
6    2    2021 0    65   42   
6    3    2021 0    70   45   
6    4    2021 0    75   48   
6    5    2021 0    74   48   
6    6    2021 0    72   46   
6    7    2021 0    73   48   
6    8    2021 0    71   46   
6    9    2021 0    74   44   
6    10   2021 0    72   45   
6    11   2021 0    70   40   
6    12   2021 0    76   46   
6    13   2021 0    80   49   
6    14   2021 0    80   50   
6    15   2021 0    81   52   
6    16   2021 0    81   55   
6    17   2021 0    81   55   
6    18   2021 2    77   52   
6    19   2021 0    71   49   
6    20   2021 0    75   50   
6    21   2021 0    72   46   
6    22   2021 0    77   53   
6    23   2021 0    70   49   
6    24   2021 32   65   43   
6    25   2021 12   59   41   
6    26   2021 28   57   41   
6    27   2021 19   61   39   
6    28   2021 0    65   39   
6    29   2021 18   66   43   
6    30   2021 3    67   44   
7    1    2021 0    69   48   
7    2    2021 0    73   49   
7    3    2021 0    74   51   
7    4    2021 0    79   54   
7    5    2021 28   77   50   
7    6    2021 0    74   49   
7    7    2021 0    79   51   
7    8    2021 0    81   56   
7    9    2021 0    83   56   
7    10   2021 0    77   54   
7    11   2021 0    76   52   
7    12   2021 0    80   54   
7    13   2021 9    75   50   
7    14   2021 13   62   47   
7    15   2021 0    74   46   
7    16   2021 0    72   50   
7    17   2021 0    76   52   
7    18   2021 0    80   52   
7    19   2021 0    80   56   
7    20   2021 24   79   53   
7    21   2021 0    76   51   
7    22   2021 42   74   53   
7    23   2021 0    73   53   
7    24   2021 0    73   53   
7    25   2021 13   74   53   
7    26   2021 0    77   50   
7    27   2021 0    81   53   
7    28   2021 61   77   53   
7    29   2021 43   80   52   
7    30   2021 67   75   50   
7    31   2021 52   69   49   
8    1    2021 46   67   48   
8    2    2021 32   67   48   
8    3    2021 0    61   48   
8    4    2021 0    68   46   
8    5    2021 0    75   48   
8    6    2021 0    73   51   
8    7    2021 0    65   46   
8    8    2021 0    73   47   
8    9    2021 0    76   51   
8    10   2021 0    75   50   
8    11   2021 0    77   49   
8    12   2021 0    81   51   
8    13   2021 0    80   54   
8    14   2021 0    80   53   
8    15   2021 0    75   53   
8    16   2021 0    74   49   
8    17   2021 0    76   50   
8    18   2021 55   72   47   
8    19   2021 120  51   34   
8    20   2021 0    57   33   
8    21   2021 10   65   40   
8    22   2021 0    69   50   
8    23   2021 0    71   49   
8    24   2021 0    71   50   
8    25   2021 0    73   47   
8    26   2021 0    65   47   
8    27   2021 0    73   48   
8    28   2021 0    75   50   
8    29   2021 0    75   50   
8    30   2021 0    75   49   
8    31   2021 0    75   51   
9    1    2021 40   63   48   
9    2    2021 0    64   46   
9    3    2021 32   65   46   
9    4    2021 0    68   44   
9    5    2021 0    70   43   
9    6    2021 0    73   47   
9    7    2021 0    75   47   
9    8    2021 0    77   49   
9    9    2021 0    77   50   
9    10   2021 0    78   52   
9    11   2021 9    74   49   
9    12   2021 0    70   45   
9    13   2021 0    70   48   
9    14   2021 0    69   47   
9    15   2021 0    71   46   
9    16   2021 0    70   47   
9    17   2021 0    70   47   
9    18   2021 23   71   44   
9    19   2021 29   60   39   
9    20   2021 0    51   32   
9    21   2021 0    57   29   
9    22   2021 0    64   37   
9    23   2021 0    67   41   
9    24   2021 0    66   42   
9    25   2021 0    68   43   
9    26   2021 0    69   44   
9    27   2021 0    72   46   
9    28   2021 38   59   40   
9    29   2021 52   51   35   
9    30   2021 0    53   35   
10   1    2021 17   54   37   
10   2    2021 0    56   36   
10   3    2021 0    59   36   
10   4    2021 0    62   38   
10   5    2021 0    65   40   
10   6    2021 0    54   39   
10   7    2021 0    58   37   
10   8    2021 28   51   39   
10   9    2021 41   46   30   
10   10   2021 0    44   29   
10   11   2021 0    53   28   
10   12   2021 41   40   24   
10   13   2021 0    32   23   
10   14   2021 24   31   19   
10   15   2021 0    35   15   
10   16   2021 0    52   23   
10   17   2021 0    57   32   
10   18   2021 26   56   35   
10   19   2021 0    38   23   
10   20   2021 0    44   23   
10   21   2021 0    51   29   
10   22   2021 0    55   33   
10   23   2021 18   48   32   
10   24   2021 0    48   30   
10   25   2021 0    61   38   
10   26   2021 61   47   22   
10   27   2021 0    31   22   
10   28   2021 0    40   27   
10   29   2021 0    53   27   
10   30   2021 0    51   32   
10   31   2021 16   50   34   
11   1    2021 12   47   33   
11   2    2021 42   38   30   
11   3    2021 0    44   28   
11   4    2021 0    48   27   
11   5    2021 0    50   32   
11   6    2021 0    54   32   
11   7    2021 0    54   35   
11   8    2021 0    48   36   
11   9    2021 60   48   29   
11   10   2021 31   34   23   
11   11   2021 0    33   18   
11   12   2021 0    40   29   
11   13   2021 0    45   31   
11   14   2021 0    46   29   
11   15   2021 0    51   34   
11   16   2021 0    45   32   
11   17   2021 0    33   16   
11   18   2021 0    43   16   
11   19   2021 0    41   29   
11   20   2021 0    35   22   
11   21   2021 0    36   16   
11   22   2021 0    47   22   
11   23   2021 14   43   24   
11   24   2021 0    29   11   
11   25   2021 0    34   8    
11   26   2021 0    44   19   
11   27   2021 0    41   23   
11   28   2021 0    46   25   
11   29   2021 0    50   28   
11   30   2021 0    45   25   
12   1    2021 0    48   29   
12   2    2021 0    51   28   
12   3    2021 0    49   29   
12   4    2021 0    45   28   
12   5    2021 0    40   24   
12   6    2021 6    34   21   
12   7    2021 0    31   22   
12   8    2021 36   32   19   
12   9    2021 105  30   25   
12   10   2021 0    25   3    
12   11   2021 0    22   -1   
12   12   2021 0    36   12   
12   13   2021 0    41   19   
12   14   2021 47   42   26   
12   15   2021 44   35   12   
12   16   2021 17   28   9    
12   17   2021 0    21   6    
12   18   2021 0    25   1    
12   19   2021 0    33   11   
12   20   2021 0    38   13   
12   21   2021 0    36   17   
12   22   2021 0    39   17   
12   23   2021 95   34   24   
12   24   2021 88   31   23   
12   25   2021 32   30   20   
12   26   2021 54   26   15   
12   27   2021 68   23   14   
12   28   2021 48   18   10   
12   29   2021 41   21   14   
12   30   2021 47   24   15   
12   31   2021 94   25   11   
