wepppy/watershed_abstraction/tests/data/flowpath_infinite_loop/dem/topaz/RELIEF.ARC
ncols   447
nrows   443
xllcorner  507961
yllcorner 5195383
cellsize   30.00
nodata_value     0.0
[rows 390 to 415 of 443, columns 58 to 115 of 447]
793.30000 789.20000 785.60000 781.60000 777.80000 774.80000 772.50000 770.40000 768.90000 768.10000 767.50004 767.70000 768.40000 771.00000 774.20000 777.00000 779.30000 781.40000 782.90000 784.10000 785.40000 786.50000 787.20000 787.50000 788.40000 790.30000 793.00000 796.40000 800.00000 803.70000 806.40000 808.50000 810.60000 813.70000 817.00000 819.60000 820.90000 822.20000 825.00000 827.90000 830.00000 829.60000 824.50000 819.20000 815.90000 812.40000 808.90000 807.30000 807.20000 807.60000 808.10000 808.30000 808.30000 807.90000 807.10000 805.40000 803.30000 801.30000
789.20000 786.10000 782.60000 778.50000 775.20000 773.00000 771.00000 769.50000 768.70000 768.00000 767.50002 767.60000 768.30000 770.40000 773.50000 776.00000 777.70000 779.10000 780.10000 781.00000 782.50000 783.90000 784.60000 785.10000 786.30000 788.60000 791.40000 794.20000 796.90000 799.80000 802.20000 803.90000 805.80000 809.40000 812.90000 815.60000 817.00000 818.40000 822.20000 825.80000 828.40000 828.80000 824.30000 818.80000 815.20000 811.40000 807.30000 805.60000 805.40000 805.70000 806.30000 806.80000 806.60000 805.70000 804.50000 802.70000 800.80000 798.80000
784.90000 782.80000 779.00000 775.50000 773.10000 771.10000 769.70000 769.00000 768.40000 767.80000 767.50000 767.60000 768.20000 769.80000 772.60000 774.80000 776.40000 777.50000 778.20000 779.10000 780.30000 781.30000 782.00000 782.50000 783.70000 786.30000 789.00000 791.40000 793.50000 795.60000 797.50000 799.70000 802.40000 805.50000 807.70000 809.20000 813.30000 817.60000 821.10000 823.90000 825.90000 826.00000 822.80000 818.30000 814.90000 811.10000 807.10000 805.10000 804.30000 804.10000 804.40000 804.90000 804.60000 803.40000 801.90000 800.00000 798.10000 796.10000
778.10000 777.30000 774.60000 772.60000 771.40000 770.00000 768.90000 768.60000 768.20000 767.60000 767.40002 767.60000 768.10000 769.20000 771.80000 773.80000 775.20000 776.10000 776.70000 777.20000 777.70000 778.10000 778.70000 779.70000 781.50000 784.00000 786.40000 788.60000 790.50000 792.10000 793.60000 796.20000 799.20000 802.00000 804.00000 806.20000 811.40000 817.00000 820.10000 822.10000 823.60000 823.60000 821.60000 818.60000 815.60000 811.60000 807.60000 805.20000 804.10000 803.20000 802.80000 802.60000 802.00000 800.70000 799.00000 797.30000 795.40000 794.00000
771.40000 771.10000 770.40000 770.00000 769.70000 769.20000 768.50000 768.10000 767.80000 767.50000 767.40000 767.70000 768.20000 768.90000 771.10000 772.70000 773.70000 774.40000 774.80000 774.90000 775.00000 775.00000 775.50000 777.00000 779.40000 781.80000 784.10000 786.10000 787.90000 789.40000 791.00000 793.30000 795.80000 799.00000 802.50000 806.10000 810.50000 815.20000 818.30000 820.30000 821.50000 821.90000 821.20000 819.40000 817.00000 812.80000 808.10000 805.20000 804.00000 803.00000 802.10000 801.20000 799.90000 798.10000 796.10000 794.70000 793.50000 792.50000
769.10000 767.80000 767.80000 768.20000 768.50000 768.50000 768.20000 767.70000 767.30000 767.20000 767.30000 767.80000 768.30000 768.80000 770.60000 771.40000 771.90000 772.40000 772.60000 772.40000 772.20000 772.20000 773.10000 774.80000 777.10000 779.60000 781.90000 784.00000 785.60000 786.90000 788.50000 790.90000 793.60000 797.30000 801.60000 805.60000 809.30000 812.90000 816.00000 818.20000 819.60000 820.50000 820.60000 820.10000 818.40000 814.50000 809.30000 805.70000 804.30000 803.30000 802.40000 801.30000 799.60000 797.20000 794.50000 793.40000 792.70000 792.00000
770.60000 767.40000 766.50000 766.60000 767.20000 767.70000 767.80000 767.50000 766.90000 766.80000 767.20000 767.80000 768.30000 768.70000 770.10000 770.00000 770.00000 770.30000 770.40000 770.10000 769.90000 770.00000 771.10000 773.00000 775.10000 777.50000 779.90000 782.20000 783.70000 784.30000 784.60000 788.30000 792.70000 796.50000 800.40000 804.20000 807.50000 810.50000 813.40000 815.80000 817.60000 818.80000 819.70000 820.20000 819.50000 816.50000 812.00000 807.70000 805.30000 804.30000 803.50000 802.60000 801.00000 798.80000 796.20000 794.50000 793.50000 792.90000
771.70000 767.40000 765.90000 765.70000 766.00000 766.60000 767.10000 767.10000 766.70000 766.70000 767.10000 767.80000 768.40000 768.50000 769.50000 769.20000 769.10000 769.10000 769.20000 769.00000 768.90000 768.90000 769.70000 771.50000 773.50000 775.70000 777.90000 780.10000 781.50000 781.70000 781.70000 786.10000 791.80000 795.70000 799.00000 802.30000 805.40000 808.10000 810.70000 813.10000 815.20000 816.90000 818.50000 819.80000 820.10000 818.80000 815.70000 811.30000 807.50000 805.70000 805.00000 804.50000 803.70000 802.30000 800.20000 797.80000 795.80000 794.60000
771.60000 767.40000 765.90000 765.70000 765.60008 765.70000 766.20000 766.40000 766.40000 766.70000 767.30000 767.90000 768.40000 768.40000 769.10000 769.00000 768.90000 768.70000 768.70000 768.60000 768.60000 768.70000 769.10000 770.20000 772.10000 774.10000 776.00000 777.60000 778.50000 778.90000 780.60000 784.90000 790.20000 794.40000 797.40000 800.40000 803.20000 805.80000 808.20000 810.60000 812.80000 815.00000 817.20000 819.10000 820.30000 820.30000 818.70000 815.20000 811.10000 808.30000 807.30000 806.90000 806.40000 805.60000 804.20000 801.10000 798.20000 796.30000
772.90000 768.40000 766.40000 765.70000 765.60008 765.60006 765.60004 765.80000 766.10000 766.70000 767.40000 767.90000 768.30000 768.30000 768.80000 768.70000 768.60000 768.40000 768.40000 768.40000 768.50000 768.60000 768.90000 769.40000 770.70000 772.40000 773.90000 775.10000 775.70000 776.80000 780.10000 784.10000 788.60000 792.70000 795.90000 798.60000 801.20000 803.60000 805.90000 808.20000 810.60000 813.30000 816.00000 818.50000 820.10000 820.80000 820.20000 818.00000 814.50000 811.20000 809.00000 807.70000 806.90000 806.00000 804.80000 801.90000 798.90000 797.10000
776.80000 771.40000 767.90000 765.90000 765.60008 765.60006 765.60004 765.60002 765.80000 766.70000 767.30000 767.70000 768.00000 768.10000 768.40000 768.40000 768.20000 768.10000 768.20000 768.30000 768.30000 768.40000 768.70000 768.90000 769.60000 770.70000 771.70000 772.80000 774.20000 776.20000 779.40000 783.00000 786.80000 790.90000 794.30000 796.90000 799.40000 801.70000 803.80000 805.90000 808.40000 811.50000 814.70000 817.60000 819.70000 820.90000 820.80000 819.30000 816.50000 812.80000 809.00000 806.30000 804.70000 803.20000 801.80000 799.70000 797.50000 796.30000
780.50000 775.40000 770.50000 767.20000 766.90000 767.40000 766.70000 765.80000 765.60000 766.20000 766.80000 767.30000 767.70000 767.90000 768.10000 768.00000 767.90000 767.90000 768.10000 768.10000 768.10000 768.20000 768.50000 768.70000 769.00000 769.50000 769.90000 771.10000 773.60000 776.10000 778.60000 781.40000 784.80000 788.60000 792.30000 795.20000 797.60000 799.80000 801.90000 804.00000 806.50000 809.70000 813.20000 816.50000 819.10000 820.60000 821.00000 820.10000 817.70000 813.50000 808.50000 804.60000 801.50000 798.60000 797.00000 795.90000 794.90000 794.50000
781.80000 778.10000 773.50000 771.00000 772.00000 772.40000 769.20000 766.40000 765.30000 765.50000 766.10000 766.80000 767.20000 767.50000 767.70000 767.50000 767.60000 767.80000 767.80000 767.70000 767.80000 768.00000 768.30000 768.50000 768.70000 768.90000 769.30000 770.60000 773.40000 775.80000 777.70000 779.90000 782.50000 786.10000 790.00000 793.30000 796.00000 798.20000 800.20000 802.40000 804.90000 808.10000 811.70000 815.30000 818.40000 820.20000 821.00000 820.60000 818.50000 814.20000 808.60000 803.70000 798.80000 794.80000 793.30000 792.90000 792.60000 792.50000
781.70000 779.60000 776.70000 775.80000 776.90000 775.10000 769.60000 766.50000 764.90000 764.90000 765.60000 766.20000 766.70000 767.10000 767.20000 767.10000 767.30000 767.50000 767.50000 767.50000 767.60000 767.80000 768.00000 768.20000 768.50000 768.80000 769.50000 770.90000 773.00000 775.20000 777.00000 778.70000 780.60000 783.60000 787.40000 791.10000 794.20000 796.50000 798.60000 800.90000 803.50000 806.50000 810.00000 813.90000 817.30000 819.60000 820.90000 820.90000 819.30000 815.10000 809.00000 803.20000 797.30000 793.40000 792.20000 791.60000 791.20000 791.00000
780.50000 779.60000 778.00000 777.20000 775.60000 771.60000 768.20000 766.40000 764.90000 764.70002 765.30000 765.70000 766.20000 766.60000 766.60000 766.70000 766.90000 767.00000 767.20000 767.30000 767.40000 767.60000 767.80000 768.00000 768.30000 768.70000 769.40000 770.80000 772.50000 774.40000 776.10000 777.60000 779.20000 781.50000 784.80000 788.50000 791.90000 794.60000 796.80000 799.30000 802.00000 804.90000 808.30000 812.20000 815.80000 818.60000 820.40000 821.00000 820.00000 816.20000 809.80000 803.20000 796.60000 793.00000 791.90000 791.10000 790.40000 790.00000
778.50000 777.80000 776.90000 775.30000 771.80000 768.70000 767.70000 766.40000 765.10000 764.70000 765.00000 765.20000 765.60000 766.10000 766.10000 766.20000 766.40000 766.60000 766.90000 767.00000 767.10000 767.20000 767.50000 767.80000 768.30000 768.70000 769.20000 770.30000 771.80000 773.50000 775.10000 776.50000 778.00000 779.80000 782.30000 785.60000 789.10000 792.30000 794.90000 797.50000 800.50000 803.50000 806.70000 810.50000 814.10000 817.30000 819.50000 820.70000 820.40000 817.10000 810.60000 803.20000 795.80000 792.80000 791.80000 791.00000 790.30000 789.80000
774.50000 774.40000 773.50000 770.70000 768.50000 768.00000 767.30000 766.40000 765.40000 764.70000 764.60000 764.70000 765.00000 765.40000 765.50000 765.60000 765.80000 766.20000 766.50000 766.70000 766.80000 767.00000 767.40000 767.80000 768.20000 768.60000 769.00000 769.70000 770.90000 772.40000 773.80000 775.30000 776.90000 778.50000 780.30000 782.80000 786.10000 789.60000 792.80000 795.80000 798.90000 802.10000 805.30000 808.80000 812.40000 815.70000 818.30000 820.00000 820.30000 818.10000 811.60000 803.70000 795.80000 792.70000 791.90000 791.20000 790.60000 790.10000
769.00000 768.90000 768.70000 768.50000 768.00000 767.50000 766.90000 766.30000 765.50000 764.70000 764.30000 764.20000 764.40000 764.70000 764.80000 765.10000 765.40000 765.70000 766.10000 766.50000 766.70000 767.00000 767.30000 767.70000 768.10000 768.50000 768.80000 769.20000 770.00000 771.10000 772.60000 774.20000 775.80000 777.20000 778.70000 780.40000 783.10000 786.90000 790.70000 794.30000 797.60000 800.80000 803.90000 807.20000 810.60000 813.90000 816.80000 818.90000 820.00000 819.20000 814.10000 806.20000 798.30000 793.80000 792.30000 791.70000 791.30000 791.00000
768.20000 768.20000 768.10000 767.80000 767.40000 766.90000 766.40000 765.90000 765.30000 764.70000 764.10000 763.70000 763.80000 764.20000 764.50000 764.70000 765.10000 765.60000 766.00000 766.40000 766.60000 767.00000 767.30000 767.70000 768.00000 768.30000 768.70000 768.90000 769.10000 770.00000 771.50000 773.10000 774.50000 775.80000 777.20000 778.90000 781.00000 784.70000 789.00000 792.90000 796.30000 799.40000 802.50000 805.70000 808.80000 812.00000 814.90000 817.50000 819.20000 819.90000 817.80000 810.70000 803.20000 797.10000 793.90000 792.80000 792.50000 792.30000
767.60000 767.50000 767.40000 767.20000 766.80000 766.40000 766.00000 765.50000 765.00000 764.50000 763.90000 763.30000 763.40000 763.80000 764.20000 764.60000 765.00000 765.40000 765.80000 766.20000 766.60000 766.90000 767.20000 767.60000 767.90000 768.20000 768.40000 768.70000 768.90000 769.30000 770.60000 772.00000 773.30000 774.50000 775.90000 777.70000 779.90000 783.10000 787.40000 791.50000 795.10000 798.10000 801.20000 804.10000 807.10000 810.10000 813.00000 815.60000 817.80000 819.10000 819.10000 816.20000 810.50000 803.50000 798.70000 795.70000 795.10000 794.70000
767.00000 766.90000 766.80000 766.60000 766.30000 765.90000 765.50000 765.00000 764.60000 764.20000 763.60000 763.10036 763.30000 763.70000 764.10000 764.40000 764.80000 765.20000 765.50000 765.90000 766.40000 766.70000 767.00000 767.40000 767.60000 767.90000 768.20000 768.40000 768.70000 769.10000 769.80000 771.10000 772.30000 773.50000 774.90000 776.80000 779.10000 781.90000 785.80000 790.00000 793.80000 796.90000 799.80000 802.60000 805.50000 808.30000 811.10000 813.70000 816.00000 817.70000 818.70000 819.20000 816.50000 811.20000 805.90000 802.20000 800.80000 799.70000
766.50000 766.40000 766.30000 766.00000 765.80000 765.50000 765.10000 764.70000 764.40000 764.00000 763.50000 763.10034 763.30000 763.60000 764.00000 764.40000 764.70000 765.10000 765.50000 765.90000 766.20000 766.60000 766.90000 767.20000 767.50000 767.70000 768.00000 768.30000 768.60000 768.90000 769.30000 770.30000 771.50000 772.70000 774.10000 775.90000 778.10000 780.80000 784.30000 788.40000 792.30000 795.50000 798.40000 801.20000 803.90000 806.50000 809.20000 811.80000 814.10000 815.80000 817.20000 818.10000 818.60000 817.20000 812.40000 808.60000 806.80000 805.50000
765.80000 765.80000 765.70000 765.60000 765.50000 765.20000 764.80000 764.50000 764.10000 763.80000 763.40000 763.10032 763.30000 763.70000 764.00000 764.30000 764.70000 765.10000 765.50000 765.80000 766.10000 766.50000 766.80000 767.10000 767.30000 767.60000 767.80000 768.10000 768.40000 768.70000 769.00000 769.50000 770.60000 771.80000 773.30000 774.90000 777.10000 779.60000 782.90000 786.80000 790.70000 794.20000 797.10000 799.80000 802.40000 805.00000 807.60000 810.10000 812.20000 814.00000 815.30000 816.30000 817.10000 817.40000 816.40000 812.80000 810.40000 809.00000
765.10000 765.10000 765.30000 765.30000 765.20000 764.90000 764.50000 764.20000 763.80000 763.30000 763.10030 763.10030 763.40000 763.80000 764.00000 764.30000 764.60000 765.00000 765.30000 765.70000 766.00000 766.40000 766.70000 766.90000 767.20000 767.40000 767.70000 768.00000 768.30000 768.50000 768.80000 769.10000 769.70000 770.80000 772.10000 773.70000 775.80000 778.40000 781.40000 785.20000 789.10000 792.80000 795.80000 798.40000 801.00000 803.70000 806.20000 808.60000 810.50000 812.10000 813.40000 814.30000 815.00000 815.30000 815.00000 813.80000 812.30000 810.90000
764.50000 764.70000 765.00000 765.10000 765.00000 764.70000 764.40000 764.00000 763.50000 763.10028 763.10028 763.30000 763.60000 763.80000 764.10000 764.20000 764.60000 764.90000 765.20000 765.50000 765.80000 766.30000 766.60000 766.80000 767.10000 767.30000 767.60000 767.90000 768.10000 768.40000 768.60000 768.90000 769.00000 769.70000 770.90000 772.50000 774.50000 777.10000 780.10000 783.70000 787.50000 791.30000 794.50000 797.10000 799.60000 802.20000 804.90000 807.10000 809.00000 810.30000 811.50000 812.30000 812.90000 813.10000 813.30000 813.00000 812.30000 811.40000
764.30000 764.70000 764.90000 764.90000 764.80000 764.60000 764.30000 763.90000 763.40000 763.10026 763.30000 763.50000 763.70000 763.90000 764.20000 764.40000 764.50000 764.70000 765.10000 765.50000 765.80000 766.00000 766.40000 766.70000 767.00000 767.30000 767.50000 767.80000 768.00000 768.20000 768.40000 768.60000 768.80000 769.00000 769.50000 771.00000 773.40000 776.00000 779.10000 782.40000 786.10000 789.70000 793.00000 795.70000 798.10000 800.60000 803.20000 805.70000 807.50000 808.80000 809.50000 810.20000 810.70000 811.00000 811.20000 811.20000 811.10000 810.60000
