wepppy/watershed_abstraction/tests/data/flowpath_infinite_loop/dem/topaz/RELIEF.ARC
ncols   447
nrows   443
xllcorner  507961
yllcorner 5195383
cellsize   30.00
nodata_value     0.0
[rows 130 to 155 of 443, columns 290 to 347 of 447]
1109.80000 1102.00000 1093.30000 1084.40000 1076.00000 1066.80000 1058.20000 1050.70000 1047.30000 1044.90000 1041.10000 1038.90000 1040.30000 1041.20000 1042.00000 1043.20000 1044.20000 1044.00000 1042.40000 1038.80000 1033.30000 1027.10000 1021.00000 1014.10000 1005.90000 996.50000 986.10000 976.60000 972.30000 972.20000 976.60000 982.60000 987.90000 991.30000 994.80000 998.70000 999.00000 995.20000 987.80000 977.90000 964.80000 957.50000 961.20000 967.40000 969.50000 968.30000 970.50000 973.40000 973.80000 972.10000 968.30000 961.90000 954.60000 947.40000 946.20000 947.60000 948.10000 949.20000
1111.10000 1101.70000 1092.30000 1082.90000 1073.30000 1063.30000 1056.40000 1051.90000 1051.40000 1050.00000 1046.20000 1045.00000 1047.50000 1049.10000 1050.60000 1052.20000 1053.10000 1051.70000 1048.80000 1044.60000 1037.90000 1031.20000 1024.20000 1015.30000 1005.40000 994.30000 983.60000 976.10000 975.90000 980.40000 986.90000 991.20000 995.60000 1000.20000 1004.90000 1009.00000 1007.30000 999.70000 988.00000 974.50000 962.80000 963.50000 971.10000 976.50000 978.50000 977.30000 978.90000 982.00000 982.70000 980.00000 973.80000 966.00000 958.50000 953.20000 955.50000 956.90000 957.70000 957.10000
1109.80000 1099.80000 1090.10000 1080.20000 1069.90000 1061.70000 1058.40000 1057.00000 1056.60000 1055.00000 1052.50000 1052.90000 1055.70000 1057.70000 1059.60000 1061.10000 1060.60000 1057.40000 1053.40000 1049.00000 1042.40000 1034.70000 1026.00000 1014.30000 1001.30000 990.90000 985.80000 984.10000 984.20000 988.10000 996.30000 1001.60000 1005.10000 1010.50000 1016.10000 1017.90000 1010.70000 999.30000 985.30000 970.90000 964.60000 971.80000 980.70000 986.30000 988.20000 987.10000 987.70000 990.10000 989.90000 986.20000 978.20000 969.60000 962.60000 961.10000 964.90000 965.60000 966.30000 964.60000
1108.70000 1098.70000 1088.80000 1078.30000 1068.70000 1063.60000 1063.20000 1063.10000 1062.20000 1060.10000 1058.40000 1060.70000 1063.70000 1066.00000 1068.20000 1068.70000 1065.90000 1061.10000 1056.30000 1051.60000 1045.30000 1036.20000 1025.70000 1010.60000 999.30000 995.40000 995.80000 996.90000 995.20000 996.80000 1005.70000 1012.80000 1016.40000 1020.80000 1024.90000 1022.30000 1011.00000 996.70000 981.70000 970.90000 971.70000 981.20000 990.00000 995.70000 997.50000 996.90000 997.60000 998.10000 995.50000 990.00000 981.60000 973.10000 968.50000 971.00000 974.10000 973.60000 974.10000 973.20000
1109.80000 1099.60000 1089.10000 1077.50000 1070.60000 1068.60000 1069.00000 1069.00000 1068.00000 1066.10000 1065.20000 1068.10000 1071.10000 1073.50000 1075.40000 1074.20000 1069.30000 1063.30000 1057.70000 1052.20000 1045.20000 1035.10000 1023.70000 1009.10000 1004.90000 1007.10000 1008.30000 1007.80000 1005.30000 1006.20000 1015.10000 1023.40000 1026.90000 1028.70000 1028.60000 1021.90000 1009.70000 995.30000 980.40000 974.10000 979.80000 990.20000 999.40000 1004.80000 1006.90000 1006.10000 1006.20000 1005.00000 1000.20000 993.20000 984.60000 976.40000 975.30000 980.70000 983.10000 981.70000 981.50000 981.10000
1111.20000 1100.50000 1088.10000 1076.30000 1074.50000 1075.10000 1075.50000 1075.50000 1074.40000 1072.60000 1072.50000 1075.90000 1079.10000 1081.50000 1081.50000 1077.10000 1070.60000 1063.90000 1057.80000 1051.00000 1042.50000 1032.50000 1021.00000 1011.60000 1013.90000 1018.00000 1019.80000 1018.60000 1015.20000 1016.60000 1025.00000 1032.80000 1035.10000 1034.20000 1029.10000 1019.20000 1006.70000 993.60000 982.40000 980.10000 987.40000 998.40000 1007.80000 1013.60000 1016.10000 1015.20000 1014.30000 1011.40000 1004.90000 996.80000 988.10000 981.80000 983.70000 988.80000 990.70000 988.50000 987.80000 987.80000
1111.20000 1100.00000 1086.40000 1078.80000 1080.30000 1082.20000 1082.80000 1082.60000 1081.50000 1079.70000 1080.00000 1084.00000 1087.20000 1088.60000 1085.70000 1078.10000 1070.70000 1063.80000 1057.60000 1050.50000 1041.00000 1031.10000 1020.70000 1015.70000 1022.00000 1028.80000 1031.90000 1030.10000 1025.40000 1027.20000 1036.00000 1042.40000 1042.40000 1038.20000 1029.10000 1017.10000 1004.40000 993.40000 986.80000 988.50000 995.60000 1004.50000 1014.30000 1021.60000 1024.40000 1024.10000 1022.60000 1017.50000 1009.20000 1000.60000 992.20000 987.90000 992.40000 996.80000 997.70000 995.20000 994.00000 994.00000
1110.40000 1098.40000 1087.20000 1085.60000 1087.70000 1090.40000 1091.40000 1091.40000 1090.30000 1088.20000 1089.30000 1092.80000 1094.70000 1093.00000 1086.50000 1078.60000 1071.40000 1064.60000 1058.00000 1050.70000 1041.00000 1031.60000 1023.40000 1022.10000 1029.70000 1038.80000 1043.30000 1040.70000 1035.60000 1037.20000 1046.50000 1051.40000 1048.90000 1041.00000 1030.40000 1017.70000 1005.30000 997.30000 993.10000 997.50000 1004.20000 1010.10000 1019.40000 1027.70000 1031.30000 1031.20000 1028.90000 1022.60000 1013.30000 1004.30000 996.80000 994.40000 999.40000 1003.40000 1003.80000 1001.20000 1000.10000 1000.00000
1109.70000 1098.20000 1092.20000 1093.30000 1095.90000 1099.50000 1101.60000 1102.40000 1101.50000 1098.60000 1099.30000 1101.50000 1101.20000 1096.60000 1087.60000 1079.60000 1072.50000 1065.30000 1058.30000 1050.10000 1039.50000 1030.60000 1025.40000 1029.30000 1037.20000 1046.20000 1052.60000 1051.80000 1047.80000 1048.20000 1056.00000 1058.10000 1053.70000 1043.10000 1031.60000 1019.90000 1009.90000 1002.80000 999.20000 1005.40000 1012.80000 1017.80000 1024.10000 1031.70000 1036.70000 1036.90000 1033.70000 1027.60000 1018.30000 1008.60000 1001.50000 1001.30000 1005.80000 1008.70000 1009.10000 1006.50000 1006.40000 1006.70000
1110.50000 1103.20000 1103.30000 1103.40000 1106.30000 1110.70000 1112.90000 1113.40000 1112.80000 1110.50000 1109.60000 1108.90000 1105.70000 1098.60000 1088.70000 1079.50000 1071.80000 1064.40000 1057.10000 1048.60000 1037.40000 1030.70000 1029.00000 1035.80000 1044.70000 1052.40000 1059.50000 1063.10000 1061.80000 1061.10000 1065.90000 1064.50000 1056.80000 1044.60000 1032.40000 1023.60000 1017.20000 1009.50000 1004.70000 1012.00000 1020.60000 1026.40000 1030.00000 1035.00000 1040.80000 1042.90000 1039.30000 1032.50000 1023.50000 1013.70000 1006.90000 1007.10000 1012.00000 1014.30000 1014.50000 1012.50000 1013.20000 1013.40000
1114.20000 1113.60000 1115.50000 1114.90000 1118.10000 1122.60000 1123.80000 1123.80000 1123.20000 1121.70000 1118.30000 1113.00000 1106.20000 1096.00000 1086.40000 1077.00000 1069.20000 1062.00000 1054.40000 1045.60000 1035.90000 1033.30000 1035.40000 1041.90000 1051.30000 1060.50000 1067.80000 1073.80000 1075.20000 1074.90000 1076.10000 1070.00000 1059.40000 1047.00000 1035.50000 1029.80000 1025.20000 1017.90000 1011.80000 1018.40000 1027.10000 1032.70000 1036.60000 1039.40000 1044.70000 1049.00000 1046.10000 1038.70000 1029.00000 1019.40000 1014.00000 1014.40000 1018.90000 1020.40000 1019.70000 1018.70000 1020.10000 1020.30000
1123.20000 1126.40000 1128.70000 1128.80000 1130.90000 1134.40000 1136.00000 1134.60000 1130.80000 1126.40000 1120.30000 1110.30000 1100.30000 1090.60000 1081.80000 1073.50000 1066.30000 1059.60000 1052.40000 1044.80000 1037.30000 1035.90000 1042.00000 1050.10000 1058.30000 1068.10000 1076.60000 1082.70000 1085.80000 1086.20000 1085.20000 1075.60000 1063.10000 1050.20000 1040.50000 1037.40000 1032.70000 1025.70000 1018.80000 1023.70000 1031.90000 1038.00000 1042.70000 1046.10000 1049.80000 1053.90000 1053.40000 1047.00000 1037.20000 1027.30000 1021.20000 1020.90000 1026.10000 1027.80000 1027.10000 1027.30000 1028.50000 1027.70000
1138.30000 1139.30000 1140.50000 1141.00000 1142.80000 1145.70000 1146.30000 1139.80000 1132.70000 1125.30000 1117.00000 1107.10000 1097.40000 1087.60000 1079.30000 1072.30000 1065.70000 1059.80000 1053.80000 1047.00000 1039.50000 1039.40000 1047.70000 1059.30000 1067.70000 1074.80000 1083.40000 1090.70000 1094.10000 1094.00000 1090.00000 1079.60000 1066.50000 1053.80000 1048.00000 1045.80000 1040.10000 1033.00000 1025.30000 1027.10000 1035.60000 1042.30000 1047.90000 1052.10000 1055.10000 1059.20000 1060.60000 1056.10000 1048.10000 1038.40000 1031.00000 1028.40000 1033.80000 1036.40000 1036.30000 1036.70000 1037.50000 1035.80000
1150.90000 1151.70000 1151.90000 1151.90000 1152.00000 1150.70000 1147.00000 1137.90000 1130.00000 1123.20000 1115.60000 1107.30000 1097.80000 1087.40000 1078.50000 1071.60000 1065.60000 1060.00000 1053.90000 1048.30000 1045.90000 1046.10000 1052.50000 1065.50000 1075.80000 1083.70000 1090.90000 1098.20000 1102.00000 1100.50000 1093.40000 1081.80000 1068.70000 1058.30000 1055.40000 1053.80000 1047.80000 1040.40000 1030.30000 1030.70000 1038.80000 1045.90000 1052.30000 1057.40000 1061.20000 1065.30000 1067.90000 1065.10000 1058.20000 1049.60000 1043.60000 1038.00000 1041.90000 1045.90000 1046.80000 1046.90000 1047.10000 1044.80000
1160.80000 1161.30000 1161.10000 1160.30000 1157.50000 1151.30000 1144.00000 1135.10000 1128.20000 1121.40000 1114.10000 1105.60000 1095.20000 1084.20000 1075.80000 1069.60000 1063.80000 1059.10000 1054.30000 1052.10000 1053.60000 1051.80000 1056.30000 1070.20000 1082.00000 1091.30000 1099.20000 1105.70000 1109.10000 1105.70000 1096.60000 1084.40000 1070.90000 1062.80000 1063.00000 1061.30000 1054.70000 1046.50000 1037.00000 1034.80000 1040.90000 1048.90000 1056.50000 1063.00000 1068.70000 1073.40000 1075.60000 1073.40000 1067.20000 1059.10000 1055.60000 1050.10000 1050.20000 1055.30000 1057.30000 1056.90000 1056.20000 1053.70000
1170.10000 1170.00000 1168.20000 1164.00000 1158.40000 1150.80000 1142.70000 1134.60000 1127.80000 1121.30000 1114.00000 1105.60000 1095.30000 1084.50000 1075.40000 1069.50000 1063.00000 1059.80000 1058.20000 1060.50000 1061.50000 1059.10000 1061.10000 1072.50000 1085.10000 1095.50000 1105.30000 1112.20000 1113.80000 1109.70000 1099.50000 1087.20000 1075.00000 1068.90000 1068.60000 1066.30000 1060.10000 1051.20000 1040.10000 1036.40000 1042.80000 1051.60000 1060.70000 1068.90000 1076.10000 1081.20000 1083.10000 1082.20000 1077.70000 1069.30000 1066.80000 1064.30000 1061.10000 1064.50000 1067.40000 1066.70000 1064.60000 1061.20000
1179.10000 1177.10000 1172.60000 1164.80000 1157.20000 1150.10000 1142.30000 1134.40000 1127.40000 1120.90000 1114.30000 1107.00000 1098.90000 1089.60000 1079.90000 1071.50000 1065.00000 1063.60000 1063.50000 1064.70000 1066.30000 1065.60000 1065.60000 1073.80000 1085.90000 1097.50000 1108.90000 1116.20000 1118.40000 1113.80000 1103.60000 1091.80000 1079.80000 1075.10000 1075.30000 1071.80000 1064.30000 1054.30000 1043.30000 1039.30000 1044.90000 1053.60000 1063.90000 1073.40000 1082.10000 1088.40000 1091.20000 1091.50000 1087.90000 1081.10000 1078.80000 1078.10000 1075.00000 1075.40000 1077.90000 1077.00000 1073.90000 1068.90000
1186.80000 1181.80000 1173.50000 1165.50000 1157.90000 1150.10000 1142.30000 1134.80000 1128.50000 1122.70000 1116.00000 1108.60000 1099.20000 1089.90000 1081.00000 1075.70000 1073.80000 1070.10000 1069.90000 1072.00000 1073.30000 1073.50000 1072.80000 1078.30000 1088.90000 1099.60000 1110.80000 1118.90000 1123.30000 1119.60000 1110.50000 1098.50000 1086.20000 1083.30000 1082.70000 1076.90000 1067.80000 1056.90000 1048.50000 1045.10000 1048.40000 1055.80000 1066.40000 1076.50000 1086.30000 1094.10000 1099.20000 1101.30000 1099.30000 1093.90000 1091.80000 1092.20000 1090.30000 1087.60000 1088.10000 1086.50000 1081.70000 1076.30000
1191.70000 1183.20000 1176.10000 1169.20000 1162.00000 1153.20000 1144.40000 1136.30000 1129.30000 1123.00000 1115.80000 1107.80000 1099.50000 1091.50000 1090.20000 1091.20000 1084.70000 1075.00000 1075.20000 1078.40000 1080.30000 1080.80000 1080.40000 1084.50000 1094.00000 1104.40000 1114.40000 1122.30000 1126.20000 1123.00000 1115.00000 1102.80000 1092.00000 1091.40000 1089.60000 1081.10000 1070.50000 1061.80000 1055.80000 1048.80000 1051.10000 1059.20000 1068.30000 1078.10000 1088.50000 1099.10000 1107.80000 1111.20000 1111.00000 1107.80000 1105.20000 1103.70000 1101.20000 1098.90000 1097.80000 1094.00000 1088.30000 1082.80000
1193.80000 1184.60000 1177.80000 1171.20000 1163.70000 1154.80000 1145.30000 1135.90000 1129.50000 1123.10000 1117.10000 1109.80000 1103.30000 1102.40000 1103.00000 1101.30000 1096.40000 1085.40000 1081.50000 1085.00000 1087.90000 1089.40000 1088.60000 1088.50000 1097.00000 1108.20000 1118.70000 1127.40000 1132.00000 1127.70000 1118.70000 1108.10000 1102.40000 1101.10000 1094.10000 1082.80000 1073.50000 1069.60000 1064.20000 1052.60000 1052.70000 1061.70000 1071.10000 1079.40000 1090.20000 1103.50000 1113.80000 1119.60000 1122.00000 1119.60000 1116.80000 1114.40000 1112.00000 1108.60000 1104.90000 1099.10000 1092.80000 1086.00000
1196.10000 1186.80000 1179.50000 1172.70000 1164.40000 1155.00000 1145.90000 1139.20000 1133.70000 1127.60000 1120.40000 1112.50000 1112.50000 1113.90000 1113.00000 1110.70000 1105.70000 1095.00000 1088.50000 1094.00000 1097.40000 1098.70000 1098.40000 1096.80000 1101.80000 1111.60000 1123.30000 1133.30000 1137.80000 1133.20000 1123.10000 1116.00000 1112.90000 1105.70000 1095.80000 1085.30000 1079.80000 1077.50000 1070.50000 1059.10000 1060.50000 1066.60000 1073.60000 1081.30000 1091.40000 1104.70000 1115.90000 1124.20000 1127.60000 1127.10000 1125.30000 1123.20000 1119.80000 1114.90000 1109.60000 1101.90000 1094.90000 1087.90000
1199.30000 1189.90000 1181.30000 1173.90000 1165.00000 1157.10000 1151.50000 1145.50000 1138.70000 1130.80000 1123.70000 1124.00000 1125.10000 1124.90000 1122.20000 1118.20000 1112.60000 1102.90000 1098.40000 1102.90000 1105.60000 1105.70000 1104.20000 1103.90000 1110.30000 1119.00000 1128.60000 1139.40000 1145.50000 1139.40000 1128.80000 1123.10000 1117.80000 1109.20000 1096.40000 1088.90000 1089.00000 1085.30000 1076.00000 1065.90000 1070.30000 1077.70000 1080.30000 1084.90000 1093.40000 1104.70000 1116.80000 1126.80000 1132.60000 1132.80000 1129.90000 1125.80000 1122.20000 1116.40000 1110.40000 1103.60000 1097.40000 1092.60000
1200.90000 1191.40000 1182.60000 1176.20000 1171.40000 1166.80000 1161.10000 1152.80000 1143.30000 1135.30000 1134.50000 1135.70000 1135.50000 1133.80000 1129.70000 1124.00000 1117.00000 1110.00000 1107.10000 1111.20000 1113.30000 1112.50000 1110.10000 1110.20000 1119.40000 1129.10000 1137.40000 1146.20000 1149.90000 1145.30000 1137.50000 1131.30000 1122.90000 1110.80000 1100.00000 1098.60000 1098.10000 1091.40000 1082.40000 1075.60000 1080.40000 1088.80000 1091.10000 1092.60000 1099.40000 1108.00000 1117.80000 1128.50000 1135.40000 1135.80000 1128.90000 1121.90000 1118.50000 1114.90000 1111.10000 1105.30000 1100.30000 1095.70000
1202.10000 1193.90000 1187.90000 1184.40000 1180.60000 1175.50000 1169.20000 1159.90000 1148.40000 1143.30000 1145.40000 1146.20000 1144.90000 1141.20000 1136.20000 1129.90000 1123.10000 1114.60000 1111.90000 1117.20000 1120.30000 1119.90000 1118.40000 1120.40000 1129.90000 1139.60000 1147.10000 1153.20000 1155.90000 1150.50000 1144.20000 1137.50000 1126.50000 1114.20000 1109.20000 1107.00000 1106.60000 1098.40000 1090.60000 1085.00000 1089.10000 1098.20000 1102.80000 1105.50000 1110.10000 1116.20000 1122.60000 1130.60000 1135.80000 1132.60000 1125.00000 1116.70000 1110.60000 1108.80000 1107.20000 1102.30000 1097.60000 1093.50000
1207.00000 1201.70000 1197.40000 1193.10000 1187.80000 1181.90000 1175.60000 1166.90000 1154.90000 1153.60000 1155.40000 1154.80000 1152.40000 1148.10000 1142.20000 1136.30000 1129.10000 1121.30000 1119.80000 1124.80000 1128.70000 1128.80000 1127.40000 1129.40000 1139.20000 1149.20000 1155.20000 1159.70000 1161.40000 1157.80000 1151.40000 1141.80000 1128.90000 1122.20000 1115.60000 1113.90000 1113.90000 1107.10000 1101.40000 1094.30000 1097.40000 1107.60000 1115.10000 1118.60000 1121.10000 1126.10000 1131.80000 1132.90000 1131.30000 1126.60000 1119.40000 1111.90000 1104.20000 1099.70000 1098.50000 1095.50000 1092.30000 1088.90000
1212.20000 1208.70000 1204.40000 1199.60000 1194.30000 1187.30000 1180.00000 1171.10000 1160.80000 1163.30000 1165.00000 1163.20000 1160.00000 1154.40000 1147.20000 1141.50000 1134.10000 1126.00000 1125.90000 1133.50000 1138.20000 1139.20000 1137.60000 1138.40000 1147.40000 1157.80000 1162.80000 1166.30000 1167.50000 1163.80000 1156.00000 1144.60000 1134.40000 1130.40000 1123.70000 1123.10000 1121.90000 1116.10000 1113.70000 1107.10000 1109.60000 1117.50000 1125.60000 1130.70000 1135.00000 1138.80000 1137.80000 1130.50000 1123.90000 1119.40000 1113.30000 1106.10000 1098.10000 1090.60000 1086.20000 1085.30000 1084.50000 1082.00000
