wepppy/watershed_abstraction/tests/data/flowpath_infinite_loop/dem/topaz/RELIEF.ARC
ncols   447
nrows   443
xllcorner  507961
yllcorner 5195383
cellsize   30.00
nodata_value     0.0
[rows 26 to 51 of 443, columns 232 to 289 of 447]
1224.20000 1235.00000 1245.60000 1252.10000 1255.60000 1255.10000 1252.80000 1246.50000 1238.60000 1230.70000 1223.20000 1216.30000 1214.20000 1217.30000 1224.60000 1232.30000 1234.90000 1231.50000 1224.90000 1216.70000 1210.70000 1208.80000 1207.40000 1207.10000 1207.90000 1209.40000 1209.40000 1207.20000 1202.40000 1195.60000 1191.30000 1191.00000 1191.70000 1191.90000 1191.00000 1187.80000 1183.30000 1178.40000 1173.70000 1171.90000 1173.30000 1173.00000 1167.60000 1159.20000 1149.20000 1141.20000 1135.90000 1129.20000 1122.20000 1120.90000 1120.40000 1116.10000 1113.50000 1116.00000 1124.70000 1132.00000 1132.60000 1127.30000
1229.20000 1239.80000 1248.00000 1252.80000 1256.60000 1257.20000 1255.00000 1249.60000 1244.00000 1237.90000 1231.60000 1227.10000 1225.80000 1228.20000 1234.40000 1239.00000 1239.70000 1235.90000 1230.40000 1225.20000 1222.30000 1221.30000 1220.50000 1219.20000 1218.20000 1217.70000 1215.40000 1211.70000 1207.40000 1202.30000 1201.60000 1203.40000 1203.80000 1201.40000 1197.40000 1192.10000 1186.20000 1179.40000 1171.90000 1168.60000 1171.00000 1171.00000 1165.30000 1156.80000 1145.90000 1135.30000 1126.90000 1120.70000 1114.30000 1113.20000 1112.90000 1107.90000 1105.70000 1112.70000 1123.50000 1128.00000 1126.50000 1118.60000
1233.40000 1240.20000 1244.70000 1247.10000 1249.10000 1250.10000 1249.60000 1248.50000 1247.40000 1244.50000 1239.00000 1235.70000 1236.70000 1239.20000 1243.70000 1246.90000 1246.30000 1242.40000 1238.20000 1235.30000 1234.00000 1233.10000 1231.60000 1228.80000 1225.20000 1222.00000 1216.60000 1210.00000 1203.90000 1200.50000 1202.60000 1205.80000 1205.80000 1201.10000 1194.10000 1188.10000 1183.10000 1176.00000 1167.00000 1160.80000 1163.50000 1165.40000 1161.20000 1153.20000 1143.10000 1131.70000 1119.70000 1111.00000 1104.10000 1103.70000 1103.70000 1099.00000 1101.10000 1111.90000 1121.40000 1123.70000 1121.40000 1113.30000
1232.00000 1234.90000 1236.50000 1237.30000 1237.90000 1238.80000 1239.30000 1240.90000 1243.40000 1243.30000 1241.70000 1242.50000 1246.20000 1249.00000 1253.20000 1255.30000 1253.50000 1250.40000 1248.20000 1246.40000 1243.60000 1240.30000 1236.80000 1233.10000 1226.80000 1220.30000 1212.30000 1202.70000 1193.60000 1191.20000 1194.00000 1195.70000 1195.30000 1191.50000 1185.60000 1178.40000 1173.00000 1167.70000 1159.20000 1152.00000 1154.70000 1157.90000 1156.10000 1148.90000 1138.90000 1127.10000 1114.20000 1103.10000 1094.70000 1092.10000 1091.30000 1089.40000 1098.20000 1108.60000 1114.50000 1115.40000 1113.60000 1108.70000
1222.70000 1223.50000 1224.70000 1225.30000 1225.30000 1225.70000 1226.30000 1227.50000 1230.70000 1233.70000 1236.60000 1241.90000 1247.50000 1251.80000 1256.90000 1259.40000 1259.90000 1259.90000 1259.20000 1256.40000 1249.10000 1241.60000 1235.40000 1229.10000 1222.00000 1215.20000 1206.10000 1195.20000 1185.40000 1179.30000 1180.90000 1183.00000 1183.00000 1178.10000 1173.10000 1167.80000 1161.00000 1156.20000 1150.10000 1144.40000 1148.40000 1152.60000 1151.50000 1145.80000 1134.50000 1122.10000 1111.10000 1100.90000 1090.70000 1083.50000 1080.90000 1082.20000 1092.30000 1100.80000 1103.70000 1103.00000 1103.20000 1102.30000
1210.70000 1208.80000 1210.30000 1211.30000 1211.80000 1212.00000 1212.60000 1214.70000 1218.10000 1222.20000 1227.50000 1234.80000 1243.30000 1248.40000 1252.90000 1256.90000 1261.50000 1267.00000 1266.20000 1258.70000 1246.70000 1236.40000 1228.10000 1219.00000 1213.40000 1207.20000 1197.80000 1188.30000 1178.70000 1168.60000 1167.60000 1170.40000 1170.60000 1163.70000 1159.00000 1157.20000 1150.60000 1144.60000 1141.20000 1138.00000 1143.90000 1148.80000 1147.70000 1141.80000 1130.70000 1119.50000 1111.30000 1102.80000 1092.50000 1080.50000 1073.80000 1076.90000 1084.50000 1090.60000 1092.60000 1091.70000 1092.20000 1094.20000
1200.60000 1194.90000 1195.30000 1196.50000 1197.40000 1197.90000 1199.00000 1201.80000 1205.40000 1209.90000 1215.80000 1223.30000 1232.30000 1240.30000 1245.30000 1250.70000 1256.80000 1265.00000 1264.40000 1255.80000 1243.50000 1231.70000 1220.30000 1208.50000 1203.20000 1195.90000 1187.30000 1179.50000 1170.50000 1160.10000 1154.90000 1158.20000 1159.50000 1153.90000 1147.90000 1145.90000 1141.60000 1136.20000 1132.70000 1130.30000 1137.80000 1144.00000 1142.30000 1135.20000 1124.60000 1114.00000 1105.80000 1100.40000 1092.50000 1080.90000 1072.00000 1071.30000 1076.40000 1079.70000 1080.20000 1079.70000 1080.60000 1084.50000
1192.30000 1182.90000 1180.60000 1180.60000 1182.30000 1184.00000 1185.70000 1188.90000 1192.50000 1197.50000 1204.90000 1213.10000 1222.00000 1230.20000 1236.80000 1244.40000 1251.30000 1255.70000 1255.40000 1251.30000 1243.60000 1232.60000 1218.90000 1205.40000 1194.30000 1185.00000 1176.20000 1168.50000 1160.30000 1150.70000 1144.30000 1147.10000 1149.00000 1145.90000 1140.20000 1136.90000 1133.30000 1126.20000 1121.70000 1122.50000 1132.50000 1137.70000 1135.50000 1127.60000 1117.20000 1107.60000 1098.50000 1093.60000 1087.70000 1078.30000 1068.70000 1063.10000 1066.40000 1068.30000 1067.80000 1068.00000 1071.00000 1076.00000
1184.50000 1171.30000 1166.70000 1166.20000 1167.80000 1171.10000 1174.30000 1177.60000 1181.10000 1187.70000 1196.40000 1204.20000 1211.50000 1219.20000 1227.50000 1236.80000 1244.30000 1246.80000 1245.00000 1242.90000 1239.20000 1232.30000 1221.70000 1208.80000 1195.80000 1183.40000 1170.30000 1159.30000 1151.00000 1142.70000 1135.50000 1135.50000 1138.00000 1137.00000 1132.70000 1127.80000 1123.40000 1115.10000 1111.90000 1118.60000 1128.30000 1132.20000 1129.30000 1122.20000 1114.20000 1104.90000 1095.90000 1088.00000 1081.40000 1073.70000 1065.80000 1057.90000 1054.70000 1056.30000 1056.90000 1058.50000 1063.20000 1068.90000
1175.90000 1163.20000 1156.10000 1155.20000 1156.00000 1159.70000 1163.70000 1166.60000 1170.80000 1178.60000 1185.60000 1192.40000 1200.60000 1210.10000 1220.50000 1229.60000 1235.50000 1237.60000 1235.00000 1231.40000 1230.30000 1227.10000 1220.40000 1210.70000 1198.50000 1186.40000 1173.80000 1161.50000 1149.60000 1138.80000 1130.20000 1124.30000 1125.70000 1126.00000 1123.10000 1117.00000 1111.80000 1105.60000 1106.00000 1115.00000 1123.30000 1125.60000 1122.90000 1118.30000 1113.60000 1106.50000 1098.20000 1090.10000 1081.50000 1073.10000 1065.20000 1057.30000 1049.70000 1047.90000 1048.20000 1050.50000 1056.20000 1062.10000
1168.00000 1157.70000 1146.70000 1144.60000 1146.10000 1150.30000 1153.70000 1157.10000 1163.70000 1171.40000 1177.50000 1185.60000 1196.70000 1208.10000 1217.40000 1223.90000 1227.40000 1228.50000 1226.70000 1222.40000 1219.20000 1218.30000 1214.20000 1208.20000 1200.10000 1190.10000 1178.10000 1167.60000 1157.50000 1144.90000 1133.90000 1122.20000 1114.30000 1111.00000 1109.20000 1103.60000 1096.90000 1095.40000 1101.50000 1110.20000 1116.80000 1118.90000 1115.60000 1112.30000 1110.30000 1106.10000 1101.00000 1095.40000 1087.90000 1079.20000 1071.20000 1063.80000 1056.30000 1050.00000 1045.80000 1043.70000 1048.50000 1056.10000
1159.60000 1150.20000 1138.10000 1134.20000 1137.00000 1141.30000 1144.00000 1149.20000 1156.00000 1163.90000 1172.50000 1184.70000 1197.60000 1208.50000 1214.10000 1217.90000 1219.60000 1220.30000 1219.30000 1214.40000 1208.30000 1206.00000 1204.30000 1201.70000 1199.30000 1194.00000 1183.30000 1172.90000 1163.50000 1151.20000 1138.10000 1122.20000 1111.10000 1101.40000 1097.10000 1090.70000 1085.00000 1087.20000 1097.10000 1104.20000 1108.40000 1109.40000 1106.70000 1103.50000 1104.00000 1102.70000 1100.00000 1097.00000 1090.50000 1083.70000 1077.20000 1072.50000 1067.10000 1060.80000 1052.00000 1041.20000 1039.90000 1048.20000
1147.30000 1139.80000 1130.60000 1126.60000 1129.30000 1132.20000 1135.50000 1141.50000 1151.60000 1162.60000 1172.30000 1184.50000 1197.20000 1205.80000 1208.90000 1209.80000 1211.50000 1212.80000 1211.80000 1207.00000 1198.50000 1193.40000 1192.40000 1192.80000 1193.70000 1191.60000 1184.70000 1175.90000 1166.10000 1154.00000 1138.80000 1122.20000 1111.30000 1105.60000 1100.70000 1093.00000 1083.40000 1079.90000 1089.00000 1095.90000 1098.90000 1099.90000 1096.80000 1091.90000 1095.90000 1097.70000 1094.40000 1090.90000 1088.50000 1088.10000 1085.80000 1080.50000 1073.70000 1067.90000 1060.40000 1048.60000 1037.00000 1039.30000
1135.40000 1129.90000 1121.90000 1117.50000 1119.80000 1122.80000 1130.00000 1141.70000 1154.20000 1163.40000 1171.20000 1180.30000 1189.70000 1196.90000 1199.10000 1199.50000 1202.40000 1205.00000 1204.40000 1200.30000 1192.80000 1183.70000 1181.60000 1184.50000 1186.30000 1186.90000 1184.80000 1177.10000 1166.80000 1153.60000 1138.10000 1127.90000 1121.60000 1116.50000 1110.40000 1101.80000 1091.00000 1077.40000 1076.00000 1081.60000 1084.60000 1084.60000 1081.30000 1079.00000 1083.30000 1085.60000 1085.00000 1082.90000 1082.60000 1086.70000 1087.60000 1084.30000 1077.50000 1071.90000 1064.60000 1054.20000 1040.70000 1029.90000
1123.80000 1118.00000 1109.60000 1106.50000 1111.70000 1120.30000 1129.10000 1139.70000 1151.20000 1160.60000 1167.00000 1171.80000 1177.30000 1182.90000 1185.80000 1188.20000 1191.70000 1193.60000 1194.00000 1190.60000 1184.10000 1175.30000 1169.40000 1172.40000 1176.20000 1178.80000 1178.70000 1174.10000 1167.00000 1158.00000 1146.60000 1137.00000 1129.90000 1123.80000 1116.10000 1107.10000 1096.20000 1082.30000 1072.20000 1066.00000 1068.40000 1069.90000 1069.40000 1070.10000 1073.90000 1075.70000 1075.50000 1074.70000 1072.90000 1076.60000 1080.20000 1078.40000 1072.50000 1068.30000 1063.60000 1055.80000 1044.30000 1029.70000
1111.90000 1104.60000 1099.20000 1100.00000 1110.20000 1120.50000 1130.70000 1139.60000 1148.60000 1158.90000 1162.60000 1162.80000 1164.30000 1167.20000 1169.20000 1174.30000 1182.10000 1184.90000 1183.60000 1180.40000 1176.70000 1170.10000 1160.80000 1159.10000 1163.50000 1167.30000 1169.30000 1169.60000 1167.00000 1162.00000 1153.80000 1143.80000 1135.10000 1126.90000 1118.40000 1108.30000 1097.10000 1084.40000 1074.70000 1065.20000 1059.90000 1059.00000 1059.50000 1062.70000 1066.20000 1067.20000 1067.30000 1066.30000 1065.00000 1068.10000 1070.60000 1069.40000 1062.60000 1058.30000 1057.20000 1052.50000 1044.40000 1031.70000
1105.40000 1096.50000 1095.70000 1102.50000 1114.40000 1125.70000 1134.90000 1141.00000 1147.00000 1154.60000 1156.00000 1153.00000 1151.70000 1155.20000 1157.50000 1162.90000 1172.70000 1176.80000 1175.90000 1172.50000 1170.20000 1165.90000 1159.10000 1151.50000 1153.20000 1157.10000 1162.70000 1170.30000 1169.40000 1162.60000 1153.20000 1142.70000 1134.10000 1124.50000 1113.80000 1103.50000 1092.10000 1082.00000 1074.80000 1066.60000 1058.50000 1051.00000 1049.30000 1051.90000 1057.60000 1058.70000 1059.30000 1057.90000 1056.20000 1060.20000 1062.10000 1058.40000 1049.90000 1047.90000 1048.70000 1046.90000 1042.10000 1032.80000
1098.30000 1090.80000 1093.90000 1102.90000 1117.00000 1129.60000 1137.20000 1139.60000 1143.10000 1147.10000 1147.30000 1142.00000 1140.10000 1145.80000 1149.80000 1157.10000 1165.20000 1169.60000 1169.00000 1163.40000 1159.10000 1158.70000 1155.20000 1147.90000 1146.70000 1151.70000 1158.60000 1164.20000 1164.50000 1159.50000 1151.30000 1141.70000 1132.90000 1123.10000 1112.10000 1100.90000 1087.50000 1078.10000 1071.40000 1065.00000 1057.70000 1050.00000 1044.00000 1042.80000 1045.70000 1047.00000 1047.50000 1046.50000 1045.20000 1050.10000 1051.30000 1046.80000 1039.30000 1036.00000 1038.30000 1039.60000 1037.50000 1030.30000
1088.70000 1089.10000 1095.90000 1106.10000 1119.30000 1131.40000 1136.30000 1135.60000 1137.50000 1139.70000 1138.40000 1133.30000 1133.10000 1139.30000 1146.30000 1152.80000 1158.60000 1162.20000 1161.70000 1154.20000 1147.30000 1148.40000 1147.60000 1141.40000 1142.20000 1149.10000 1154.10000 1156.90000 1156.70000 1153.30000 1147.80000 1140.10000 1132.20000 1123.10000 1112.50000 1101.80000 1088.30000 1075.90000 1066.90000 1061.50000 1055.60000 1049.00000 1043.20000 1037.70000 1036.00000 1035.30000 1035.00000 1034.20000 1034.10000 1037.90000 1039.50000 1036.10000 1029.60000 1024.80000 1026.50000 1029.00000 1028.70000 1023.10000
1083.80000 1090.60000 1101.20000 1112.90000 1123.20000 1130.30000 1131.80000 1128.50000 1129.70000 1130.80000 1127.70000 1124.00000 1129.10000 1136.80000 1141.90000 1147.00000 1152.00000 1156.20000 1154.60000 1146.80000 1138.90000 1138.20000 1138.00000 1134.70000 1137.90000 1145.70000 1150.00000 1151.00000 1149.00000 1145.10000 1140.90000 1134.70000 1127.70000 1118.40000 1108.30000 1099.00000 1086.40000 1075.50000 1067.40000 1063.20000 1059.60000 1054.80000 1050.00000 1041.50000 1035.10000 1028.80000 1027.00000 1025.50000 1024.50000 1025.90000 1025.00000 1020.70000 1015.10000 1010.60000 1010.30000 1012.80000 1015.00000 1011.00000
1082.00000 1092.50000 1103.90000 1115.00000 1123.70000 1127.70000 1126.90000 1121.80000 1120.50000 1120.10000 1115.50000 1115.70000 1124.20000 1130.90000 1135.80000 1142.90000 1148.70000 1152.00000 1150.00000 1142.00000 1133.60000 1129.50000 1127.70000 1125.80000 1131.80000 1139.80000 1144.10000 1144.90000 1141.30000 1135.50000 1130.10000 1124.90000 1121.20000 1114.90000 1107.50000 1100.70000 1093.30000 1084.10000 1077.00000 1072.80000 1067.50000 1060.90000 1053.00000 1045.20000 1038.80000 1029.50000 1023.70000 1021.80000 1018.40000 1013.70000 1011.60000 1010.20000 1008.30000 1005.20000 1002.00000 1000.60000 1000.00000 998.80000
1080.50000 1091.50000 1103.20000 1114.30000 1123.00000 1126.00000 1123.00000 1114.80000 1109.80000 1107.40000 1104.80000 1109.20000 1118.20000 1127.80000 1136.40000 1143.70000 1148.90000 1150.60000 1149.20000 1141.30000 1132.40000 1126.40000 1119.80000 1115.50000 1121.40000 1129.70000 1134.60000 1135.40000 1132.00000 1125.90000 1119.00000 1115.00000 1114.70000 1113.10000 1108.60000 1103.40000 1099.80000 1092.10000 1082.30000 1075.60000 1068.40000 1059.20000 1049.50000 1040.70000 1033.40000 1026.30000 1024.60000 1024.30000 1024.90000 1023.90000 1022.10000 1018.50000 1013.30000 1009.80000 1008.80000 1006.70000 1002.50000 997.70000
1081.10000 1093.60000 1104.40000 1114.00000 1121.40000 1122.40000 1117.60000 1108.60000 1100.20000 1097.80000 1099.60000 1109.60000 1120.90000 1130.20000 1138.50000 1145.20000 1148.90000 1149.70000 1149.20000 1143.80000 1135.60000 1128.70000 1119.60000 1110.00000 1110.00000 1114.80000 1119.90000 1121.70000 1120.20000 1116.00000 1110.20000 1106.70000 1107.70000 1108.40000 1105.30000 1101.30000 1098.00000 1089.20000 1078.10000 1069.60000 1061.00000 1051.60000 1041.90000 1036.10000 1033.80000 1032.30000 1032.10000 1034.20000 1037.00000 1037.80000 1036.20000 1031.70000 1024.00000 1019.30000 1020.70000 1019.60000 1013.50000 1004.20000
1082.50000 1095.00000 1103.80000 1110.50000 1114.50000 1113.90000 1109.70000 1102.30000 1091.60000 1092.00000 1102.00000 1113.40000 1123.20000 1131.20000 1137.90000 1143.70000 1146.70000 1147.60000 1147.70000 1144.40000 1138.40000 1131.60000 1122.20000 1111.20000 1104.50000 1102.40000 1105.10000 1106.80000 1106.90000 1104.70000 1100.90000 1097.70000 1099.60000 1101.20000 1099.50000 1093.50000 1086.70000 1078.20000 1069.50000 1061.20000 1052.50000 1043.10000 1037.80000 1039.70000 1042.60000 1043.40000 1043.90000 1048.70000 1052.30000 1051.30000 1046.60000 1040.20000 1031.00000 1028.10000 1031.20000 1030.50000 1024.70000 1014.40000
1081.90000 1091.50000 1098.10000 1103.40000 1105.80000 1103.60000 1098.30000 1091.60000 1085.90000 1091.00000 1102.70000 1113.20000 1121.90000 1130.50000 1137.00000 1141.30000 1143.50000 1144.70000 1145.10000 1142.70000 1138.40000 1132.30000 1123.50000 1113.30000 1105.30000 1098.50000 1094.70000 1092.20000 1092.50000 1092.00000 1090.10000 1087.10000 1088.10000 1089.70000 1087.80000 1082.30000 1074.20000 1067.10000 1060.30000 1052.60000 1046.70000 1043.50000 1047.20000 1052.50000 1055.90000 1056.60000 1056.40000 1061.50000 1064.70000 1061.70000 1053.70000 1044.20000 1036.60000 1039.00000 1042.80000 1040.30000 1033.70000 1026.20000
1078.70000 1084.90000 1088.50000 1093.60000 1096.10000 1092.30000 1084.90000 1081.00000 1083.50000 1090.60000 1100.80000 1111.50000 1122.50000 1131.70000 1136.90000 1138.90000 1139.40000 1141.20000 1142.60000 1140.80000 1136.80000 1131.50000 1123.90000 1117.20000 1111.00000 1103.00000 1095.10000 1088.10000 1084.80000 1081.50000 1077.50000 1074.40000 1073.80000 1076.20000 1075.30000 1070.10000 1062.30000 1054.70000 1050.20000 1047.40000 1047.50000 1051.30000 1059.40000 1065.00000 1068.30000 1068.80000 1067.90000 1071.70000 1074.40000 1070.00000 1058.70000 1047.80000 1046.30000 1051.70000 1053.80000 1048.60000 1043.70000 1039.20000
