wepppy/watershed_abstraction/tests/data/flowpath_infinite_loop/dem/topaz/RELIEF.ARC
ncols   447
nrows   443
xllcorner  507961
yllcorner 5195383
cellsize   30.00
nodata_value     0.0
[rows 234 to 259 of 443, columns 58 to 115 of 447]
791.80000 792.00000 792.30000 792.60000 793.20000 793.80000 795.20000 797.10000 799.70000 802.60000 805.10000 807.70000 810.60000 813.80000 816.80000 819.60000 822.30000 825.40000 828.40000 831.10000 833.50000 836.60000 840.40000 843.40000 845.80000 848.50000 851.40000 854.20000 856.80000 859.60000 862.60000 864.70000 864.90000 863.90000 863.50000 864.20000 865.00000 866.50000 867.80000 867.60000 866.00000 862.40000 858.20000 855.20000 853.00000 850.20000 846.60000 843.40000 840.60000 837.50000 834.10000 831.10000 829.60000 828.00000 825.70000 823.30000 821.00000 819.00000
791.20000 791.30000 791.70000 792.00000 792.50000 793.10000 794.20000 796.20000 799.00000 802.00000 804.80000 807.60000 810.50000 813.70000 816.90000 819.50000 822.00000 824.70000 827.50000 829.90000 832.10000 835.20000 839.20000 842.70000 845.70000 849.00000 852.30000 855.10000 857.20000 859.30000 861.10000 861.70000 860.80000 859.20000 858.80000 859.30000 861.30000 865.20000 868.10000 868.60000 867.90000 865.60000 861.70000 858.00000 854.80000 851.70000 848.10000 844.60000 841.30000 837.40000 833.40000 830.30000 828.50000 827.20000 825.40000 823.10000 820.30000 818.20000
790.50000 790.70000 791.10000 791.40000 792.00000 792.60000 793.40000 795.30000 798.20000 801.40000 804.40000 807.30000 810.20000 813.50000 816.70000 819.30000 821.40000 823.40000 825.60000 827.70000 829.60000 832.90000 837.90000 842.10000 845.40000 848.80000 852.50000 855.30000 856.90000 858.50000 859.30000 858.80000 856.60000 854.50000 854.20000 854.30000 856.80000 863.30000 867.90000 869.00000 868.80000 867.80000 864.80000 860.70000 856.90000 853.60000 849.40000 845.20000 841.50000 837.20000 832.90000 830.00000 828.50000 827.10000 825.70000 823.70000 821.20000 819.10000
790.00000 790.00000 790.50000 790.90000 791.50000 792.10000 793.00000 794.40000 797.20000 800.60000 803.80000 806.80000 809.80000 812.90000 816.10000 818.60000 820.10000 821.20000 822.70000 825.50000 828.10000 831.40000 836.50000 841.10000 844.30000 847.50000 851.10000 854.10000 856.00000 857.30000 857.80000 856.40000 853.90000 852.50000 852.10000 852.80000 856.00000 862.00000 866.80000 868.20000 867.70000 867.10000 865.60000 862.20000 858.40000 855.20000 850.70000 845.00000 840.80000 837.00000 832.60000 830.20000 829.40000 828.20000 826.90000 825.70000 824.10000 822.40000
789.80000 789.70000 789.90000 790.10000 790.70000 791.60000 792.50000 793.80000 796.50000 799.80000 803.30000 806.30000 809.00000 811.70000 814.40000 816.50000 817.60000 817.70000 819.40000 823.80000 827.70000 831.40000 835.30000 839.00000 841.90000 844.70000 848.10000 851.60000 854.60000 856.30000 856.60000 855.30000 852.30000 850.20000 850.10000 851.90000 855.80000 860.80000 864.60000 865.60000 865.20000 864.50000 863.50000 861.50000 858.90000 856.00000 851.50000 844.70000 840.70000 838.20000 835.30000 833.20000 831.50000 829.40000 828.80000 828.90000 827.90000 826.30000
789.50000 789.30000 789.30000 789.30000 790.10000 791.00000 792.00000 793.20000 795.50000 799.00000 802.50000 805.80000 808.30000 810.10000 811.70000 813.70000 815.50000 816.80000 819.40000 823.20000 827.40000 831.00000 834.00000 836.70000 839.20000 841.50000 844.40000 848.30000 852.60000 855.00000 855.20000 853.20000 849.30000 846.50000 847.00000 850.50000 855.00000 858.90000 861.40000 862.30000 861.80000 860.90000 860.00000 859.30000 858.10000 856.70000 853.80000 848.20000 843.20000 840.80000 838.60000 836.00000 832.60000 830.40000 831.70000 832.40000 831.60000 830.10000
789.10000 788.90000 788.90000 789.10000 789.80000 790.80000 791.70000 792.80000 794.70000 797.90000 801.50000 804.90000 807.20000 807.50000 807.50000 811.00000 815.00000 817.80000 820.40000 823.30000 826.60000 829.70000 832.10000 834.20000 836.50000 838.80000 841.00000 844.50000 849.00000 851.70000 851.90000 849.90000 846.00000 842.90000 844.70000 849.70000 854.30000 857.40000 858.80000 859.00000 858.20000 856.90000 855.80000 855.90000 856.20000 856.30000 855.90000 853.20000 848.40000 844.70000 842.30000 839.60000 836.20000 834.70000 835.60000 835.90000 835.00000 833.40000
789.00000 788.60000 788.80000 789.20000 789.80000 790.60000 791.50000 792.50000 794.00000 796.70000 799.90000 803.20000 805.10000 805.30000 806.60000 810.40000 815.10000 818.50000 820.70000 822.70000 825.00000 827.40000 829.40000 831.20000 833.40000 836.40000 839.50000 842.80000 845.90000 847.70000 848.00000 846.70000 843.60000 841.90000 843.90000 848.80000 853.50000 856.00000 856.50000 856.10000 855.20000 853.60000 852.40000 852.50000 853.30000 854.20000 854.80000 854.00000 850.60000 846.80000 844.00000 841.70000 839.70000 840.00000 840.60000 840.30000 839.20000 837.00000
789.00000 788.50000 788.70000 789.10000 789.70000 790.40000 791.20000 792.20000 793.30000 795.50000 798.20000 801.00000 803.40000 805.40000 807.70000 810.80000 814.90000 818.20000 820.10000 821.50000 822.60000 824.40000 826.60000 828.60000 831.10000 834.80000 838.30000 841.20000 843.40000 844.70000 845.20000 844.30000 842.00000 841.20000 843.20000 847.60000 851.80000 853.80000 853.70000 852.80000 851.50000 849.60000 847.70000 847.40000 848.80000 850.20000 851.20000 851.80000 850.30000 847.10000 843.80000 841.70000 842.00000 843.10000 843.60000 843.50000 842.90000 841.00000
789.20000 788.40000 788.50000 788.90000 789.50000 790.10000 790.90000 791.80000 792.80000 794.10000 796.30000 799.60000 803.20000 806.20000 808.40000 811.00000 814.30000 817.30000 819.00000 819.40000 819.50000 820.50000 824.10000 827.80000 830.90000 834.00000 836.80000 839.20000 841.00000 842.20000 843.10000 842.40000 840.70000 840.50000 842.40000 845.90000 848.30000 849.40000 849.50000 848.90000 847.50000 845.20000 842.90000 842.60000 844.50000 846.10000 846.90000 847.60000 847.80000 846.30000 843.70000 842.60000 843.20000 843.80000 844.10000 844.10000 843.90000 841.80000
789.40000 788.20000 788.20000 788.70000 789.20000 789.80000 790.60000 791.40000 792.20000 793.10000 795.00000 798.80000 803.00000 806.20000 808.30000 810.40000 812.90000 815.30000 816.60000 816.90000 817.10000 818.60000 822.70000 827.30000 830.70000 833.10000 835.20000 837.00000 838.60000 839.70000 840.20000 839.70000 838.80000 839.40000 841.50000 844.00000 845.20000 845.30000 845.20000 844.80000 843.70000 842.10000 840.80000 840.90000 841.90000 842.60000 842.90000 843.10000 843.50000 844.70000 844.70000 844.40000 844.20000 843.90000 843.80000 843.50000 842.10000 838.10000
789.60000 788.20000 787.90000 788.40000 789.00000 789.60000 790.30000 791.00000 791.80000 792.70000 794.50000 798.00000 802.20000 805.70000 807.90000 809.50000 811.00000 812.50000 813.90000 815.20000 816.40000 818.80000 822.40000 826.40000 829.70000 831.70000 833.40000 834.90000 835.90000 836.50000 836.30000 835.50000 835.50000 837.10000 839.60000 841.70000 842.20000 841.70000 841.50000 841.10000 840.20000 839.50000 839.30000 839.70000 840.40000 841.00000 841.50000 842.00000 842.70000 844.20000 844.90000 844.70000 844.20000 843.50000 842.80000 841.30000 838.40000 833.90000
789.80000 788.30000 787.80000 788.20000 788.80000 789.40000 790.00000 790.70000 791.50000 792.50000 794.00000 797.10000 801.00000 804.60000 806.90000 808.10000 808.60000 809.10000 811.30000 814.10000 816.60000 819.30000 822.20000 825.30000 827.90000 829.90000 831.50000 832.90000 833.70000 833.70000 833.00000 831.50000 831.90000 834.40000 836.50000 837.90000 838.40000 838.10000 837.70000 837.20000 836.90000 837.20000 838.10000 839.00000 839.80000 840.60000 841.40000 842.20000 842.90000 844.10000 844.40000 843.90000 843.30000 842.50000 841.00000 838.40000 834.90000 830.80000
789.90000 788.50000 787.70006 788.10000 788.70000 789.20000 789.80000 790.50000 791.20000 792.20000 793.40000 795.90000 799.20000 802.50000 805.10000 806.30000 806.20000 806.50000 809.60000 813.30000 816.50000 819.20000 821.60000 823.90000 826.00000 827.90000 829.50000 830.90000 831.70000 831.40000 830.10000 829.00000 830.20000 832.40000 833.60000 834.20000 834.40000 834.30000 834.10000 833.80000 834.60000 836.10000 838.20000 839.70000 840.60000 841.10000 841.70000 842.30000 843.10000 843.90000 843.90000 842.90000 841.60000 840.20000 838.20000 835.60000 832.20000 829.00000
789.90000 788.60000 787.70004 787.90000 788.50000 789.10000 789.60000 790.20000 790.90000 791.80000 792.80000 794.30000 796.70000 799.90000 802.60000 804.10000 804.80000 806.30000 809.20000 812.60000 815.90000 818.30000 820.30000 822.10000 823.90000 825.60000 827.20000 828.50000 829.20000 828.70000 827.40000 827.30000 828.80000 830.40000 830.90000 830.90000 830.90000 830.80000 830.80000 832.00000 834.40000 837.00000 839.60000 841.30000 841.90000 842.10000 842.40000 842.90000 844.00000 844.50000 843.90000 842.60000 840.60000 838.10000 834.70000 832.30000 830.60000 827.80000
789.90000 788.80000 787.70002 787.80000 788.40000 788.90000 789.40000 789.90000 790.60000 791.30000 792.20000 793.10000 794.60000 797.60000 800.70000 802.90000 804.80000 807.00000 809.40000 812.00000 814.70000 816.90000 818.60000 820.20000 821.70000 823.20000 824.30000 825.20000 825.50000 825.00000 824.30000 824.60000 826.00000 827.40000 828.40000 828.90000 829.10000 829.30000 830.30000 832.80000 836.00000 839.40000 841.70000 842.80000 843.10000 843.50000 844.10000 844.90000 845.60000 845.40000 844.30000 843.00000 840.60000 836.90000 832.20000 829.60000 828.20000 826.10000
789.90000 788.80000 787.80000 787.70000 788.20000 788.70000 789.10000 789.50000 790.20000 791.00000 791.80000 792.80000 794.20000 796.80000 799.90000 802.70000 805.30000 807.50000 809.40000 811.40000 813.50000 815.40000 816.90000 818.20000 819.50000 820.70000 821.50000 821.90000 821.60000 820.90000 820.80000 821.30000 822.80000 825.50000 827.40000 828.50000 829.30000 830.20000 832.00000 834.70000 837.80000 841.00000 843.10000 844.10000 844.60000 845.50000 846.60000 846.90000 846.60000 845.60000 844.40000 843.30000 841.10000 836.70000 832.10000 829.10000 826.80000 824.20000
789.80000 788.60000 787.70000 787.50000 788.00000 788.30000 788.60000 789.10000 789.80000 790.80000 791.80000 792.90000 794.60000 796.90000 799.70000 802.70000 805.50000 807.50000 809.10000 810.60000 812.20000 813.80000 815.10000 816.20000 817.30000 818.30000 819.00000 818.90000 818.50000 817.80000 817.90000 818.50000 821.70000 826.60000 829.30000 831.20000 832.60000 833.70000 835.10000 837.00000 839.60000 842.30000 844.30000 845.60000 846.40000 847.50000 848.20000 847.50000 846.00000 844.80000 843.60000 842.70000 840.80000 836.60000 832.80000 829.70000 826.20000 821.90000
789.90000 788.60000 787.80000 787.40000 787.60000 787.80000 787.90000 788.60000 789.40000 790.40000 791.60000 793.00000 794.80000 796.90000 799.50000 802.50000 805.20000 807.00000 808.40000 809.70000 810.90000 812.20000 813.30000 814.20000 815.10000 816.00000 816.50000 816.70000 816.60000 816.60002 817.70000 820.70000 825.80000 830.70000 833.90000 836.80000 838.50000 838.90000 838.90000 839.40000 841.40000 843.80000 846.00000 847.60000 848.70000 849.40000 848.80000 846.80000 844.60000 843.10000 842.20000 841.10000 839.30000 836.00000 833.00000 830.10000 825.80000 820.80000
790.10000 789.00000 788.00000 787.30000 787.20000 787.20000 787.50000 788.20000 788.90000 789.80000 791.30000 792.90000 794.70000 796.80000 799.20000 801.90000 804.40000 806.20000 807.50000 808.60000 809.60000 810.70000 811.50000 812.00000 812.80000 813.90000 814.90000 815.90000 816.80000 818.30000 821.90000 827.00000 831.70000 836.30000 839.90000 842.10000 842.90000 842.90000 842.60000 842.40000 843.60000 845.90000 848.20000 850.00000 850.90000 850.70000 848.90000 846.10000 843.40000 841.80000 840.70000 839.50000 837.60000 835.00000 832.20000 829.50000 825.10000 820.70000
790.40000 789.30000 788.10000 787.20000 786.80000 786.80000 787.20000 787.60000 788.10000 789.00000 790.70000 792.60000 794.50000 796.40000 798.60000 801.00000 803.30000 805.00000 806.30000 807.30000 808.30000 809.20000 809.50000 809.50000 809.90000 811.70000 814.30000 816.40000 818.50000 822.70000 827.60000 831.70000 835.20000 839.50000 842.50000 843.60000 843.90000 843.90000 844.10000 844.60000 846.00000 848.40000 850.80000 852.60000 852.40000 850.50000 847.80000 845.20000 843.20000 842.00000 840.30000 838.40000 836.30000 833.80000 830.90000 827.90000 823.70000 819.70000
790.70000 789.30000 788.10000 787.10000 786.70000 786.60062 786.70000 786.90000 787.20000 788.10000 789.80000 792.00000 794.00000 795.90000 797.90000 800.10000 802.20000 803.90000 804.90000 805.90000 806.90000 807.50000 807.50000 807.00000 807.00000 809.90000 814.50000 817.80000 821.90000 827.70000 831.30000 833.50000 835.70000 838.00000 839.40000 840.50000 841.40000 842.00000 842.80000 843.90000 846.90000 850.40000 853.20000 854.20000 852.60000 849.40000 845.30000 843.30000 842.80000 842.20000 840.20000 837.60000 835.40000 833.30000 830.60000 827.00000 822.20000 817.80000
791.00000 789.40000 788.10000 787.00000 786.70000 786.60060 786.60060 786.60060 786.60060 787.20000 788.70000 791.10000 793.50000 795.40000 797.20000 799.10000 801.10000 802.70000 803.80000 804.70000 805.50000 805.90000 805.80000 805.50000 806.10000 809.90000 815.50000 819.90000 825.40000 830.60000 832.50000 833.20000 833.40000 832.90000 833.30000 834.90000 836.10000 837.70000 840.00000 842.30000 846.40000 850.90000 854.30000 854.80000 852.50000 848.70000 844.40000 841.90000 841.20000 840.20000 838.40000 836.30000 834.60000 833.00000 830.90000 827.20000 822.10000 817.60000
791.10000 789.50000 788.00000 787.00000 786.70000 786.60058 786.60056 786.60056 786.60058 786.80000 787.90000 790.30000 792.90000 794.80000 796.50000 798.30000 800.10000 801.70000 802.80000 803.50000 804.10000 804.60000 804.90000 805.50000 807.40000 811.70000 817.00000 821.50000 826.70000 830.50000 831.30000 830.80000 829.30000 828.10000 828.80000 830.20000 831.10000 833.70000 838.20000 841.90000 846.10000 850.70000 853.90000 854.80000 852.90000 848.80000 844.90000 841.70000 838.90000 836.20000 834.70000 834.10000 833.40000 832.30000 830.70000 827.20000 822.60000 818.60000
791.10000 789.50000 788.00000 786.90000 786.70000 786.60056 786.60054 786.60054 786.60056 786.80000 788.20000 790.40000 792.70000 794.40000 796.10000 797.60000 799.30000 800.80000 801.70000 802.40000 803.10000 803.90000 804.90000 806.50000 809.00000 813.10000 817.70000 821.20000 824.80000 827.10000 827.30000 826.10000 824.40000 824.70000 826.70000 828.10000 829.40000 832.70000 838.00000 842.50000 846.30000 850.00000 852.20000 853.20000 852.20000 848.70000 844.90000 841.30000 837.00000 832.50000 831.00000 831.30000 831.40000 831.00000 829.50000 826.40000 822.50000 818.90000
791.10000 789.40000 787.90000 786.90000 786.70000 786.60054 786.60052 786.60052 786.60054 786.80000 788.80000 791.40000 793.40000 794.60000 796.00000 797.40000 798.90000 800.10000 801.00000 801.70000 802.60000 803.70000 805.10000 807.00000 809.50000 813.00000 816.60000 819.00000 820.60000 821.60000 821.40000 820.50000 820.10000 822.40000 825.60000 827.80000 830.00000 833.70000 838.60000 842.90000 846.00000 848.40000 849.50000 850.20000 850.10000 847.80000 844.50000 840.80000 836.20000 831.20000 828.90000 828.70000 828.70000 828.30000 826.80000 824.40000 821.50000 818.20000
