wepppy/watershed_abstraction/tests/data/flowpath_infinite_loop/dem/topaz/SUBWTA.ARC
ncols   447
nrows   443
xllcorner  507961
yllcorner 5195383
cellsize   30.00
nodata_value     0.0
[rows 186 to 247 of 443, columns 192 to 287 of 447]
671 671 671 671 671 671 671 671 671 671 671 671 671 663 663 663 663 663 664 662 662 662 662 662 662 662 653 653 653 653 653 653 653 654 654 654 654 654 654 654 654 653 653 653 653 653 653 653 653 653 653 653 653 653 651 651 651 651 651 651 651 651 651 651 651 651 651 651 651 732 732 732 732 732 732 603 603 603 603 603 603 601 601 601 601 601 602 602 602 602 602 602 602 602 602 602
671 671 671 671 671 671 671 671 671 671 671 671 671 663 663 663 663 663 663 664 662 662 662 662 662 662 662 653 653 653 653 653 653 653 653 653 653 653 653 653 653 653 653 653 653 653 653 653 653 653 653 653 653 653 653 651 651 651 651 651 651 651 651 651 651 651 651 732 732 732 732 732 732 732 732 732 732 603 603 603 601 601 601 601 601 601 601 602 602 602 602 602 602 602 602 602
671 671 671 671 671 671 671 671 671 671 671 671 671 671 663 663 663 663 663 663 664 662 662 662 662 662 662 662 653 653 653 653 653 653 653 653 653 653 653 653 653 653 653 653 653 653 653 653 653 653 653 653 653 653 653 653 651 651 651 651 651 651 651 651 651 651 732 732 732 732 732 732 732 732 732 732 732 732 603 601 601 601 601 601 601 601 601 601 602 602 602 602 602 602 602 602
673 671 671 671 671 671 671 671 671 671 671 671 671 671 671 663 663 663 663 663 663 664 662 662 662 662 662 662 662 662 653 653 653 653 653 653 653 653 653 653 653 653 653 653 653 653 653 653 653 653 653 653 653 653 653 653 653 651 651 651 651 651 651 651 732 732 732 732 732 732 732 732 732 732 732 732 732 732 732 732 601 601 601 601 601 601 601 601 601 601 602 602 602 602 602 602
673 671 671 671 671 671 671 671 671 671 671 671 671 671 671 671 663 663 663 663 663 663 664 662 662 662 662 662 662 662 662 662 653 653 653 653 653 653 653 653 653 653 653 653 653 653 653 653 653 653 653 653 653 653 653 653 653 653 651 651 651 651 651 722 732 732 732 732 732 732 732 732 732 732 732 732 732 732 732 732 732 732 601 601 601 601 601 601 601 601 601 601 602 602 602 602
233 671 671 671 671 671 671 671 671 671 671 671 671 671 671 671 671 663 663 663 663 663 663 664 664 662 662 662 662 662 661 661 661 661 661 661 661 661 661 653 653 653 653 653 653 653 653 653 653 653 653 653 653 653 653 653 653 653 653 651 651 651 722 722 732 732 732 732 732 732 732 732 732 732 732 732 732 732 732 732 732 732 732 601 601 601 601 601 601 601 601 601 601 601 602 602
233 233 671 671 671 671 671 671 671 671 671 671 671 671 692 692 692 692 692 663 663 663 663 663 663 664 664 662 662 661 661 661 661 661 661 661 661 661 661 661 661 661 661 661 661 661 661 653 653 653 653 653 653 653 653 653 653 653 653 653 722 722 722 722 732 732 732 732 732 732 732 732 732 732 732 732 732 732 732 732 732 732 732 732 732 601 601 601 601 601 601 601 601 601 601 601
682 682 682 682 682 671 671 671 671 692 692 692 692 692 692 692 692 692 692 692 692 663 663 663 663 663 663 664 664 661 661 661 661 661 661 661 661 661 661 661 661 661 661 661 661 661 661 661 653 653 653 653 653 653 653 653 653 653 722 722 722 722 722 722 732 732 732 732 732 732 732 732 732 732 732 732 732 732 732 732 732 732 732 732 732 732 601 601 601 601 601 601 601 601 601 601
682 682 682 682 692 692 692 692 692 692 692 692 692 692 692 692 692 692 692 692 692 692 692 663 663 663 663 663 663 661 661 661 661 661 661 661 661 661 661 661 661 661 661 661 661 661 661 661 661 661 653 653 653 653 653 653 653 722 722 722 722 722 722 722 732 732 732 732 732 732 732 732 732 732 732 732 732 732 732 732 732 732 732 732 732 732 732 601 601 601 601 601 601 601 601 601
682 682 682 692 692 692 692 692 692 692 692 692 692 692 692 692 692 692 692 692 692 692 692 692 692 663 663 663 663 663 661 661 661 661 661 661 661 661 661 661 661 661 661 661 661 661 661 661 661 661 661 661 661 653 653 653 722 722 722 722 722 722 722 722 732 732 732 732 732 732 732 732 732 732 732 732 732 732 732 732 732 732 732 732 732 732 732 732 601 601 601 601 601 601 601 601
682 682 692 692 692 692 692 692 692 692 692 692 692 692 692 692 692 692 692 692 692 692 692 692 692 692 692 663 663 663 661 661 661 661 661 661 661 661 661 661 661 661 661 661 661 661 661 692 692 692 692 692 692 692 702 722 722 722 722 722 722 722 722 722 732 732 732 732 732 732 732 732 732 732 732 732 732 732 732 732 732 732 732 732 732 732 732 732 732 732 601 601 601 601 601 601
682 692 692 692 692 692 692 692 692 692 692 692 692 692 692 692 692 692 692 692 692 692 692 692 692 692 692 692 692 692 661 661 661 661 661 661 692 692 692 692 692 692 692 692 692 692 692 692 692 692 692 692 692 702 702 722 722 722 722 722 722 722 722 722 732 732 732 732 732 732 732 732 732 732 732 732 732 732 732 732 732 732 732 732 732 732 732 732 732 732 732 732 732 601 601 601
682 692 692 692 692 692 692 692 692 692 692 692 692 692 692 692 692 692 692 692 692 692 692 692 692 692 692 692 692 692 692 692 692 692 692 692 692 692 692 692 692 692 692 692 692 692 692 692 692 692 692 692 702 702 702 722 722 722 722 722 722 722 722 722 722 732 732 732 732 732 732 732 732 732 732 732 732 732 732 732 732 732 732 732 732 732 732 732 732 732 732 732 732 732 732 732
694 694 694 694 694 694 694 694 694 694 694 694 694 694 694 694 694 694 692 692 692 692 692 692 692 692 692 692 692 692 692 692 692 692 692 692 692 692 692 692 692 692 692 692 692 692 692 692 692 692 692 702 702 702 702 722 722 722 722 722 722 722 722 722 722 732 732 732 732 732 732 732 732 732 732 732 732 732 732 732 732 732 732 732 732 732 732 732 732 732 732 732 732 732 732 732
784 693 693 693 693 693 693 693 693 693 693 693 693 693 693 693 693 693 694 694 694 694 692 692 692 692 692 692 692 692 692 692 692 692 692 692 692 692 692 692 692 692 692 692 692 692 692 692 692 692 702 702 702 702 722 722 722 722 722 722 722 722 722 722 722 732 732 732 734 734 734 734 734 734 732 732 732 732 732 732 732 732 732 732 732 732 732 732 732 732 732 732 732 732 732 732
784 782 782 693 693 693 693 693 693 693 693 693 693 693 693 693 693 693 693 693 693 693 694 694 692 692 692 692 692 692 692 692 692 692 692 692 692 692 692 692 692 692 692 692 692 692 692 692 692 702 702 702 702 722 722 722 722 722 722 722 722 722 722 722 722 734 734 734 733 733 733 733 733 733 734 734 732 732 732 732 732 732 732 732 732 732 732 732 732 732 732 732 732 732 732 732
783 784 782 782 782 782 693 693 693 693 693 693 693 693 693 693 693 693 693 693 693 693 693 693 694 694 694 694 694 694 694 694 694 694 694 694 694 694 694 694 694 694 692 692 692 692 692 692 702 702 702 702 702 722 722 722 722 722 722 722 722 724 724 724 724 744 744 742 733 733 733 733 733 733 733 733 734 734 731 731 731 731 731 731 731 731 731 731 731 731 731 731 731 731 731 731
783 783 784 782 782 782 782 782 782 782 782 782 693 693 693 693 693 693 693 693 693 693 693 693 693 693 693 693 693 693 693 693 693 693 693 693 693 693 693 693 693 693 694 694 694 692 692 702 702 702 702 702 702 722 722 722 722 722 722 724 724 723 723 723 723 743 743 744 742 733 733 733 733 733 733 733 733 733 731 731 731 731 731 731 731 731 731 731 731 731 731 731 731 731 731 731
783 783 804 794 794 794 794 792 792 792 792 792 792 792 792 792 792 792 792 693 693 693 693 693 693 693 693 693 693 693 693 693 693 693 693 693 693 693 693 693 693 693 693 693 693 694 704 702 702 702 702 702 722 722 722 722 722 724 724 723 723 723 723 723 723 743 743 743 744 742 742 742 742 742 733 733 733 733 733 731 731 731 731 731 731 731 731 731 731 731 731 731 731 731 731 731
783 803 803 804 802 793 793 794 794 791 791 791 791 791 791 791 791 791 791 791 791 693 693 693 693 693 693 693 693 693 693 693 693 693 693 693 693 693 693 693 693 693 693 693 693 693 774 704 702 702 702 702 722 722 722 724 724 723 723 723 723 723 723 723 723 743 743 743 743 744 742 742 742 742 742 742 742 742 742 733 733 731 731 731 731 731 731 731 731 731 731 731 731 731 731 731
803 803 803 804 802 802 793 793 793 791 791 791 791 791 791 791 791 791 791 791 791 791 693 693 693 693 693 693 693 693 693 693 693 693 693 693 693 693 693 693 693 693 693 693 693 693 773 774 704 702 702 702 722 724 724 723 723 723 723 723 723 723 723 723 723 743 743 743 743 743 744 744 742 742 742 742 742 742 742 742 742 742 742 742 742 742 742 742 742 742 731 731 731 731 731 731
803 803 803 804 802 802 802 793 793 791 791 791 791 791 791 791 791 791 791 791 791 791 791 693 693 693 693 693 693 693 693 693 693 693 693 693 693 693 693 693 693 693 693 693 693 693 773 773 774 704 704 724 724 723 723 723 723 723 723 723 723 723 723 723 723 743 743 743 743 743 743 743 744 744 744 744 744 742 742 742 742 742 742 742 742 742 742 742 742 742 742 731 731 731 731 731
803 803 803 804 802 802 802 802 793 791 791 791 791 791 791 791 791 791 791 791 791 791 791 791 693 693 693 693 693 693 693 693 693 693 693 693 693 693 693 693 693 693 693 693 693 693 773 773 773 774 764 754 723 723 723 723 723 723 723 723 723 723 723 723 723 743 743 743 743 743 743 743 743 743 743 743 743 744 744 744 741 741 741 741 741 741 741 741 741 741 741 741 741 731 731 731
803 803 803 804 802 802 802 802 802 791 791 791 791 791 791 791 791 791 791 791 791 791 791 791 693 693 693 693 693 693 693 693 693 693 693 693 693 693 693 693 693 693 693 693 693 693 773 773 773 774 763 764 754 752 723 723 723 723 723 723 723 723 723 723 723 743 743 743 743 743 743 743 743 743 743 743 743 743 743 743 741 741 741 741 741 741 741 741 741 741 741 741 741 741 731 731
803 803 803 803 804 802 802 802 802 802 791 791 791 791 791 791 791 791 791 791 791 791 791 791 693 693 693 693 693 693 693 693 693 693 693 693 693 693 693 693 693 693 693 693 693 693 773 773 773 774 763 763 764 754 752 752 752 752 752 723 723 723 723 723 723 743 743 743 743 743 743 743 743 743 743 743 743 743 743 743 741 741 741 741 741 741 741 741 741 741 741 741 741 741 741 0
803 803 803 803 804 802 802 802 802 802 802 791 791 791 791 791 791 791 791 791 791 791 791 791 791 693 693 693 693 693 693 693 693 693 693 693 693 693 693 693 693 693 693 693 693 693 773 773 773 773 774 763 763 764 754 752 752 752 752 752 752 752 752 752 723 743 743 743 743 743 743 743 743 743 743 743 743 743 743 743 741 741 741 741 741 741 741 741 741 741 741 741 741 741 0 0
803 803 803 803 804 802 802 802 802 802 802 802 802 802 791 791 791 791 791 791 791 791 791 791 791 791 693 693 693 693 693 693 693 693 693 693 693 693 693 693 693 693 693 693 693 693 773 773 773 773 774 772 763 763 764 754 752 752 752 752 752 752 752 752 752 752 743 743 743 743 743 743 743 743 743 743 743 743 743 743 741 741 741 741 741 741 741 741 741 741 741 741 741 741 0 0
803 803 803 803 804 802 802 802 802 802 802 802 802 802 802 802 802 802 802 802 802 802 791 791 791 791 791 791 693 693 693 693 693 693 693 693 693 693 693 693 693 693 693 693 693 693 773 773 773 773 774 772 772 763 763 764 754 754 752 752 752 752 752 752 752 752 751 751 743 743 743 743 743 743 743 743 743 743 743 743 741 741 741 741 741 741 741 741 741 741 741 741 741 0 0 0
803 803 803 803 804 802 802 802 802 802 802 802 802 802 802 802 802 802 802 802 802 802 802 802 791 791 791 791 791 693 693 693 693 693 693 693 693 693 693 693 693 693 693 693 693 773 773 773 773 773 774 772 772 763 763 763 764 761 754 754 754 754 754 752 752 751 751 751 751 751 743 743 743 743 743 743 743 743 743 743 741 741 741 741 741 741 741 741 741 741 741 741 0 0 0 0
803 803 803 803 803 804 802 802 802 802 802 802 802 802 802 802 802 802 802 802 802 802 802 802 801 801 801 801 801 801 801 801 801 693 693 693 693 693 693 693 693 693 693 693 773 773 773 773 773 773 773 774 772 772 763 763 763 761 761 753 753 753 753 754 754 751 751 751 751 751 751 743 743 743 743 743 743 743 743 743 741 741 741 741 741 741 741 741 741 741 741 741 0 0 0 0
803 803 803 803 803 804 802 802 802 802 802 802 802 802 802 802 802 802 802 802 802 801 801 801 801 801 801 801 801 801 801 801 801 801 801 693 693 693 693 693 693 693 693 773 773 773 773 773 773 773 773 771 771 772 763 763 763 763 761 761 753 753 753 753 753 751 751 751 751 751 751 751 751 743 743 743 743 743 743 743 741 741 741 741 741 741 741 741 741 741 741 0 0 0 0 0
803 803 803 803 803 803 804 802 802 802 802 802 802 802 802 802 802 802 802 802 801 801 801 801 801 801 801 801 801 801 801 801 801 801 801 801 801 693 693 693 693 693 773 773 773 773 773 773 773 773 773 771 771 771 763 763 763 763 763 761 761 753 753 753 753 753 751 751 751 751 751 751 751 751 751 743 743 743 743 743 741 741 741 741 741 741 741 741 741 0 0 0 0 0 0 0
803 803 803 803 803 803 803 804 802 802 802 802 802 802 802 802 802 802 802 801 801 801 801 801 801 801 801 801 801 801 801 801 801 801 801 801 801 801 801 693 693 693 773 773 773 773 773 773 773 773 773 771 771 771 771 763 763 763 763 763 761 761 753 753 753 753 753 751 751 751 751 751 751 751 751 751 743 743 743 743 741 741 741 741 741 741 741 741 0 0 0 0 0 0 0 0
803 803 803 803 803 803 803 803 804 804 804 804 804 804 804 804 804 804 804 801 801 801 801 801 801 801 801 801 801 801 801 801 801 801 801 801 801 801 801 801 801 801 693 773 773 773 773 773 773 773 773 771 771 771 771 771 763 763 763 763 761 761 761 753 753 753 753 753 751 751 751 751 751 751 751 751 751 751 743 743 741 741 741 741 741 741 741 741 0 0 0 0 0 0 0 0
803 803 803 803 803 803 803 803 803 803 803 803 803 803 803 803 803 803 803 801 801 801 801 801 801 801 801 801 801 801 801 801 801 801 801 801 801 801 801 801 801 801 801 773 773 773 773 773 773 773 773 771 771 771 771 771 771 763 763 763 761 761 761 761 753 753 753 753 753 751 751 751 751 751 751 751 751 751 0 0 0 0 0 0 0 0 0 0 0 0 0 0 0 0 0 0
803 803 803 803 803 803 803 803 803 803 803 803 803 803 803 803 803 803 803 803 801 801 801 801 801 801 801 801 801 801 801 801 801 801 801 801 801 801 801 882 882 882 882 882 773 773 773 773 773 773 773 771 771 771 771 771 771 771 763 763 761 761 761 761 761 753 753 753 753 751 751 751 751 751 751 751 751 751 0 0 0 0 0 0 0 0 0 0 0 0 0 0 0 0 0 0
803 803 803 803 803 803 803 803 803 803 803 803 803 803 803 803 803 803 803 803 803 801 801 801 801 801 801 801 801 801 801 801 801 801 801 801 882 882 882 882 882 882 882 882 882 773 773 773 773 773 773 771 771 771 771 771 771 771 771 763 761 761 761 761 761 761 753 753 753 751 751 751 751 751 751 751 751 0 0 0 0 0 0 0 0 0 0 0 0 0 0 0 0 0 0 0
882 803 803 803 803 803 803 803 803 803 803 803 803 803 803 803 803 803 803 803 803 803 801 801 801 801 801 801 801 801 801 801 801 801 882 882 882 882 882 882 882 881 881 881 881 881 881 773 773 773 773 771 771 771 771 771 771 771 771 763 761 761 761 761 761 761 761 753 753 751 751 751 751 751 751 751 751 0 0 0 0 0 0 0 0 0 0 0 0 0 0 0 0 0 0 0
882 882 803 803 803 803 803 803 803 803 803 803 803 803 803 803 803 803 803 803 803 803 803 801 801 801 801 801 801 801 801 801 882 882 882 882 882 882 882 882 881 881 881 881 881 881 881 881 773 773 773 771 771 771 771 771 771 771 771 771 761 761 761 761 761 761 761 761 753 751 751 751 751 751 751 751 0 0 0 0 0 0 0 0 0 0 0 0 0 0 0 0 0 0 0 0
882 882 882 882 882 882 803 803 803 803 803 803 803 803 803 803 803 803 803 803 803 803 803 803 801 801 801 801 882 882 882 882 882 882 882 882 882 882 882 881 881 881 881 881 881 881 881 881 881 773 773 771 771 771 771 771 771 771 771 771 771 761 761 761 761 761 761 761 761 751 751 751 751 751 751 751 0 0 0 0 0 0 0 0 0 0 0 0 0 0 0 0 0 0 0 0
882 882 882 882 882 882 882 882 803 803 803 803 803 803 803 803 803 803 803 803 803 803 803 803 803 803 882 882 882 882 882 882 882 882 882 882 882 882 881 881 881 881 881 881 881 881 881 881 881 881 773 771 771 771 771 771 771 771 771 771 771 761 761 761 761 761 761 761 761 751 751 751 751 751 751 0 0 0 0 0 0 0 0 0 0 0 0 0 0 0 0 0 0 0 0 0
882 882 882 882 882 882 882 882 882 882 882 803 803 803 803 803 803 803 803 803 803 803 803 803 882 882 882 882 882 882 882 882 882 882 882 882 882 881 881 881 881 881 881 881 881 881 881 881 881 881 881 773 771 771 771 771 771 771 771 771 771 761 761 761 761 761 761 761 761 751 751 751 751 751 751 0 0 0 0 0 0 0 0 0 0 0 0 0 0 0 0 0 0 0 0 0
882 882 882 882 882 882 882 882 882 882 882 882 803 803 803 803 803 803 803 803 803 882 882 882 882 882 882 882 882 882 882 882 882 882 884 884 884 881 881 881 881 881 881 881 881 881 881 881 881 881 881 881 773 771 771 771 771 771 771 771 771 771 761 761 761 761 761 761 761 751 751 751 751 751 0 0 0 0 0 0 0 0 0 0 0 0 0 0 0 0 0 0 0 0 0 0
882 882 882 882 882 882 882 882 882 882 882 882 882 803 803 803 803 803 803 882 882 882 882 882 882 882 882 882 882 882 882 882 884 884 883 883 883 881 881 881 881 881 881 881 881 881 881 881 881 881 881 881 881 773 771 771 771 771 771 771 771 771 761 761 761 761 761 761 761 751 751 751 751 0 0 0 0 0 0 0 0 0 0 0 0 0 0 0 0 0 0 0 0 0 0 0
882 882 882 882 882 882 882 882 882 882 882 882 882 882 882 882 882 882 882 882 882 882 882 882 882 882 882 882 882 884 884 884 883 883 883 883 883 883 881 881 881 881 881 881 881 881 881 881 881 881 881 881 881 881 773 771 771 771 771 771 771 771 761 761 761 761 761 761 761 751 751 751 0 0 0 0 0 0 0 0 0 0 0 0 0 0 0 0 0 0 0 0 0 0 0 0
882 882 882 882 882 882 882 882 882 882 882 882 882 882 882 882 882 882 882 882 882 882 882 882 882 884 884 884 884 883 883 883 883 883 883 883 883 883 883 881 881 881 881 881 881 881 881 881 881 881 881 881 881 881 881 773 771 771 771 771 771 771 761 761 761 761 761 761 761 751 751 0 0 0 0 0 0 0 0 0 0 0 0 0 0 0 0 0 0 0 0 0 0 0 0 0
882 882 882 882 882 882 882 882 882 882 882 882 882 882 882 882 882 882 882 882 882 884 884 884 884 883 883 883 883 883 883 883 883 883 883 883 883 883 883 883 881 881 881 881 881 881 881 881 881 881 881 881 881 881 881 881 773 771 771 771 771 771 761 761 761 761 761 761 761 751 0 0 0 0 0 0 0 0 0 0 0 0 0 0 0 0 0 0 0 0 0 0 0 0 0 0
882 882 882 882 882 882 882 882 882 882 882 882 882 882 882 882 882 882 884 884 884 883 883 883 883 883 883 883 883 883 883 883 883 883 883 883 883 883 883 883 883 881 881 881 881 881 881 881 881 881 881 881 881 881 881 881 881 773 771 771 771 771 771 761 761 761 761 761 761 0 0 0 0 0 0 0 0 0 0 0 0 0 0 0 0 0 0 0 0 0 0 0 0 0 0 0
882 882 882 884 884 884 884 884 884 884 884 884 884 884 884 884 884 884 883 883 883 883 883 883 883 883 883 883 883 883 883 883 883 883 883 883 883 883 883 883 883 883 881 881 881 881 881 881 881 881 881 881 881 881 892 892 892 892 892 892 891 891 891 891 891 761 761 761 761 0 0 0 0 0 0 0 0 0 0 0 0 0 0 0 0 0 0 0 0 0 0 0 0 0 0 0
882 884 884 883 883 883 883 883 883 883 883 883 883 883 883 883 883 883 883 883 883 883 883 883 883 883 883 883 883 883 883 883 883 883 883 883 883 883 883 883 883 883 883 881 881 881 881 881 881 881 881 881 892 892 892 892 892 892 892 891 891 891 891 891 891 891 891 891 891 0 0 0 0 0 0 0 0 0 0 0 0 0 0 0 0 0 0 0 0 0 0 0 0 0 0 0
884 883 883 883 883 883 883 883 883 883 883 883 883 883 883 883 883 883 883 883 883 883 883 883 883 883 883 883 883 883 883 883 883 883 883 883 883 883 883 883 883 883 883 883 881 881 881 881 892 892 892 892 892 892 892 892 892 892 891 891 891 891 891 891 891 891 891 891 0 0 0 0 0 0 0 0 0 0 0 0 0 0 0 0 0 0 0 0 0 0 0 0 0 0 0 0
883 883 883 883 883 883 883 883 883 883 883 883 883 883 883 883 883 883 883 883 883 883 883 883 883 883 883 883 883 883 883 883 883 883 883 883 883 883 883 883 883 883 883 892 892 892 892 892 892 892 892 892 892 892 892 892 892 891 891 891 891 891 891 891 891 891 891 0 0 0 0 0 0 0 0 0 0 0 0 0 0 0 0 0 0 0 0 0 0 0 0 0 0 0 0 0
883 883 883 883 883 883 883 883 883 883 883 883 883 883 883 883 883 883 883 883 883 883 883 883 883 883 883 883 883 883 883 883 883 883 883 883 883 883 883 883 883 892 892 892 892 892 892 892 892 892 892 892 892 892 892 892 891 891 891 891 891 891 891 891 891 891 0 0 0 0 0 0 0 0 0 0 0 0 0 0 0 0 0 0 0 0 0 0 0 0 0 0 0 0 0 0
883 883 883 883 883 883 883 883 883 883 883 883 883 883 883 883 883 883 883 883 883 883 883 883 883 883 883 892 892 892 892 892 892 892 892 892 892 892 892 892 892 892 892 892 892 892 892 892 892 892 892 892 892 892 892 891 891 891 891 891 891 891 891 891 891 0 0 0 0 0 0 0 0 0 0 0 0 0 0 0 0 0 0 0 0 0 0 0 0 0 0 0 0 0 0 0
883 883 883 883 883 883 883 883 883 883 883 883 883 883 883 883 883 883 883 883 883 883 883 883 892 892 892 892 892 892 892 892 892 892 892 892 892 892 892 892 892 892 892 892 892 892 892 892 892 892 892 892 892 892 891 891 891 891 891 891 891 891 891 891 0 0 0 0 0 0 0 0 0 0 0 0 0 0 0 0 0 0 0 0 0 0 0 0 0 0 0 0 0 0 0 0
883 883 883 883 883 883 883 883 883 883 883 883 883 883 883 883 883 883 883 883 883 883 892 892 892 892 892 892 892 892 892 892 892 892 892 892 892 892 892 892 892 892 892 892 892 892 892 892 892 892 892 892 892 891 891 891 891 891 891 891 891 891 891 0 0 0 0 0 0 0 0 0 0 0 0 0 0 0 0 0 0 0 0 0 0 0 0 0 0 0 0 0 0 0 0 0
883 883 883 883 883 883 883 883 883 883 883 883 883 883 883 883 883 883 883 892 892 892 892 892 892 892 892 892 892 892 892 892 892 892 892 892 892 892 892 892 892 892 892 892 892 892 892 892 892 892 892 892 891 891 891 891 891 891 891 891 891 891 0 0 0 0 0 0 0 0 0 0 0 0 0 0 0 0 0 0 0 0 0 0 0 0 0 0 0 0 0 0 0 0 0 0
883 883 883 883 892 892 892 892 892 892 892 892 892 892 883 883 883 892 892 892 892 892 892 892 892 892 892 892 892 892 892 892 892 892 892 892 892 892 892 892 892 892 892 892 892 892 892 892 892 892 892 891 891 891 891 891 891 891 891 891 891 0 0 0 0 0 0 0 0 0 0 0 0 0 0 0 0 0 0 0 0 0 0 0 0 0 0 0 0 0 0 0 0 0 0 0
892 892 892 892 892 892 892 892 892 892 892 892 892 892 892 892 892 892 892 892 892 892 892 892 892 892 892 892 892 892 892 892 892 892 892 892 892 892 892 892 892 892 892 892 892 892 892 892 892 892 892 891 891 891 891 891 891 891 891 891 0 0 0 0 0 0 0 0 0 0 0 0 0 0 0 0 0 0 0 0 0 0 0 0 0 0 0 0 0 0 0 0 0 0 0 0
892 892 892 892 892 892 892 892 892 892 892 892 892 892 892 892 892 892 892 892 892 892 892 892 892 892 892 892 892 892 892 892 892 892 892 892 892 892 892 892 892 892 892 892 892 892 892 892 892 892 891 891 891 891 891 891 891 891 891 0 0 0 0 0 0 0 0 0 0 0 0 0 0 0 0 0 0 0 0 0 0 0 0 0 0 0 0 0 0 0 0 0 0 0 0 0
892 892 892 892 892 892 892 892 892 892 892 892 892 892 892 892 892 892 892 892 892 892 892 892 892 892 892 892 892 892 892 892 892 892 892 892 892 892 892 892 892 892 892 892 892 892 892 892 892 892 891 891 891 891 891 891 891 0 0 0 0 0 0 0 0 0 0 0 0 0 0 0 0 0 0 0 0 0 0 0 0 0 0 0 0 0 0 0 0 0 0 0 0 0 0 0
892 892 892 892 892 892 892 892 892 892 892 892 892 892 892 892 892 892 892 892 892 892 892 892 892 892 892 892 892 892 892 892 892 892 892 892 892 892 892 892 892 892 892 892 892 892 892 892 894 894 891 891 891 0 0 0 0 0 0 0 0 0 0 0 0 0 0 0 0 0 0 0 0 0 0 0 0 0 0 0 0 0 0 0 0 0 0 0 0 0 0 0 0 0 0 0
