wepppy/watershed_abstraction/tests/data/flowpath_infinite_loop/dem/topaz/SUBWTA.ARC
ncols   447
nrows   443
xllcorner  507961
yllcorner 5195383
cellsize   30.00
nodata_value     0.0
[rows 62 to 123 of 443, columns 192 to 287 of 447]
402 402 402 402 401 401 401 401 401 403 403 403 403 403 403 403 403 462 462 462 462 462 462 461 461 461 461 461 463 463 463 472 472 472 472 472 472 472 474 473 473 473 473 473 473 473 473 473 502 502 502 502 502 502 502 502 502 502 501 501 501 501 501 0 0 0 0 0 0 0 0 0 0 0 0 0 0 0 0 0 0 0 0 0 0 0 0 0 0 0 0 0 0 0 0 0
402 402 402 402 402 402 401 404 403 403 403 403 403 403 403 403 403 403 462 462 462 462 462 462 461 461 461 463 463 463 463 472 472 472 472 472 472 472 474 473 473 473 473 473 473 473 473 502 502 502 502 502 502 502 502 502 502 501 501 501 501 501 501 501 501 0 0 0 0 0 0 0 0 0 0 0 0 0 0 0 0 0 0 0 0 0 0 0 0 0 0 0 0 0 0 0
402 402 402 402 402 402 402 404 403 403 403 403 403 403 403 403 403 403 462 462 462 462 462 462 462 464 463 463 463 463 463 463 472 472 472 472 472 472 474 473 473 473 473 473 473 473 473 502 502 502 502 502 502 502 502 502 501 501 501 501 501 501 501 501 501 501 0 0 0 0 0 0 0 0 0 0 0 0 0 0 0 0 0 0 0 0 0 0 0 0 0 0 0 0 0 0
402 402 402 402 402 402 402 404 403 403 403 403 403 403 403 403 403 403 462 462 462 462 462 462 462 464 463 463 463 463 463 463 472 472 472 472 472 472 474 473 473 473 473 473 473 473 473 502 502 502 502 502 502 502 502 501 501 501 501 501 501 501 501 501 501 501 0 0 0 0 0 0 0 0 0 0 0 0 0 0 0 0 0 0 0 0 0 0 0 0 0 0 0 0 0 0
402 402 402 402 402 402 402 404 403 403 403 403 403 403 403 403 403 403 462 462 462 462 462 462 462 464 463 463 463 463 463 463 472 472 472 472 472 472 474 473 473 473 473 473 473 473 473 502 502 502 502 502 502 502 501 501 501 501 501 501 501 501 501 501 501 501 0 0 0 0 0 0 0 0 0 0 0 0 0 0 0 0 0 0 0 0 0 0 0 0 0 0 0 0 0 0
402 402 402 402 402 402 402 404 403 403 403 403 403 403 403 403 403 403 403 462 462 462 462 462 462 462 464 463 463 463 463 463 463 472 472 472 472 472 474 473 473 473 473 473 473 473 502 502 502 502 502 502 502 502 501 501 501 501 501 501 501 501 501 501 501 501 501 0 0 0 0 0 0 0 0 0 0 0 0 0 0 0 0 0 0 0 0 0 0 0 0 0 0 0 0 0
402 402 402 402 402 402 402 404 403 403 403 403 403 403 403 403 403 403 403 462 462 462 462 462 462 462 462 464 463 463 463 463 463 472 472 472 472 472 474 473 473 473 473 473 473 502 502 502 502 502 502 502 502 502 501 501 501 501 501 501 501 501 501 501 501 501 512 0 0 0 0 0 0 0 0 0 0 0 0 0 0 0 0 0 0 0 0 0 0 0 0 0 0 0 0 0
402 402 402 402 402 402 402 404 403 403 403 403 403 403 403 403 403 403 403 462 462 462 462 462 462 462 462 462 464 463 463 463 463 463 472 472 472 472 474 473 473 473 473 473 473 502 502 502 502 502 502 502 504 504 501 501 501 501 501 501 501 501 501 501 501 512 512 512 0 0 0 0 0 0 0 0 0 0 0 0 0 0 0 0 0 0 0 0 0 0 0 0 0 0 0 0
402 402 402 402 402 402 402 404 403 403 403 403 403 403 403 403 403 403 403 462 462 462 462 462 462 462 462 462 462 464 463 463 463 463 472 472 472 472 474 473 473 473 473 473 502 502 502 502 502 502 504 504 503 503 501 501 501 501 501 501 501 501 501 501 512 512 512 512 512 0 0 0 0 0 0 0 0 0 0 0 0 0 0 0 0 0 0 0 0 0 0 0 0 0 0 0
402 402 402 402 402 402 402 404 403 403 403 403 403 403 403 403 403 403 403 403 462 462 462 462 462 462 462 462 462 462 464 463 463 463 463 472 472 472 474 473 473 473 473 473 502 502 502 502 502 504 503 503 503 503 503 501 501 501 501 501 501 501 501 512 512 512 512 512 512 512 0 0 0 0 0 0 0 0 0 0 0 0 0 0 0 0 0 0 0 0 0 0 0 0 0 0
402 402 402 402 402 402 402 404 403 403 403 403 403 403 403 403 403 403 403 403 462 462 462 462 462 462 462 462 462 462 462 464 464 463 463 463 472 474 473 473 473 473 473 502 502 502 502 502 502 504 503 503 503 503 503 503 501 501 501 501 501 501 512 512 512 512 512 512 512 512 0 0 0 0 0 0 0 0 0 0 0 0 0 0 0 0 0 0 0 0 0 0 0 0 0 0
402 402 402 402 402 402 402 402 404 403 403 403 403 403 403 403 403 403 403 403 462 462 462 462 462 462 462 462 462 462 462 462 462 464 464 463 452 474 473 473 473 473 453 502 502 502 502 502 504 503 503 503 503 503 503 503 503 501 501 512 512 512 512 512 512 512 512 512 512 512 512 0 0 0 0 0 0 0 0 0 0 0 0 0 0 0 0 0 0 0 0 0 0 0 0 0
402 402 402 402 402 402 402 402 404 403 403 403 403 403 403 403 403 403 403 403 462 462 462 462 462 462 462 462 462 462 462 462 462 462 462 464 454 453 453 453 453 453 453 502 502 502 502 504 503 503 503 503 503 503 503 503 503 503 512 512 512 512 512 512 512 512 512 512 512 512 512 0 0 0 0 0 0 0 0 0 0 0 0 0 0 0 0 0 0 0 0 0 0 0 0 0
402 402 402 402 402 402 402 402 404 403 403 403 403 403 403 403 403 403 403 403 403 462 462 462 462 462 462 462 462 462 462 462 462 462 462 462 452 454 453 453 453 453 502 502 502 502 504 503 503 503 503 503 503 503 503 503 512 512 512 512 512 512 512 512 512 512 512 512 512 512 512 0 0 0 0 0 0 0 0 0 0 0 0 0 0 0 0 0 0 0 0 0 0 0 0 0
402 402 402 402 402 402 402 402 404 403 403 403 403 403 403 403 403 403 403 403 383 462 462 462 462 462 462 462 462 462 462 462 462 462 462 452 452 454 453 453 453 453 502 502 502 504 503 503 503 503 503 503 503 503 503 512 512 512 512 512 512 512 512 512 512 512 512 512 512 511 511 511 0 0 0 0 0 0 0 0 0 0 0 0 0 0 0 0 0 0 0 0 0 0 0 0
402 402 402 402 402 402 402 402 404 403 403 403 403 403 403 403 403 403 403 383 383 383 462 462 462 462 462 462 462 462 462 462 462 462 452 452 452 454 453 453 453 453 502 502 502 504 503 503 503 503 503 503 503 503 512 512 512 512 512 512 512 512 512 512 512 512 512 511 511 511 511 511 511 0 0 0 0 0 0 0 0 0 0 0 0 0 0 0 0 0 0 0 0 0 0 0
402 402 402 402 402 402 402 402 404 403 403 403 403 403 403 403 403 403 383 383 383 383 383 383 462 462 462 462 462 462 462 462 462 452 452 452 452 452 454 453 453 502 502 502 504 503 503 503 503 503 503 503 512 512 512 512 512 512 512 512 512 512 512 512 512 512 511 511 511 511 511 511 511 511 511 0 0 0 0 0 0 0 0 0 0 0 0 0 0 0 0 0 0 0 0 0
391 402 402 402 402 402 402 402 404 403 403 403 403 403 403 403 403 383 383 383 383 383 383 383 383 442 442 442 442 442 452 452 452 452 452 452 452 452 454 453 453 502 502 504 503 503 503 503 503 503 512 512 512 512 512 512 512 512 512 512 512 512 512 512 512 511 511 511 511 511 511 511 511 511 511 511 0 0 0 0 0 0 0 0 0 0 0 0 0 0 0 0 0 0 0 0
391 393 402 402 402 402 402 402 404 403 403 403 403 403 403 403 403 383 383 383 383 383 383 383 383 383 442 442 442 442 442 442 442 452 452 452 452 452 452 454 453 502 504 503 503 503 503 503 512 512 512 512 512 512 512 512 512 512 512 512 512 512 512 512 511 511 511 511 511 511 511 511 511 511 511 511 511 0 0 0 0 0 0 0 0 0 0 0 0 0 0 0 0 0 0 0
391 393 393 402 402 402 402 402 404 403 403 403 403 403 403 403 403 383 383 383 383 383 383 383 383 383 442 442 442 442 442 442 442 442 442 452 452 452 452 454 453 502 504 503 503 503 503 512 512 512 512 512 512 512 512 512 512 512 512 512 512 512 512 512 511 511 511 511 511 511 511 511 511 511 511 511 511 0 0 0 0 0 0 0 0 0 0 0 0 0 0 0 0 0 0 0
391 393 393 393 402 402 402 402 402 404 403 403 403 403 403 403 383 383 383 383 383 383 383 383 383 383 442 442 442 442 442 442 442 442 442 442 442 442 442 442 454 504 503 503 503 503 443 512 512 512 512 512 512 512 512 512 512 512 512 512 512 512 512 512 511 511 511 511 511 511 511 511 511 511 511 511 511 511 0 0 0 0 0 0 0 0 0 0 0 0 0 0 0 0 0 0
391 393 393 393 393 402 402 402 402 404 403 403 403 403 403 383 383 383 383 383 383 383 383 383 383 383 442 442 442 442 442 442 442 442 442 442 442 442 442 442 444 443 443 443 443 443 512 512 512 512 512 512 512 512 512 512 512 512 512 512 514 514 514 514 511 511 511 511 511 511 511 511 511 511 511 511 511 511 0 0 0 0 0 0 0 0 0 0 0 0 0 0 0 0 0 0
394 393 393 393 393 393 402 402 402 404 403 403 403 403 383 383 383 383 383 383 383 383 383 383 383 383 442 442 442 442 442 442 442 442 442 442 442 442 442 442 444 443 443 443 443 512 512 512 512 512 512 512 512 512 512 514 514 514 514 514 513 513 513 513 513 511 511 511 511 511 511 511 511 511 511 511 511 511 0 0 0 0 0 0 0 0 0 0 0 0 0 0 0 0 0 0
392 394 394 393 393 393 393 402 402 404 403 403 403 383 383 383 383 383 383 383 383 383 383 383 383 383 442 442 442 442 442 442 442 442 442 442 442 442 442 442 444 443 443 443 512 512 512 512 512 512 512 512 512 514 514 513 513 513 513 513 513 513 513 513 513 513 511 511 511 511 511 511 511 511 511 511 511 511 0 0 0 0 0 0 0 0 0 0 0 0 0 0 0 0 0 0
392 392 392 394 394 393 393 393 402 404 403 383 383 383 383 383 383 383 383 383 383 383 383 383 383 383 432 432 442 442 442 442 442 442 442 442 442 442 442 442 442 444 443 512 512 512 512 512 512 512 514 514 514 513 513 513 513 513 513 513 513 513 513 513 513 513 513 513 513 513 511 511 511 511 511 511 511 511 511 0 0 0 0 0 0 0 0 0 0 0 0 0 0 0 0 0
392 392 392 392 392 394 394 394 394 404 383 383 383 383 383 383 383 383 383 383 383 383 383 383 383 383 432 432 432 432 442 442 442 442 442 442 442 442 442 442 442 444 432 512 512 512 512 514 514 514 513 513 513 513 513 513 513 513 513 513 513 513 513 513 513 513 513 513 513 513 513 511 511 511 511 511 511 511 511 0 0 0 0 0 0 0 0 0 0 0 0 0 0 0 0 0
392 392 392 392 392 392 382 382 382 384 383 383 383 383 383 383 383 383 383 383 383 383 383 383 383 383 432 432 432 432 432 432 432 442 442 442 432 432 432 432 432 432 434 514 514 514 514 513 513 513 513 513 513 513 513 513 513 513 513 513 513 513 513 513 513 513 513 513 513 513 513 513 513 511 511 511 511 511 0 0 0 0 0 0 0 0 0 0 0 0 0 0 0 0 0 0
392 392 392 392 392 382 382 382 382 382 384 383 383 383 383 383 383 383 383 383 383 383 383 383 383 383 432 432 432 432 432 432 432 432 432 432 432 432 432 432 432 432 434 433 433 513 513 513 513 513 513 513 513 513 513 513 513 513 513 513 513 513 513 513 513 513 513 513 513 513 513 513 513 513 511 511 511 511 0 0 0 0 0 0 0 0 0 0 0 0 0 0 0 0 0 0
373 373 392 382 382 382 382 382 382 382 384 383 383 383 383 383 383 383 383 383 383 383 383 383 383 383 432 432 432 432 432 432 432 432 432 432 432 432 432 432 432 434 433 433 433 433 513 513 513 513 513 513 513 513 513 513 513 513 513 513 513 513 513 513 513 513 513 513 513 513 513 513 513 513 513 531 531 533 0 0 0 0 0 0 0 0 0 0 0 0 0 0 0 0 0 0
373 373 373 373 382 382 382 382 382 382 384 383 383 383 383 383 383 383 383 383 383 363 363 363 363 363 432 432 432 432 432 432 432 432 432 432 432 432 432 432 432 434 433 433 433 433 433 513 513 513 513 513 513 513 513 513 513 513 513 513 513 513 513 513 513 513 513 513 513 513 513 513 513 531 531 531 531 533 0 0 0 0 0 0 0 0 0 0 0 0 0 0 0 0 0 0
373 373 373 373 373 382 382 382 382 382 384 383 383 383 383 383 383 383 383 383 363 363 363 363 363 363 432 432 432 432 432 432 432 432 432 432 432 432 432 432 432 434 433 433 433 433 433 433 513 513 513 513 513 513 513 513 513 513 513 513 513 513 513 513 513 513 513 513 513 513 513 513 531 531 531 531 531 533 533 0 0 0 0 0 0 0 0 0 0 0 0 0 0 0 0 0
373 373 373 373 373 373 382 382 382 382 384 383 383 383 383 383 383 383 363 363 363 363 363 363 363 363 432 432 432 432 432 432 432 432 432 432 432 432 432 432 434 433 433 433 433 433 433 433 433 513 513 513 513 513 513 513 513 513 513 513 513 513 513 513 513 513 513 513 513 513 531 531 531 531 531 531 531 533 533 533 0 0 0 0 0 0 0 0 0 0 0 0 0 0 0 0
373 373 373 373 373 373 382 382 382 382 384 383 383 383 383 383 383 383 363 363 363 363 363 363 363 363 432 432 432 432 432 432 432 432 432 432 432 432 432 432 434 433 433 433 433 433 433 433 433 433 513 513 513 513 513 513 513 513 513 513 513 513 513 513 513 513 513 513 513 531 531 531 531 531 531 531 531 533 533 533 0 0 0 0 0 0 0 0 0 0 0 0 0 0 0 0
373 373 373 373 373 373 373 382 382 382 384 383 383 383 383 383 383 363 363 363 363 363 363 363 363 363 432 432 432 432 432 432 432 432 432 432 432 432 432 432 434 433 433 433 433 433 433 433 433 433 433 513 513 513 513 513 513 513 513 513 513 513 513 513 513 513 513 513 531 531 531 531 531 531 531 531 531 533 533 533 533 0 0 0 0 0 0 0 0 0 0 0 0 0 0 0
373 373 373 373 373 373 373 373 382 382 384 383 383 383 383 383 363 363 363 363 363 363 363 363 363 363 411 432 432 432 432 432 432 432 432 432 432 432 432 432 434 433 433 433 433 433 433 433 433 433 433 433 513 513 513 513 513 513 513 513 513 513 513 513 513 532 531 531 531 531 531 531 531 531 531 531 531 533 533 533 533 0 0 0 0 0 0 0 0 0 0 0 0 0 0 0
373 374 374 374 374 374 374 374 374 374 364 363 363 363 363 363 363 363 363 363 363 363 363 363 363 411 411 411 432 432 432 432 432 432 432 432 432 432 432 432 434 433 433 433 433 433 433 433 433 433 433 433 513 513 513 513 513 513 513 513 513 513 513 513 532 531 531 531 531 531 531 531 531 531 531 531 533 533 533 533 533 0 0 0 0 0 0 0 0 0 0 0 0 0 0 0
374 372 372 372 372 372 362 362 362 362 364 363 363 363 363 363 363 363 363 363 363 363 363 363 363 411 411 411 411 432 432 432 432 432 432 432 432 432 432 432 434 433 433 433 433 433 433 433 433 433 433 433 433 513 513 513 513 513 513 513 513 513 513 532 532 531 531 531 531 531 531 531 531 531 531 533 533 533 533 533 533 0 0 0 0 0 0 0 0 0 0 0 0 0 0 0
372 372 372 372 372 362 362 362 362 362 362 364 363 363 363 363 363 363 363 363 363 363 363 363 363 411 411 411 411 432 432 432 432 432 432 432 432 432 432 432 434 433 433 433 433 433 433 433 433 433 433 433 433 433 513 513 513 513 513 513 513 532 532 532 532 531 531 531 531 531 531 531 531 531 531 533 533 533 533 533 533 0 0 0 0 0 0 0 0 0 0 0 0 0 0 0
372 372 372 372 362 362 362 362 362 362 362 364 363 363 363 363 363 363 363 363 363 363 363 363 411 411 411 411 411 411 432 432 432 432 432 432 432 432 432 432 434 433 433 433 433 433 433 433 433 433 433 433 433 433 433 513 513 513 513 513 532 532 532 532 532 531 531 531 531 531 531 531 531 531 533 533 533 533 533 533 533 0 0 0 0 0 0 0 0 0 0 0 0 0 0 0
372 372 372 362 362 362 362 362 362 362 362 364 363 363 363 363 363 363 363 363 363 363 363 343 411 411 411 411 411 411 432 432 432 432 432 432 432 432 432 432 434 433 433 433 433 433 433 433 433 433 433 433 433 433 433 433 513 513 522 532 532 532 532 532 532 531 531 531 531 531 531 531 531 533 533 533 533 533 533 533 533 0 0 0 0 0 0 0 0 0 0 0 0 0 0 0
353 353 353 362 362 362 362 362 362 362 362 364 363 363 363 363 363 363 363 363 363 343 343 343 411 411 411 411 411 411 411 432 432 432 432 432 432 432 432 432 434 433 433 433 433 433 433 433 433 433 433 433 433 433 433 433 522 522 522 532 532 532 532 532 532 531 531 531 531 531 531 531 533 533 533 533 533 533 533 533 533 0 0 0 0 0 0 0 0 0 0 0 0 0 0 0
353 353 353 353 362 362 362 362 362 362 362 364 363 363 363 363 363 363 363 343 343 343 343 343 343 411 411 411 411 411 411 432 432 432 432 432 432 432 432 432 434 433 433 433 433 433 433 433 433 433 433 433 433 433 433 433 522 522 522 532 532 532 532 532 532 531 531 531 531 531 531 533 533 533 533 533 533 533 533 533 533 0 0 0 0 0 0 0 0 0 0 0 0 0 0 0
353 353 353 353 353 362 362 362 362 362 362 362 364 363 343 343 343 343 343 343 343 343 343 343 343 411 411 411 411 411 411 411 432 432 432 432 432 432 432 432 434 433 433 433 433 433 433 433 433 433 433 433 433 433 433 522 522 522 522 532 532 532 532 532 532 531 531 531 531 531 533 533 533 533 533 533 533 533 533 533 533 0 0 0 0 0 0 0 0 0 0 0 0 0 0 0
351 353 353 353 353 353 353 362 362 362 362 362 364 343 343 343 343 343 343 343 343 343 343 343 343 411 411 411 411 411 411 411 432 432 432 432 432 432 432 432 434 433 433 433 433 433 433 433 433 433 433 433 433 433 522 522 522 522 522 532 532 532 532 532 532 531 531 531 531 533 533 533 533 533 533 533 533 533 533 533 533 0 0 0 0 0 0 0 0 0 0 0 0 0 0 0
351 351 353 353 353 353 353 353 353 362 362 362 364 343 343 343 343 343 343 343 343 343 343 343 343 411 411 411 411 411 411 411 411 432 432 432 432 432 432 432 434 433 433 433 433 433 433 433 433 433 433 433 433 522 522 522 522 522 522 532 532 532 532 532 532 531 531 531 533 533 533 533 533 533 533 542 542 542 542 542 542 0 0 0 0 0 0 0 0 0 0 0 0 0 0 0
351 351 351 353 353 353 353 353 353 354 354 354 344 343 343 343 343 343 343 343 343 343 343 343 343 411 411 411 411 411 411 411 411 432 432 432 432 432 432 434 433 433 433 433 433 433 433 433 433 433 433 433 522 522 522 522 522 522 522 532 532 532 532 532 532 531 531 533 533 533 533 533 542 542 542 542 542 542 542 542 542 0 0 0 0 0 0 0 0 0 0 0 0 0 0 0
351 351 351 354 354 354 354 354 354 352 352 342 342 344 343 343 343 343 343 343 343 343 343 343 343 411 411 411 411 411 411 411 432 432 432 432 432 432 432 432 434 433 433 433 433 433 433 433 433 433 433 433 522 522 522 522 522 522 522 532 532 532 532 532 532 534 533 533 533 533 533 542 542 542 542 542 542 542 542 542 542 542 0 0 0 0 0 0 0 0 0 0 0 0 0 0
351 351 351 352 352 352 352 352 352 352 342 342 342 342 344 343 343 343 343 343 343 343 343 343 343 411 411 411 411 411 411 411 432 432 432 432 432 432 432 432 434 433 433 433 433 433 433 433 433 433 433 433 522 522 522 522 522 522 522 532 532 532 532 532 534 533 533 533 533 533 542 542 542 542 542 542 542 542 542 542 542 542 542 542 0 0 0 0 0 0 0 0 0 0 0 0
351 351 352 352 352 352 352 352 352 342 342 342 342 342 342 344 343 343 343 343 343 343 343 343 343 411 411 411 411 411 411 411 432 432 432 432 432 432 432 432 434 433 433 433 433 433 433 433 433 433 433 522 522 522 522 522 522 522 522 532 532 532 532 534 533 533 533 533 533 542 542 542 542 542 542 542 542 542 542 542 542 542 542 542 542 542 0 0 0 0 0 0 0 0 0 0
351 351 352 352 352 352 352 352 352 342 342 342 342 342 342 344 343 343 343 343 343 343 343 343 343 411 411 411 411 411 411 411 411 432 432 432 432 432 432 434 433 433 433 433 433 433 433 433 433 433 522 522 522 522 522 522 522 522 522 532 532 532 534 533 533 533 533 533 542 542 542 542 542 542 542 542 542 542 542 542 542 542 542 542 542 542 542 0 0 0 0 0 0 0 0 0
351 352 352 352 352 352 352 352 342 342 342 342 342 342 342 342 344 343 343 343 343 343 343 343 343 411 411 411 411 411 411 411 411 432 432 432 432 432 432 434 433 433 433 433 433 433 433 433 433 522 522 522 522 522 522 522 522 522 522 532 532 534 533 533 533 533 533 542 542 542 542 542 542 542 542 542 542 542 542 542 542 542 542 542 542 542 542 0 0 0 0 0 0 0 0 0
351 351 352 352 352 352 352 352 342 342 342 342 342 342 342 342 342 344 343 343 343 343 343 343 343 411 411 411 411 411 411 411 432 432 432 432 432 432 432 434 433 433 433 433 433 433 433 433 522 522 522 522 522 522 522 522 522 522 522 534 534 533 533 533 533 533 542 542 542 542 542 542 542 542 542 542 542 542 542 542 542 542 542 542 542 542 542 542 0 0 0 0 0 0 0 0
351 351 352 352 352 352 352 342 342 342 342 342 342 342 342 342 342 342 344 343 343 343 343 343 343 412 411 411 411 411 411 411 432 432 432 432 432 432 432 434 433 433 433 433 433 433 433 433 522 522 522 522 522 522 522 522 524 524 534 533 533 533 533 533 533 542 542 542 542 542 542 542 542 542 542 542 542 542 542 542 542 542 542 542 542 542 542 542 542 0 0 0 0 0 0 0
351 351 352 352 352 352 342 342 342 342 342 342 342 342 342 342 342 342 344 343 343 343 343 343 343 412 412 414 413 413 413 413 432 432 432 432 432 432 432 434 433 433 433 433 433 433 522 522 522 522 522 522 522 524 524 524 523 523 544 533 533 544 544 542 542 542 542 542 542 542 542 542 542 542 542 542 542 542 542 542 542 542 542 542 542 542 542 542 542 542 0 0 0 0 0 0
351 351 352 352 352 342 342 342 342 342 342 342 342 342 342 342 342 342 342 344 343 343 343 343 343 412 412 414 413 413 413 432 432 432 432 432 432 432 432 434 433 433 433 433 522 522 522 522 522 522 522 524 524 523 523 523 523 523 523 544 544 543 543 544 544 544 544 544 544 544 542 542 542 542 542 542 542 542 542 542 542 542 542 542 542 542 542 542 542 542 542 0 0 0 0 0
351 351 352 352 342 342 342 342 342 342 342 342 342 342 342 342 342 342 342 344 343 343 343 343 412 412 414 413 413 413 413 422 432 432 432 432 432 432 434 433 433 433 433 522 522 522 522 522 522 522 524 523 523 523 523 523 523 523 523 523 543 543 543 543 543 543 543 543 543 543 544 544 542 542 542 542 542 542 542 542 542 542 542 542 542 542 542 542 542 542 542 0 0 0 0 0
351 351 352 342 342 342 342 342 342 342 342 342 342 342 342 342 342 342 342 342 344 343 343 343 412 414 413 413 413 413 422 422 422 432 432 432 432 432 434 433 433 433 522 522 522 522 522 522 524 524 523 523 523 523 523 523 523 523 523 523 543 543 543 543 543 543 543 543 543 543 543 543 544 541 541 541 541 541 541 541 541 541 541 542 542 542 542 542 542 542 542 542 0 0 0 0
303 303 303 342 342 342 342 342 342 342 342 342 342 342 342 342 342 342 342 342 342 344 343 412 412 414 413 413 413 413 422 422 422 422 432 432 432 434 433 433 433 522 522 522 522 522 524 524 523 523 523 523 523 523 523 523 523 523 523 523 543 543 543 543 543 543 543 543 543 543 543 543 543 541 541 541 541 541 541 541 541 541 541 541 542 542 542 542 542 542 542 542 542 0 0 0
303 303 303 303 303 342 342 342 342 342 342 342 342 342 342 342 342 342 342 342 342 344 343 412 414 413 413 413 413 422 422 422 422 422 422 432 434 433 433 433 522 522 522 522 522 524 523 523 523 523 523 523 523 523 523 523 523 523 523 523 543 543 543 543 543 543 543 543 543 543 543 543 543 543 541 541 541 541 541 541 541 541 541 541 541 541 542 542 542 542 542 542 542 0 0 0
303 303 303 303 303 303 342 342 342 332 332 332 332 332 332 332 332 332 332 332 332 342 344 414 413 413 413 413 422 422 422 422 422 422 422 434 422 524 524 524 524 524 524 524 524 523 523 523 523 523 523 523 523 523 523 523 523 523 523 523 543 543 543 543 543 543 543 543 543 543 543 543 543 543 543 541 541 541 541 541 541 541 541 541 541 541 541 542 542 542 542 542 0 0 0 0
303 303 303 303 303 303 303 342 332 332 332 332 332 332 332 332 332 332 332 332 332 332 344 414 413 413 413 413 422 422 422 422 422 422 422 424 524 523 523 523 523 523 523 523 523 523 523 523 523 523 523 523 523 523 523 523 523 523 523 523 523 543 543 543 543 543 543 543 543 543 543 543 543 543 543 543 541 541 541 541 541 541 541 541 541 541 541 541 542 542 542 542 0 0 0 0
303 303 303 303 303 303 303 332 332 332 332 332 332 332 332 332 332 332 332 332 332 332 334 333 333 333 333 422 422 422 422 422 422 422 424 423 423 423 523 523 523 523 523 523 523 523 523 523 523 523 523 523 523 523 523 523 523 523 523 523 523 523 543 543 543 543 543 543 543 543 543 543 543 543 543 543 543 541 541 541 541 541 541 541 541 541 541 541 541 542 542 0 0 0 0 0
