wepppy/watershed_abstraction/tests/data/flowpath_infinite_loop/dem/topaz/SUBWTA.ARC
ncols   447
nrows   443
xllcorner  507961
yllcorner 5195383
cellsize   30.00
nodata_value     0.0
[rows 124 to 185 of 443, columns 96 to 191 of 447]
0 0 0 0 0 0 0 0 0 0 0 0 0 0 0 0 0 0 0 0 0 0 0 0 0 0 0 0 0 0 0 0 0 0 0 0 0 122 122 122 132 132 132 132 132 132 132 134 133 142 142 142 142 142 142 144 143 143 143 143 143 143 143 143 143 143 143 143 143 143 143 143 143 143 143 143 301 301 301 301 301 301 301 301 301 301 301 303 303 303 303 303 303 303 303 303
0 0 0 0 0 0 0 0 0 0 0 0 0 0 0 0 0 0 0 0 0 0 0 0 0 0 0 0 0 0 0 0 0 0 0 0 0 122 122 122 122 132 132 132 132 132 132 134 133 142 142 142 142 142 144 143 143 143 143 143 143 143 143 143 143 143 143 143 143 143 143 143 143 143 143 143 301 301 301 301 301 301 301 301 301 301 301 303 303 303 303 303 303 303 303 303
0 0 0 0 0 0 0 0 0 0 0 0 0 0 0 0 0 0 0 0 0 0 0 0 0 0 0 0 0 0 0 0 0 0 0 0 122 122 122 122 122 122 132 132 132 132 132 132 134 133 142 142 142 142 144 143 143 143 143 143 143 143 143 143 143 143 143 143 143 143 143 143 143 143 143 143 301 301 301 301 301 301 301 301 301 301 301 303 303 303 303 303 303 303 303 303
0 0 0 0 0 0 0 0 0 0 0 0 0 0 0 0 0 0 0 0 0 0 0 0 0 0 0 0 0 0 0 0 0 0 0 0 122 122 122 122 122 122 122 132 132 132 132 132 132 134 142 142 142 144 143 143 143 143 143 143 143 143 143 143 143 143 143 143 143 143 143 143 143 143 143 301 301 301 301 301 301 301 301 301 301 301 301 303 303 303 303 303 303 303 303 303
0 0 0 0 0 0 0 0 0 0 0 0 0 0 0 0 0 0 0 0 0 0 0 0 0 0 0 0 0 0 0 0 0 0 0 0 122 122 122 122 122 122 122 132 132 132 132 132 132 134 142 142 142 144 143 143 143 143 143 143 143 143 143 143 143 143 143 143 143 143 143 143 143 143 171 171 301 301 301 301 301 301 301 301 301 301 301 303 303 303 303 303 303 303 303 303
0 0 0 0 0 0 0 0 0 0 0 0 0 0 0 0 0 0 0 0 0 0 0 0 0 0 0 0 0 0 0 0 0 0 0 0 122 122 122 122 122 122 122 132 132 132 132 132 132 134 133 142 144 143 143 143 143 143 143 143 143 143 143 143 143 143 143 143 143 143 171 171 171 171 171 171 301 301 301 301 301 301 301 301 301 301 304 303 303 303 303 303 303 303 303 303
0 0 0 0 0 0 0 0 0 0 0 0 0 0 0 0 0 0 0 0 0 0 0 0 0 0 0 0 0 0 0 0 0 0 0 0 122 122 122 122 122 122 122 122 132 132 132 132 132 132 134 144 143 143 143 143 143 143 143 143 143 143 143 143 143 143 143 143 143 171 171 171 171 171 171 171 302 302 302 302 302 302 302 302 302 302 302 304 303 303 303 303 303 303 303 303
0 0 0 0 0 0 0 0 0 0 0 0 0 0 0 0 0 0 0 0 0 0 0 0 0 0 0 0 0 0 0 0 0 0 0 0 122 122 122 122 122 122 122 122 122 122 122 122 132 132 134 144 143 143 143 143 143 143 143 143 143 143 143 143 143 143 143 172 171 171 171 171 171 171 171 171 302 302 302 302 302 302 302 302 302 302 302 302 304 303 303 303 303 303 303 303
0 0 0 0 0 0 0 0 0 0 0 0 0 0 0 0 0 0 0 0 0 0 0 0 0 0 0 0 0 0 0 0 0 0 0 0 122 122 122 122 122 122 122 122 122 122 122 122 122 122 124 123 123 123 123 123 123 123 123 123 123 123 123 123 123 172 172 171 171 171 171 171 171 171 171 171 302 302 302 302 302 302 302 302 302 302 302 302 304 303 303 303 303 303 303 303
0 0 0 0 0 0 0 0 0 0 0 0 0 0 0 0 0 0 0 0 0 0 0 0 0 0 0 0 0 0 0 0 0 0 0 122 122 122 122 122 122 122 122 122 122 122 122 122 122 122 124 123 123 123 123 123 123 123 123 123 172 172 172 172 172 172 172 171 171 171 171 171 171 171 171 171 302 302 302 302 302 302 302 302 302 302 302 302 302 304 303 303 303 303 303 303
0 0 0 0 0 0 0 0 0 0 0 0 0 0 0 0 0 0 0 0 0 0 0 0 0 0 0 0 0 0 0 0 0 0 0 122 122 122 122 122 122 122 122 122 122 122 122 122 122 122 124 123 123 123 123 123 123 123 123 172 172 172 172 172 172 172 171 171 171 171 171 171 171 171 171 171 302 302 302 302 302 302 302 302 302 302 302 302 302 302 304 304 303 303 303 303
0 0 0 0 0 0 0 0 0 0 0 0 0 0 0 0 0 0 0 0 0 0 0 0 0 0 0 0 0 0 0 0 0 0 0 122 122 122 122 122 122 122 122 122 122 122 122 122 122 122 124 123 123 123 123 123 123 123 172 172 172 172 172 172 172 171 171 171 171 171 171 171 171 171 171 171 251 302 302 302 302 302 302 302 302 302 302 302 302 302 302 302 304 303 303 303
0 0 0 0 0 0 0 0 0 0 0 0 0 0 0 0 0 0 0 0 0 0 0 0 0 0 0 0 0 0 0 0 0 0 0 122 122 122 122 122 122 122 122 122 122 122 122 122 122 124 123 123 123 123 123 123 123 172 172 172 172 172 172 172 171 171 171 171 171 171 171 171 171 171 171 171 251 251 302 302 302 302 302 302 302 302 302 302 302 302 302 302 302 304 304 303
0 0 0 0 0 0 0 0 0 0 0 0 0 0 0 0 0 0 0 0 0 0 0 0 0 0 0 0 0 0 0 0 0 0 0 122 122 122 122 122 122 122 122 122 122 122 122 122 122 124 123 123 123 123 123 123 172 172 172 172 172 172 172 171 171 171 171 171 171 171 171 171 171 171 171 251 251 251 251 251 302 302 302 302 302 302 302 302 302 302 302 302 302 302 302 304
0 0 0 0 0 0 0 0 0 0 0 0 0 0 0 0 0 0 0 0 0 0 0 0 0 0 0 0 0 0 0 0 0 0 0 122 122 122 122 122 122 122 122 122 122 122 122 122 122 124 123 123 123 123 123 172 172 172 172 172 172 172 172 171 171 171 171 171 171 171 171 171 171 171 171 251 251 251 251 251 251 302 302 302 302 302 302 302 302 302 302 302 302 302 302 302
0 0 0 0 0 0 0 0 0 0 0 0 0 0 0 0 0 0 0 0 0 0 0 0 0 0 0 0 0 0 0 0 0 0 122 122 122 122 122 122 122 122 122 122 122 122 122 122 124 123 123 123 123 123 172 172 172 172 172 172 172 172 171 171 171 171 171 171 171 171 171 171 171 171 171 251 251 251 251 251 251 251 251 302 302 302 302 302 302 302 302 302 302 302 302 302
0 0 0 0 0 0 0 0 0 0 0 0 0 0 0 0 0 0 0 0 0 0 0 0 0 0 0 0 0 0 0 0 0 0 122 122 122 122 122 122 122 122 122 122 122 122 122 122 124 123 123 123 123 172 172 172 172 172 172 172 172 172 174 171 171 171 171 171 171 171 171 171 171 171 251 251 251 251 251 251 251 251 251 251 251 251 302 302 302 302 302 302 302 302 302 302
0 0 0 0 0 0 0 0 0 0 0 0 0 0 0 0 0 0 0 0 0 0 0 0 0 0 0 0 0 0 0 0 0 0 122 122 122 122 122 122 122 122 122 122 122 122 122 124 123 123 123 123 172 172 172 172 172 172 172 172 174 174 173 173 173 173 173 173 173 173 173 173 173 173 251 251 251 251 251 251 251 251 251 251 251 251 251 302 302 302 302 302 302 302 302 302
0 0 0 0 0 0 0 0 0 0 0 0 0 0 0 0 0 0 0 0 0 0 0 0 0 0 0 0 0 0 0 0 0 0 112 112 112 112 112 112 112 112 112 112 112 112 112 114 174 174 174 174 174 174 174 174 174 174 174 174 173 173 173 173 173 173 173 173 173 173 173 173 173 173 251 251 251 251 251 251 251 251 251 251 251 251 251 251 302 302 302 302 302 302 302 302
0 0 0 0 0 0 0 0 0 0 0 0 0 0 0 0 0 0 0 0 0 0 0 0 0 0 0 0 0 0 0 0 0 0 112 112 112 112 112 112 112 112 112 112 112 112 114 113 113 113 113 113 113 113 113 113 113 113 173 173 173 173 173 173 173 173 173 173 173 173 173 173 173 201 251 251 251 251 251 251 251 251 251 251 251 251 251 253 253 253 272 302 302 302 302 302
0 0 0 0 0 0 0 0 0 0 0 0 0 0 0 0 0 0 0 0 0 0 0 0 0 0 0 0 0 0 0 0 0 112 112 112 112 112 112 112 112 112 112 112 112 112 114 113 113 113 113 113 113 113 113 113 113 113 113 173 173 173 173 173 173 173 173 173 173 173 173 201 201 201 251 251 251 251 251 251 251 251 251 251 251 251 253 253 253 253 272 272 302 302 302 302
0 0 0 0 0 0 0 0 0 0 0 0 0 0 0 0 0 0 0 0 0 0 0 0 0 0 0 0 0 0 0 0 0 112 112 112 112 112 112 112 112 112 112 112 112 112 114 113 113 113 113 113 113 113 113 113 113 113 113 113 173 173 173 173 173 173 173 173 173 201 201 201 201 201 251 251 251 251 251 251 251 251 251 251 251 253 253 253 253 272 272 272 272 272 302 302
0 0 0 0 0 0 0 0 0 0 0 0 0 0 0 0 0 0 0 0 0 0 0 0 0 0 0 0 0 0 0 0 0 112 112 112 112 112 112 112 112 112 112 112 112 112 114 113 113 113 113 113 113 113 113 113 113 113 113 113 113 173 173 173 173 173 173 201 201 201 201 201 201 201 201 251 251 251 251 251 251 251 251 251 253 253 253 253 253 272 272 272 272 272 302 302
0 0 0 0 0 0 0 0 0 0 0 0 0 0 0 0 0 0 0 0 0 0 0 0 0 0 0 0 0 0 0 112 112 112 112 112 112 112 112 112 112 112 112 112 112 112 114 113 113 113 113 113 113 113 113 113 113 113 113 113 113 173 173 173 173 201 201 201 201 201 201 201 201 201 201 252 252 251 251 251 251 251 251 253 253 253 253 253 253 272 272 272 272 272 272 302
0 0 0 0 0 0 0 0 0 0 0 0 0 0 0 0 0 0 0 0 0 0 0 0 0 0 0 0 112 112 112 112 112 112 112 112 112 112 112 112 112 112 112 112 112 114 113 113 113 113 113 113 113 113 113 113 113 113 113 113 113 113 173 201 201 201 201 201 201 201 201 201 201 201 201 252 252 252 251 251 251 251 253 253 253 253 253 253 253 272 272 272 272 272 272 272
0 0 0 0 0 0 0 0 0 0 0 0 0 0 0 0 0 0 0 0 0 0 0 0 0 0 112 112 112 112 112 112 112 112 112 112 112 112 112 112 112 112 112 112 112 114 113 113 113 113 113 113 113 113 113 113 113 113 113 113 113 113 201 201 201 201 201 201 201 201 201 201 201 201 252 252 252 252 252 252 252 254 253 253 253 253 253 253 253 272 272 272 272 272 272 272
0 0 0 0 0 0 0 0 0 0 0 0 0 0 0 0 0 0 0 0 0 0 0 0 0 0 112 112 112 112 112 112 112 112 112 112 112 112 112 112 112 112 112 112 114 113 113 113 113 113 113 113 113 113 113 113 113 113 113 113 202 202 201 201 201 201 201 201 201 201 201 201 201 201 252 252 252 252 252 252 252 254 253 253 253 253 253 253 253 272 272 272 272 272 272 272
0 0 0 0 0 0 0 0 0 0 0 0 0 0 0 0 0 0 0 0 0 0 0 0 0 112 112 112 112 112 112 112 112 112 112 112 112 112 112 112 112 112 112 112 114 113 113 113 113 113 113 113 113 113 113 113 113 113 113 202 202 202 202 201 201 201 201 201 201 201 201 201 201 201 252 252 252 252 252 252 252 252 254 253 253 253 253 253 253 272 272 272 272 272 272 272
0 0 0 0 0 0 0 0 0 0 0 0 0 0 0 0 0 0 0 0 0 0 0 81 81 112 112 112 112 112 112 112 112 112 112 112 112 112 112 112 112 112 112 114 113 113 113 113 113 113 113 113 113 113 113 113 113 113 202 202 202 202 202 202 201 201 201 201 201 201 201 201 201 201 252 252 252 252 252 252 252 252 254 253 253 253 253 253 272 272 272 272 272 272 272 272
0 0 0 0 0 0 0 0 0 0 0 0 0 0 0 0 0 0 0 0 0 81 81 81 81 112 112 112 112 112 112 112 112 112 112 112 112 112 112 112 112 112 112 114 113 113 113 113 113 113 113 113 113 113 113 113 113 202 202 202 202 202 202 202 202 201 201 201 201 201 201 201 201 201 252 252 252 252 252 252 252 252 254 253 253 253 253 253 272 272 272 272 272 272 272 272
0 0 0 0 0 0 0 0 0 0 0 0 0 0 0 0 0 0 0 81 81 81 81 81 81 81 112 112 112 112 112 112 112 112 112 112 112 112 112 112 112 112 112 114 113 113 113 113 113 113 113 113 113 113 113 113 202 202 202 202 202 202 202 202 202 201 201 201 201 201 201 201 201 201 252 252 252 252 252 252 252 252 254 253 253 253 253 253 272 272 272 272 272 272 272 272
0 0 0 0 0 0 0 0 0 0 0 0 0 0 0 0 0 81 81 81 81 81 81 81 81 81 112 112 112 112 112 112 112 112 112 112 112 112 112 112 112 112 112 114 113 113 113 113 113 113 113 113 113 113 113 113 202 202 202 202 202 202 202 202 202 201 201 201 201 201 201 201 201 201 252 252 252 252 252 252 252 252 254 253 253 253 253 253 253 272 272 272 272 272 272 272
0 0 0 0 0 0 0 0 0 0 0 0 0 0 0 81 81 81 81 81 81 81 81 81 81 81 83 112 112 112 112 112 112 112 112 112 112 112 112 112 112 112 114 113 113 113 113 113 113 113 113 113 113 113 113 113 202 202 202 202 202 202 202 202 202 201 201 201 201 201 201 201 201 201 252 252 252 252 252 252 252 252 254 253 253 253 253 253 253 272 272 272 272 272 272 272
0 0 0 0 0 0 0 0 0 0 0 0 0 0 81 81 81 81 81 81 81 81 81 81 81 81 83 112 112 112 112 112 112 112 112 112 112 112 112 112 112 112 114 113 113 113 113 113 113 113 113 113 113 113 113 202 202 202 202 202 202 202 202 202 202 204 201 201 201 201 201 201 201 203 252 252 252 252 252 252 252 252 254 253 253 253 253 253 253 262 272 272 272 272 272 272
0 0 0 0 0 0 0 0 0 0 0 0 0 81 81 81 81 81 81 81 81 81 81 81 81 81 83 83 112 112 112 112 112 112 112 112 112 112 112 112 112 114 113 113 113 113 113 113 113 113 113 113 113 113 113 202 202 202 202 202 202 202 202 202 204 203 203 203 203 203 203 203 203 203 252 252 252 252 252 252 252 252 254 253 253 253 253 253 253 262 262 262 272 272 272 272
0 0 0 0 0 0 0 0 0 0 0 0 0 81 81 81 81 81 81 81 81 81 81 81 81 81 83 83 83 112 112 112 112 112 112 112 112 112 112 112 112 114 113 113 113 113 113 113 113 113 113 113 113 113 202 202 202 202 202 202 202 202 202 202 204 203 203 203 203 203 203 203 203 203 252 252 252 252 252 252 252 252 252 254 253 253 253 253 253 262 262 262 262 272 272 272
0 0 0 0 0 0 0 0 0 0 0 0 81 81 81 81 81 81 81 81 81 81 81 81 81 83 83 83 83 112 112 112 112 112 112 112 112 112 112 112 114 113 113 113 113 113 113 113 113 113 113 113 113 113 202 202 202 202 202 202 202 202 202 202 204 203 203 203 203 203 203 203 203 203 252 252 252 252 252 252 252 252 252 254 253 253 253 253 253 262 262 262 262 262 272 272
0 0 0 0 0 0 0 0 0 0 0 0 73 81 81 81 81 81 81 81 81 81 81 81 81 83 83 83 83 83 112 112 112 112 112 112 112 112 112 112 114 113 113 113 113 113 113 113 113 113 113 113 113 113 202 202 202 202 202 202 202 202 202 202 204 203 203 203 203 203 203 203 203 203 252 252 252 252 252 252 252 252 252 254 253 253 253 253 253 262 262 262 262 262 262 272
0 0 0 0 0 0 0 0 0 0 0 0 73 73 81 81 81 81 81 81 81 81 81 81 83 83 83 83 83 83 83 112 112 112 112 112 112 112 112 112 114 113 113 113 113 113 113 113 113 113 113 113 113 113 202 202 202 202 202 202 202 202 202 202 204 203 203 203 203 203 203 203 203 203 252 252 252 252 252 252 252 252 252 252 254 253 253 253 253 262 262 262 262 262 262 262
0 0 0 0 0 0 0 0 0 0 0 0 73 73 73 81 81 81 81 81 81 81 81 83 83 83 83 83 83 83 83 112 112 112 112 112 112 112 112 112 114 113 113 113 113 113 113 113 113 113 113 113 113 113 202 202 202 202 202 202 202 202 202 202 204 203 203 203 203 203 203 203 203 203 252 252 252 252 252 252 252 252 252 252 254 253 253 253 253 262 262 262 262 262 262 262
0 0 0 0 0 0 0 0 0 0 0 71 73 73 73 73 81 81 81 82 82 81 81 83 83 83 83 83 83 83 83 112 112 112 112 112 112 112 112 112 114 113 113 113 113 113 113 113 113 113 113 113 113 113 202 202 202 202 202 202 202 202 202 202 204 203 203 203 203 203 203 203 203 203 242 252 252 252 252 252 252 252 252 252 252 254 253 253 253 262 262 262 262 262 262 262
0 0 0 0 0 0 0 0 0 0 71 71 71 73 73 73 73 73 82 82 82 82 84 83 83 83 83 83 83 83 83 112 112 112 112 112 112 112 112 112 114 113 113 113 113 113 113 113 113 113 113 113 113 202 202 202 202 202 202 202 202 202 202 202 204 203 203 203 203 203 203 203 203 232 232 242 252 252 252 252 252 252 252 252 252 254 253 253 253 262 262 262 262 262 262 262
0 0 0 0 0 0 0 0 0 0 71 71 71 71 73 73 73 73 73 82 82 82 82 84 83 83 83 83 83 83 83 112 112 112 112 112 112 112 112 112 114 113 113 113 113 113 113 113 113 113 113 113 113 202 202 202 202 202 202 202 202 202 202 204 203 203 203 203 203 203 203 203 203 232 232 232 242 252 252 252 252 252 252 252 252 254 253 253 253 262 262 262 262 262 262 262
0 0 0 0 0 0 0 0 0 71 71 71 71 71 71 73 73 73 73 73 82 82 82 84 83 83 83 83 83 83 83 112 112 112 112 112 112 112 112 112 114 113 113 113 113 113 113 113 113 113 113 113 113 202 202 202 202 202 202 202 202 202 202 204 203 203 203 203 203 203 203 203 203 232 232 232 232 242 252 252 252 252 252 252 252 252 254 253 253 262 262 262 262 262 262 264
0 0 0 0 0 0 0 0 0 71 71 71 71 71 71 71 73 73 73 73 73 82 82 82 84 83 83 83 83 83 83 112 112 112 112 112 112 112 112 114 113 113 113 113 113 113 113 113 113 113 113 113 113 202 202 202 202 202 202 202 202 202 202 204 203 203 203 203 203 203 203 203 232 232 232 232 232 232 242 252 252 252 252 252 252 252 254 253 253 262 262 262 262 262 264 263
0 0 0 0 0 0 0 0 71 71 71 71 71 71 71 71 73 73 73 73 73 73 82 82 82 84 83 83 83 83 83 112 112 112 112 112 112 112 112 114 113 113 113 113 113 113 113 113 113 113 113 113 113 202 202 202 202 202 202 202 202 202 202 204 203 203 203 203 203 203 203 203 232 232 232 232 232 232 232 242 252 252 252 252 252 252 252 254 253 262 262 262 262 262 264 263
0 0 0 0 0 0 0 0 71 71 71 71 71 71 71 71 71 73 73 73 73 73 82 82 82 84 83 83 83 83 83 112 112 112 112 112 112 112 112 114 113 113 113 113 113 113 113 113 113 113 113 113 113 202 202 202 202 202 202 202 202 202 202 204 203 203 203 203 203 203 203 203 232 232 232 232 232 232 232 242 242 242 252 252 252 252 252 252 254 262 262 262 262 262 264 263
0 0 0 0 0 0 0 71 71 71 71 71 71 71 71 71 71 73 73 73 73 73 73 73 82 84 83 83 83 83 83 112 112 112 112 112 112 112 114 113 113 113 113 113 113 113 113 113 113 113 113 113 113 202 202 202 202 202 202 202 202 202 204 203 203 203 203 203 203 203 203 203 232 232 232 232 232 232 232 232 242 242 242 242 242 242 242 242 242 254 262 262 262 264 263 263
0 0 0 0 0 0 0 71 71 71 71 71 71 71 71 71 71 73 73 73 73 73 73 73 73 84 83 83 83 83 83 112 112 112 112 112 112 112 114 113 113 113 113 113 113 113 113 113 113 113 113 113 113 202 202 202 202 202 202 202 202 202 204 203 203 203 203 203 203 203 203 232 232 232 232 232 232 232 232 232 242 242 242 242 242 242 242 242 242 242 254 262 262 264 263 263
0 0 0 0 0 0 0 71 71 71 71 71 71 71 71 71 71 73 73 73 73 73 73 73 73 84 83 83 83 83 83 83 112 112 112 112 112 112 114 113 113 113 113 113 113 113 113 113 113 113 113 113 202 202 202 202 202 202 202 202 202 202 204 203 203 203 203 203 203 203 203 232 232 232 232 232 232 232 232 232 232 242 242 242 242 242 242 242 242 242 242 254 264 263 263 263
0 0 0 0 0 0 0 0 71 71 71 71 71 71 71 71 71 73 73 73 73 73 73 73 73 84 83 83 83 83 83 83 112 112 112 112 112 112 114 113 113 113 113 113 113 113 113 113 113 113 113 113 202 202 202 202 202 202 202 202 202 202 204 203 203 203 203 203 203 203 232 232 232 232 232 232 232 232 232 232 232 242 242 242 242 242 242 242 242 242 242 244 243 243 263 263
0 0 0 0 0 0 0 0 71 71 71 71 71 71 71 71 71 71 73 73 73 73 73 73 73 84 83 83 83 83 83 83 112 112 112 112 112 114 113 113 113 113 113 113 113 113 113 113 113 113 113 113 202 202 202 202 202 202 202 202 202 202 204 203 203 203 203 203 203 203 232 232 232 232 232 232 232 232 232 232 232 232 242 242 242 242 242 242 242 242 244 243 243 243 243 263
0 0 0 0 0 0 0 0 71 71 71 71 71 71 71 71 71 71 71 73 73 73 73 73 73 84 83 83 83 83 83 63 112 112 112 112 112 114 113 113 113 113 113 113 113 113 113 113 113 113 113 113 202 202 202 202 202 202 202 202 202 204 203 203 203 203 203 203 222 222 232 232 232 232 232 232 232 232 232 232 232 232 232 242 242 242 242 242 242 244 243 243 243 243 243 243
0 0 0 0 0 0 0 0 71 71 71 71 71 71 71 71 71 71 71 74 74 74 73 73 73 84 83 83 83 83 63 63 112 112 112 112 112 114 113 113 113 113 113 113 113 113 113 113 113 113 113 202 202 202 202 202 202 202 202 202 202 204 203 203 203 203 203 203 222 222 222 232 232 232 232 232 232 232 232 232 232 232 232 232 242 242 242 242 244 243 243 243 243 243 243 243
0 0 0 0 0 0 0 0 71 71 71 72 72 72 72 72 72 72 72 72 72 72 74 73 73 84 83 83 83 63 63 112 112 112 112 112 112 114 113 113 113 113 113 113 113 113 113 113 113 113 113 202 202 202 202 202 202 202 202 202 204 203 203 203 203 203 203 222 222 222 222 222 232 232 232 232 232 232 232 232 232 232 232 232 232 242 242 244 243 243 243 243 243 243 243 243
0 0 0 0 0 0 0 0 71 71 72 72 72 72 72 72 72 72 72 72 72 72 72 74 73 84 83 83 63 63 63 112 112 112 112 112 112 114 113 113 113 113 113 113 113 113 113 113 113 113 202 202 202 202 202 202 202 202 202 202 204 203 203 203 203 203 222 222 222 222 222 222 222 232 232 232 232 232 232 232 232 232 232 232 232 232 244 232 232 243 243 243 243 243 243 243
0 0 0 0 0 0 0 0 71 72 72 72 72 72 72 72 72 72 72 72 72 72 72 74 73 84 83 63 63 63 63 63 112 112 112 112 112 114 113 113 113 113 113 113 113 113 113 113 113 202 202 202 202 202 202 202 202 202 202 204 203 203 203 203 203 203 222 222 222 222 222 222 222 222 232 232 232 232 232 232 232 232 232 232 232 232 234 674 672 672 672 672 672 672 672 672
0 0 0 0 0 0 0 0 72 72 72 72 72 72 72 72 72 72 72 72 72 72 72 74 73 84 63 63 63 63 63 63 112 112 112 112 112 114 113 113 113 113 113 113 113 113 113 113 202 202 202 202 202 202 202 202 202 202 202 204 203 203 203 203 203 222 222 222 222 222 222 222 222 222 222 232 232 232 232 232 232 232 232 232 234 234 233 233 674 672 672 672 672 672 672 672
0 0 0 0 0 0 0 72 72 72 72 72 72 72 72 72 72 72 72 72 72 72 72 72 74 64 63 63 63 63 63 63 112 112 112 112 112 114 113 113 113 113 113 113 113 113 113 113 202 202 202 202 202 202 202 202 202 202 204 203 203 203 203 203 203 222 222 222 222 222 222 222 222 222 222 222 232 232 232 232 232 232 234 234 233 233 233 233 233 674 672 672 672 672 672 672
0 0 0 0 0 0 72 72 72 72 72 72 72 72 72 72 72 72 72 72 72 72 72 72 72 62 64 63 63 63 63 63 112 112 112 112 112 114 113 113 113 113 113 113 113 113 113 113 202 202 202 202 202 202 202 202 202 202 204 203 203 203 203 203 222 222 222 222 222 222 222 222 222 222 222 222 232 232 232 232 234 234 233 233 233 233 233 233 233 233 674 672 672 672 672 672
0 0 0 0 0 0 0 0 0 72 72 72 72 72 72 72 72 72 72 72 72 72 72 72 72 62 62 64 63 63 63 63 112 112 112 112 112 114 113 113 113 113 113 113 113 113 113 113 202 202 202 202 202 202 202 202 202 202 204 203 203 203 203 222 222 222 222 222 222 222 222 222 222 222 222 222 232 232 234 234 233 233 233 233 233 233 233 233 233 233 233 674 672 672 672 672
0 0 0 0 0 0 0 0 0 0 51 51 51 51 51 51 72 72 72 72 72 72 72 72 72 62 62 62 64 63 63 63 112 112 112 112 112 114 113 113 113 113 113 113 113 113 113 113 202 202 202 202 202 202 202 202 202 202 204 203 203 203 203 222 222 222 222 222 222 222 222 222 222 222 222 222 234 234 233 233 233 233 233 233 233 233 233 233 233 233 233 233 674 674 671 671
