wepppy/watershed_abstraction/tests/data/flowpath_infinite_loop/dem/topaz/SUBWTA.ARC
ncols   447
nrows   443
xllcorner  507961
yllcorner 5195383
cellsize   30.00
nodata_value     0.0
[rows 186 to 247 of 443, columns 96 to 191 of 447]
0 0 0 0 0 0 0 0 0 0 0 51 51 51 51 51 51 72 72 72 72 72 72 72 62 62 62 62 64 63 63 63 112 112 112 112 112 114 113 113 113 113 113 113 113 113 113 113 202 202 202 202 202 202 202 202 202 202 204 203 203 203 203 222 222 222 222 222 222 222 222 222 222 224 224 224 222 233 233 233 233 233 233 233 233 233 233 233 233 233 233 233 233 673 671 671
0 0 0 0 0 0 0 0 0 0 0 51 51 51 51 51 51 51 51 72 72 72 72 62 62 62 62 62 64 63 63 63 112 112 112 112 114 113 113 113 113 113 113 113 113 113 113 113 202 202 202 202 202 202 202 202 202 204 203 203 203 203 222 222 222 222 222 222 222 222 222 222 224 223 223 684 222 222 233 233 233 233 233 233 233 233 233 233 233 233 233 233 233 233 673 671
0 0 0 0 0 0 0 0 0 0 0 0 51 51 51 51 51 51 51 51 51 72 62 62 62 62 62 62 64 63 63 63 112 112 112 112 114 113 113 113 113 113 113 113 113 113 113 113 202 202 202 202 202 202 202 202 202 204 203 203 203 203 222 222 222 222 222 222 222 222 224 224 223 223 223 684 682 222 222 233 233 233 233 233 233 233 233 233 233 233 233 233 233 233 233 673
0 0 0 0 0 0 0 0 0 0 0 0 51 51 51 51 51 51 51 51 62 62 62 62 62 62 62 62 64 63 63 63 112 112 112 112 114 113 113 113 113 113 113 113 113 113 113 113 113 202 202 202 202 202 202 202 202 204 203 203 203 222 222 222 222 222 222 222 222 224 223 223 223 223 223 683 684 682 682 682 233 233 233 233 233 233 233 233 233 233 233 233 233 233 233 233
0 0 0 0 0 0 0 0 0 0 0 0 51 51 51 51 51 51 51 62 62 62 62 62 62 62 62 62 64 63 63 63 112 112 112 112 114 113 113 113 113 113 113 113 113 113 113 113 113 202 202 202 202 202 202 202 202 204 203 203 203 222 222 222 222 222 222 222 222 224 223 223 223 223 223 683 683 684 682 682 682 682 682 233 233 233 233 233 233 233 682 682 682 682 233 233
0 0 0 0 0 0 0 0 0 0 0 0 0 51 51 51 51 51 51 62 62 62 62 62 62 62 62 62 64 63 63 63 112 112 112 112 114 113 113 113 113 113 113 113 113 113 113 113 113 202 202 202 202 202 202 202 202 204 203 203 203 222 222 222 222 222 222 222 224 223 223 223 223 223 223 683 683 683 684 682 682 682 682 682 682 682 682 682 682 682 682 682 682 682 682 233
0 0 0 0 0 0 0 0 0 0 0 0 0 51 51 51 51 51 51 62 62 62 62 62 62 62 62 62 64 63 63 63 112 112 112 112 114 113 113 113 113 113 113 113 113 113 113 113 113 202 202 202 202 202 202 202 202 204 203 203 222 222 222 222 222 222 222 222 224 223 223 223 223 223 223 683 683 683 683 684 682 682 682 682 682 682 682 682 682 682 682 682 682 682 682 682
0 0 0 0 0 0 0 0 0 0 0 0 0 51 51 51 51 51 51 62 62 62 62 62 62 62 62 64 63 63 63 112 112 112 112 112 114 113 113 113 113 113 113 113 113 113 113 113 113 202 202 202 202 202 202 202 202 204 203 203 222 222 222 222 222 222 222 224 223 223 223 223 223 223 223 683 683 683 683 683 684 682 682 682 682 682 682 682 682 682 682 682 682 682 682 682
0 0 0 0 0 0 0 0 0 0 0 0 0 51 51 51 51 51 51 62 62 62 62 62 62 62 62 64 63 63 63 112 112 112 112 112 114 113 113 113 113 113 113 113 113 113 113 113 192 192 202 202 202 202 202 202 202 204 203 203 222 222 222 222 222 222 224 223 223 223 223 223 223 223 223 223 683 683 683 683 683 684 684 682 682 682 682 682 682 682 682 682 682 682 682 682
0 0 0 0 0 0 0 0 0 0 0 0 0 51 51 51 51 51 62 62 62 62 62 62 62 62 64 63 63 63 63 112 112 112 112 112 112 114 113 113 113 113 113 113 113 113 113 113 192 192 192 192 202 202 202 202 202 204 203 203 222 222 222 222 222 222 224 223 223 223 223 223 223 223 223 223 683 683 683 683 683 683 683 684 684 682 682 682 682 682 682 682 682 682 682 682
0 0 0 0 0 0 0 0 0 0 0 0 0 51 51 51 51 62 62 62 62 62 62 62 62 64 63 63 63 63 112 112 112 112 112 112 112 114 113 113 113 113 113 113 113 113 113 192 192 192 192 192 192 202 202 202 202 204 203 203 222 222 222 222 222 224 223 223 223 223 223 223 223 223 223 223 223 683 683 683 683 683 683 683 683 684 684 684 684 682 682 682 682 682 682 682
0 0 0 0 0 0 0 0 0 0 0 0 0 51 51 51 51 62 62 62 62 62 62 62 64 63 63 63 63 63 112 112 112 112 112 112 112 114 113 113 113 113 113 113 113 113 113 192 192 192 192 192 192 192 202 202 202 202 204 203 222 222 222 222 222 224 223 223 223 223 223 223 223 223 223 223 223 223 683 683 683 683 683 683 683 683 683 683 683 684 684 684 682 682 682 682
0 0 0 0 0 0 0 0 0 0 0 0 0 51 51 51 51 62 62 62 62 62 62 62 64 63 63 63 63 112 112 112 112 112 112 112 112 114 113 113 113 113 113 113 113 113 113 192 192 192 192 192 192 192 192 202 202 202 204 203 222 222 222 222 222 224 223 223 223 223 223 223 223 223 223 223 223 223 223 683 683 683 683 683 683 683 683 683 683 683 683 683 684 684 682 682
0 0 0 0 0 0 0 0 0 0 0 0 0 51 51 51 51 62 62 62 62 62 62 62 64 63 63 63 63 112 112 112 112 112 112 112 112 114 113 113 113 113 113 113 113 113 192 192 192 192 192 192 192 192 192 192 202 202 204 203 203 222 222 222 224 223 223 223 223 223 223 223 223 223 223 223 223 223 223 223 223 223 683 683 683 683 683 683 683 683 683 683 683 683 684 684
0 0 0 0 0 0 0 0 0 0 0 0 51 51 51 51 51 51 62 62 62 62 62 62 64 63 63 63 63 112 112 112 112 112 112 112 112 114 113 113 113 113 113 113 113 113 192 192 192 192 192 192 192 192 192 192 192 202 202 204 203 222 222 224 223 223 223 223 223 223 223 223 223 223 223 223 223 223 223 223 223 223 223 223 683 683 683 683 683 683 683 683 683 683 683 683
0 0 0 0 0 0 0 0 0 0 0 0 51 51 51 51 51 53 53 62 62 62 62 62 64 63 63 63 63 112 112 112 112 112 112 112 112 114 113 113 113 113 113 113 113 113 192 192 192 192 192 192 192 192 192 192 192 192 192 202 204 222 224 223 223 223 223 223 223 223 223 223 223 223 223 223 223 223 223 223 223 223 223 223 223 223 223 683 683 683 683 683 683 683 683 683
0 0 0 0 0 0 0 0 0 0 0 51 51 51 51 51 54 53 53 53 62 62 62 62 64 63 63 63 112 112 112 112 112 112 112 112 112 114 113 113 113 113 113 113 113 192 192 192 192 192 192 192 192 192 192 192 192 192 192 192 204 224 223 223 223 223 223 223 223 223 223 223 223 223 223 223 223 223 223 223 223 223 223 223 223 223 223 223 223 683 683 683 683 683 683 683
0 0 0 0 0 0 0 0 0 0 0 51 51 51 51 51 52 54 54 53 53 53 62 62 64 63 63 63 112 112 112 112 112 112 112 112 112 114 113 113 113 113 113 113 113 192 192 192 192 192 192 192 192 192 192 192 192 192 192 192 194 814 814 814 812 812 812 812 812 812 812 812 812 812 223 223 223 223 223 223 223 223 223 223 223 223 223 223 223 223 683 683 683 683 683 783
0 0 0 0 0 0 0 0 0 0 0 51 51 51 51 52 52 52 52 54 53 53 53 64 63 63 63 63 112 112 112 112 112 112 112 112 112 114 113 113 113 113 113 113 192 192 192 192 192 192 192 192 192 192 192 192 192 192 192 194 193 193 813 813 814 814 812 812 812 812 812 812 812 812 812 812 812 223 223 223 223 223 223 223 223 223 223 223 223 223 223 683 683 683 783 783
0 0 0 0 0 0 0 0 0 0 0 51 51 51 52 52 52 52 52 52 54 54 54 64 63 63 63 63 112 112 112 112 112 112 112 112 112 114 113 113 113 113 113 113 192 192 192 192 192 192 192 192 192 192 192 192 192 192 194 193 193 193 193 813 813 813 814 812 812 812 812 812 812 812 812 812 812 812 812 812 223 223 223 223 223 223 223 223 223 223 223 223 683 783 783 783
0 0 0 0 0 0 0 0 0 0 42 42 42 42 42 42 42 42 42 42 42 42 42 44 43 43 43 43 43 112 112 112 112 112 112 112 112 114 113 113 113 113 113 192 192 192 192 192 192 192 192 192 192 192 192 192 192 194 193 193 193 193 193 813 813 813 813 814 814 812 812 812 812 812 812 812 812 812 812 812 812 812 812 812 223 223 223 223 223 223 223 223 783 783 783 783
0 0 0 0 0 0 0 0 0 0 42 42 42 42 42 42 42 42 42 42 42 42 42 44 43 43 43 43 43 112 112 112 112 112 112 112 112 114 113 113 113 113 113 192 192 192 192 192 192 192 192 192 192 192 192 192 194 193 193 193 193 193 193 813 813 813 813 813 813 814 814 812 812 812 812 812 812 812 812 812 812 812 812 812 812 812 812 812 812 812 812 812 812 783 783 803
0 0 0 0 0 0 0 0 0 42 42 42 42 42 42 42 42 42 42 42 42 42 42 44 43 43 43 43 43 112 112 112 112 112 112 112 114 113 113 113 113 113 113 192 192 192 192 192 192 192 192 192 192 192 192 192 194 193 193 193 193 193 193 813 813 813 813 813 813 813 813 814 814 812 812 812 812 812 812 812 812 812 812 812 812 812 812 812 812 812 812 812 812 783 803 803
0 0 0 0 0 0 0 0 42 42 42 42 42 42 42 42 42 42 42 42 42 42 42 44 43 43 43 43 43 112 112 112 112 112 112 112 114 113 113 113 113 113 113 192 192 192 192 192 192 192 192 192 192 192 192 194 193 193 193 193 193 193 193 813 813 813 813 813 813 813 813 813 813 814 814 814 812 812 812 812 812 812 812 812 812 812 812 812 812 812 812 812 812 812 803 803
0 0 0 0 0 0 0 0 42 42 42 42 42 42 42 42 42 42 42 42 42 42 42 44 43 43 43 43 43 112 112 112 112 112 112 112 114 113 113 113 113 113 113 192 192 192 192 192 192 192 192 192 192 192 194 193 193 193 193 193 193 193 193 193 813 813 813 813 813 813 813 813 813 813 813 813 814 814 814 812 812 812 812 812 812 812 812 812 812 812 812 812 812 812 803 803
0 0 0 0 0 0 0 0 42 42 42 42 42 42 42 42 42 42 42 42 42 42 42 44 43 43 43 43 43 112 112 112 112 112 112 112 114 113 113 113 113 113 182 192 192 192 192 192 192 192 192 192 192 192 194 193 193 193 193 193 193 193 193 193 193 813 813 813 813 813 813 813 813 813 813 813 813 813 813 814 812 812 812 812 812 812 812 812 812 812 812 812 812 812 803 803
0 0 0 0 0 0 0 0 42 42 42 42 42 42 42 42 42 42 42 42 42 42 42 44 43 43 43 43 43 112 112 112 112 112 112 112 112 114 113 113 113 113 182 182 192 192 192 192 192 192 192 192 192 194 193 193 193 193 193 193 193 193 193 193 193 193 813 813 813 813 813 813 813 813 813 813 813 813 813 813 814 811 811 811 811 811 811 811 811 811 811 811 811 811 803 803
0 0 0 0 0 0 0 0 42 42 42 42 42 42 42 42 42 42 42 42 42 42 42 44 43 43 43 43 43 112 112 112 112 112 112 112 112 114 113 113 113 113 182 182 182 192 192 192 192 192 192 192 192 194 193 193 193 193 193 193 193 193 193 193 193 193 822 813 813 813 813 813 813 813 813 813 813 813 813 813 811 811 811 811 811 811 811 811 811 811 811 811 811 811 803 803
0 0 0 0 0 0 0 42 42 42 42 42 42 42 42 42 42 42 42 42 42 42 44 43 43 43 43 43 43 112 112 112 112 112 112 112 112 114 113 113 113 113 182 182 182 182 192 192 192 192 192 192 194 193 193 193 193 193 193 193 193 822 822 822 822 822 822 822 822 813 813 813 813 813 813 813 813 813 813 813 811 811 811 811 811 811 811 811 811 811 811 811 811 811 803 803
0 0 0 0 0 0 0 42 42 42 42 42 42 42 42 42 42 42 42 42 42 42 44 43 43 43 43 43 43 112 112 112 112 112 112 112 112 114 113 113 113 113 182 182 182 182 182 192 192 192 192 192 194 193 193 193 193 193 193 193 822 822 822 822 822 822 822 822 822 822 822 813 813 813 813 813 813 813 813 813 811 811 811 811 811 811 811 811 811 811 811 811 811 811 811 803
0 0 0 0 0 0 0 42 42 42 42 42 42 42 42 42 42 42 42 42 42 42 44 43 43 43 43 43 43 112 112 112 112 112 112 112 112 112 114 113 113 113 182 182 182 182 182 182 192 192 192 194 193 193 193 193 193 193 193 822 822 822 822 822 822 822 822 822 822 822 822 822 822 813 813 813 813 813 813 811 811 811 811 811 811 811 811 811 811 811 811 811 811 811 811 803
0 0 0 0 0 0 42 42 42 42 42 42 42 42 42 42 42 42 42 42 42 42 44 43 43 43 43 43 43 112 112 112 112 112 112 112 112 112 114 113 113 113 182 182 182 182 182 182 182 192 192 194 193 193 193 193 193 193 822 822 822 822 822 822 822 822 822 822 822 822 822 822 821 821 821 813 813 813 811 811 811 811 811 811 811 811 811 811 811 811 811 811 811 811 811 803
0 0 0 0 0 42 42 42 42 42 42 42 42 42 42 42 42 42 42 42 42 42 44 43 43 43 43 43 43 112 112 112 112 112 112 112 112 112 114 113 113 113 182 182 182 182 182 182 182 182 182 194 193 193 193 193 193 822 822 822 822 822 822 822 822 822 822 822 822 822 822 821 821 821 821 821 821 811 811 811 811 811 811 811 811 811 811 811 811 811 811 811 811 811 811 803
0 0 0 42 42 42 42 42 42 42 42 42 42 42 42 42 42 42 42 42 42 42 44 43 43 43 43 43 43 112 112 112 112 112 112 112 112 112 114 113 113 113 182 182 182 182 182 182 182 182 182 184 824 824 824 824 824 824 824 822 822 822 822 822 822 822 822 822 822 822 821 821 821 821 821 821 821 821 811 811 811 811 811 811 811 811 811 811 811 811 811 811 811 811 811 803
0 0 0 42 42 42 42 42 42 42 42 42 42 42 42 42 42 42 42 42 42 42 44 43 43 43 43 43 43 112 112 112 112 112 112 112 112 112 114 113 113 113 182 182 182 182 182 182 182 182 184 183 183 823 823 823 823 823 823 824 824 824 824 822 822 822 822 822 822 821 821 821 821 821 821 821 821 821 821 811 811 811 811 811 811 811 811 811 811 811 811 811 811 811 811 811
0 0 0 42 42 42 42 42 42 42 42 42 42 42 42 42 42 42 42 42 42 42 44 43 43 43 43 43 43 112 112 112 112 112 112 112 112 112 114 113 113 113 182 182 182 182 182 182 182 184 183 183 183 183 823 823 823 823 823 823 823 823 823 824 822 822 822 822 821 821 821 821 821 821 821 821 821 821 821 821 811 811 811 811 811 811 811 811 811 811 811 811 811 811 811 811
0 0 0 0 42 42 42 42 42 42 42 42 42 42 42 42 42 42 42 42 42 42 44 43 43 43 43 43 43 112 112 112 112 112 112 112 112 112 114 113 113 113 182 182 182 182 182 182 184 183 183 183 183 183 183 823 823 823 823 823 823 823 823 823 824 824 824 821 821 821 821 821 821 821 821 821 821 821 821 821 811 811 811 811 811 811 811 811 811 811 811 811 811 811 811 811
0 0 0 0 42 42 42 42 42 42 42 42 42 42 42 42 42 42 42 42 42 42 44 43 43 43 43 43 43 112 112 112 112 112 112 112 112 112 114 113 113 113 182 182 182 182 182 184 183 183 183 183 183 183 183 183 823 823 823 823 823 823 823 823 823 823 823 821 821 821 821 821 821 821 821 821 821 821 821 821 821 811 811 811 811 811 811 811 811 811 811 811 811 811 811 882
0 0 0 0 42 42 42 42 42 42 42 42 42 42 42 42 42 42 42 42 42 42 44 43 43 43 43 43 43 43 112 112 112 112 112 112 112 112 112 114 113 113 182 182 182 182 182 184 183 183 183 183 183 183 183 183 183 823 823 823 823 823 823 823 823 823 823 821 821 821 821 821 821 821 821 821 821 821 821 821 821 861 861 861 861 861 861 861 861 861 861 861 861 861 882 882
0 0 0 0 42 42 42 42 42 42 42 42 42 42 42 42 42 42 42 42 42 42 42 44 43 43 43 43 43 43 43 112 112 112 112 112 112 112 112 114 113 113 182 182 182 182 184 183 183 183 183 183 183 183 183 183 183 183 823 823 823 823 823 823 823 823 823 821 821 821 821 821 821 821 821 821 821 821 821 821 861 861 861 861 861 861 861 861 861 861 861 861 861 861 882 882
0 0 0 0 42 42 42 42 42 42 42 42 42 42 42 42 42 42 42 42 42 42 42 44 43 43 43 43 43 43 43 102 102 102 102 102 102 102 102 114 113 102 182 182 182 184 183 183 183 183 183 183 183 183 183 183 183 183 183 823 823 823 823 823 823 823 823 821 821 821 821 821 821 821 821 821 821 821 821 821 861 861 861 861 861 861 861 861 861 861 861 861 861 882 882 882
0 0 0 42 42 42 42 42 42 42 42 42 42 42 42 42 42 42 42 42 42 42 42 44 43 43 43 43 43 43 43 92 102 102 102 102 102 102 102 102 114 102 102 182 182 184 183 183 183 183 183 183 183 183 183 183 183 183 183 183 183 823 823 823 823 823 823 821 821 821 821 821 821 821 821 821 821 821 861 861 861 861 861 861 861 861 861 861 861 861 861 861 882 882 882 882
0 42 42 42 42 42 42 42 42 42 42 42 42 42 42 42 42 42 42 42 42 42 42 44 43 43 43 43 43 43 43 43 92 92 92 92 92 92 92 102 102 114 102 102 184 183 183 183 183 183 183 183 183 183 183 183 183 183 831 831 831 831 831 823 823 823 823 821 821 821 821 821 821 821 821 821 861 861 861 861 861 861 861 861 861 861 861 861 861 861 861 861 882 882 882 882
42 42 42 42 42 42 42 42 42 42 42 42 42 42 42 42 42 42 42 42 42 42 42 44 43 43 43 43 43 43 43 43 92 92 92 92 92 92 92 92 102 102 114 102 184 183 183 183 183 183 183 183 183 183 183 183 831 831 831 831 831 831 831 831 823 823 823 821 821 821 821 821 821 821 862 862 862 861 861 861 861 861 861 861 861 861 861 861 861 861 861 863 882 882 882 882
42 42 42 42 42 42 42 42 42 42 42 42 42 42 42 42 42 42 42 42 42 42 42 42 44 43 43 43 43 43 43 43 92 92 92 92 92 92 92 92 102 102 102 104 103 103 103 103 103 103 183 183 183 832 832 831 831 831 831 831 831 831 831 831 831 823 823 821 821 821 821 821 821 862 862 862 862 862 861 861 861 861 861 861 861 861 861 861 861 861 863 863 882 882 882 882
42 42 42 42 42 42 42 42 42 42 42 42 42 42 42 42 42 42 42 42 42 42 42 42 44 43 43 43 43 43 43 43 92 92 92 92 92 92 92 92 102 102 102 104 103 103 103 103 103 103 103 103 832 832 831 831 831 831 831 831 831 831 831 831 831 831 823 821 821 821 821 821 862 862 862 862 862 862 861 861 861 861 861 861 861 861 861 861 861 863 863 882 882 882 882 882
42 42 42 42 42 42 42 42 42 42 42 42 42 42 42 42 42 42 42 42 42 42 42 42 44 43 43 43 43 43 43 43 92 92 92 92 92 92 92 92 102 102 104 92 92 92 92 92 92 92 92 832 832 831 831 831 831 831 831 831 831 831 831 831 831 831 831 831 821 821 821 852 862 862 862 862 862 862 862 861 861 861 861 861 861 861 861 863 863 863 863 882 882 882 882 882
42 42 42 42 42 42 42 42 42 42 42 42 42 42 42 42 42 42 42 42 42 42 42 42 44 43 43 43 43 43 43 43 92 92 92 92 92 92 92 92 102 104 92 92 92 92 92 92 92 832 832 832 831 831 831 831 831 831 831 831 831 831 831 831 831 831 831 842 842 842 852 852 862 862 862 862 862 862 862 862 861 861 861 861 861 863 863 863 863 863 882 882 882 882 882 882
0 42 42 42 42 42 42 42 42 42 42 42 42 42 42 42 42 42 42 42 42 42 42 42 42 44 43 43 43 43 43 43 92 92 92 92 92 92 92 92 104 92 834 834 834 834 834 834 834 834 834 834 831 831 831 831 831 831 831 831 831 831 831 831 831 831 842 842 842 852 852 852 862 862 862 862 862 862 862 862 862 861 861 863 863 863 863 863 863 882 882 882 882 882 882 882
0 42 42 42 42 42 42 42 42 42 42 42 42 42 42 42 42 42 42 42 42 42 42 42 42 44 43 43 43 43 43 43 92 92 92 92 92 92 92 92 94 834 833 833 833 833 833 833 833 833 833 833 831 831 831 831 831 831 831 831 831 831 831 831 831 842 842 842 852 852 852 852 862 862 862 862 862 862 862 862 862 864 863 863 863 863 863 863 872 882 882 882 882 882 882 882
0 0 42 42 42 42 42 42 42 42 42 42 42 42 42 42 42 42 42 42 42 42 42 42 42 42 44 43 43 43 43 43 92 92 92 92 92 92 92 92 94 93 93 93 93 93 93 833 833 833 833 833 833 831 831 831 831 831 831 831 831 831 831 831 842 842 842 852 852 852 852 852 862 862 862 862 862 862 862 862 862 864 863 863 863 863 863 872 882 882 882 882 882 882 882 884
0 0 0 0 42 42 42 42 42 42 42 42 42 42 42 42 42 42 42 42 42 42 42 42 42 42 44 43 43 43 43 43 92 92 92 92 92 92 92 92 94 93 93 93 93 93 93 93 833 833 833 833 833 833 831 831 831 831 831 831 831 831 842 842 842 842 852 852 852 852 852 852 852 862 862 862 862 862 862 862 864 863 863 863 863 863 872 872 882 882 882 882 882 884 884 883
0 0 0 0 0 42 42 42 42 42 42 42 42 42 42 42 42 42 42 42 42 42 42 42 42 42 42 44 43 43 43 43 92 92 92 92 92 92 92 92 94 93 93 93 93 93 93 93 93 833 833 833 833 833 833 833 833 833 833 833 842 842 842 842 842 852 852 852 852 852 852 852 852 862 862 862 862 862 862 864 863 863 863 863 863 872 872 872 882 882 882 882 884 883 883 883
0 0 0 0 0 0 0 42 42 42 42 42 42 42 42 42 42 42 42 42 42 42 42 42 42 42 42 44 43 43 43 92 92 92 92 92 92 92 92 94 93 93 93 93 93 93 93 93 93 93 93 93 93 93 93 93 93 842 842 842 842 842 842 842 852 852 852 852 852 852 852 852 852 852 862 862 862 862 862 864 863 863 863 863 872 872 872 882 882 882 882 884 883 883 883 883
0 0 0 0 0 0 0 0 42 42 42 42 42 42 42 42 42 42 42 42 42 42 42 42 42 42 42 44 43 43 43 92 92 92 92 92 92 92 94 93 93 93 93 93 93 93 93 93 93 93 93 93 93 93 93 93 842 842 842 842 842 842 842 852 852 852 852 852 852 852 852 852 852 852 862 862 862 862 862 864 863 863 863 872 872 872 882 882 882 882 884 883 883 883 883 883
0 0 0 0 0 0 0 0 0 42 42 42 42 42 42 42 42 42 42 42 42 42 42 42 42 42 42 42 44 43 43 92 92 92 92 92 92 94 93 93 93 93 93 93 93 93 93 93 93 93 93 93 93 93 842 842 842 842 842 842 842 842 852 852 852 852 852 852 852 852 852 852 852 852 852 862 862 862 864 863 863 863 872 872 872 872 882 882 882 884 883 883 883 883 883 883
0 0 0 0 0 0 0 0 0 0 42 42 42 42 42 42 42 42 42 42 42 42 42 42 42 42 42 42 44 43 43 92 92 92 92 92 92 94 93 93 93 93 93 93 93 93 93 93 93 93 93 93 93 842 842 842 842 842 842 842 842 842 852 852 852 852 852 852 852 852 852 852 852 852 852 852 862 862 864 863 863 872 872 872 872 872 882 882 884 883 883 883 883 883 883 883
0 0 0 0 0 0 0 0 0 0 0 42 42 42 42 42 42 42 42 42 42 42 42 42 42 42 42 42 44 43 43 92 92 92 92 92 92 94 93 93 93 93 93 93 93 93 93 93 93 93 842 842 842 842 842 842 842 842 842 842 842 842 852 852 852 852 852 852 852 852 852 852 852 852 852 852 852 862 864 863 872 872 872 872 872 872 882 884 883 883 883 883 883 883 883 883
0 0 0 0 0 0 0 0 0 0 0 0 42 42 42 42 42 42 42 42 42 42 42 42 42 42 42 42 44 43 43 92 92 92 92 92 92 94 93 93 93 93 93 93 93 93 93 93 93 842 842 842 842 842 842 842 842 842 842 842 842 842 852 852 852 852 852 852 852 852 852 852 852 852 852 852 852 864 863 872 872 872 872 872 872 872 884 883 883 883 883 883 892 892 892 892
0 0 0 0 0 0 0 0 0 0 0 0 22 22 22 22 42 42 42 42 42 42 42 42 42 42 42 42 44 43 43 43 92 92 92 92 94 93 93 93 93 93 93 93 93 93 93 93 842 842 842 842 842 842 842 842 842 842 842 842 842 842 852 852 852 852 852 852 852 852 852 852 852 852 852 852 852 864 872 872 872 872 874 874 874 874 872 872 872 872 892 892 892 892 892 892
0 0 0 0 0 0 0 0 0 0 0 0 22 22 22 22 22 42 42 42 42 42 42 42 42 42 42 42 42 44 43 43 92 92 92 92 94 93 93 93 93 93 93 93 93 93 93 842 842 842 842 842 842 842 842 842 842 842 842 842 842 842 852 852 852 852 852 852 852 852 852 852 852 852 852 854 854 874 874 874 874 874 873 873 873 873 894 894 892 892 892 892 892 892 892 892
0 0 0 0 0 0 0 0 0 0 0 0 22 22 22 22 22 22 42 42 42 42 42 42 42 42 42 42 42 42 44 43 92 92 92 94 93 93 93 93 93 93 93 93 93 93 93 842 842 842 842 842 842 842 842 842 842 842 842 842 842 842 852 852 852 852 852 852 852 852 852 852 854 854 854 853 853 853 873 873 873 873 873 873 873 873 893 893 894 894 892 892 892 892 892 892
