wepppy/tests/feverish-lamp/dem/topaz/FVSLOP.ARC
ncols   153
nrows   152
xllcorner  505656
yllcorner 5180406
cellsize   30.00
nodata_value    -1.0
[rows 0 to 28 of 152, columns 67 to 133 of 153]
0.36667 0.27000 0.09000 0.03667 -1.00000 0.03667 0.10000 0.12667 0.18333 0.32667 0.46000 0.50000 0.37333 0.02667 -1.00000 0.15333 0.18000 0.08667 0.12333 -1.00000 0.33333 0.42333 0.33000 0.35667 0.26667 0.20000 0.20333 0.26667 0.30333 0.35667 0.23000 0.10333 0.12333 0.17333 0.26333 0.29000 0.20333 0.11667 0.04007 0.12728 0.20333 0.31333 0.20000 0.01667 -1.00000 0.18667 0.13000 0.15667 0.22333 0.15000 0.17000 0.20000 0.06667 -1.00000 0.13333 0.16333 0.13000 0.14000 0.15667 -1.00000 0.06333 0.04333 0.01667 0.05333 -1.00000 0.06667 0.17333
0.37667 0.36333 0.18385 0.25000 0.24667 0.22667 0.21920 0.21685 0.25220 0.36770 0.45962 0.50912 0.46433 0.34000 0.37000 0.38000 0.37948 0.29000 0.25456 0.24000 0.39834 0.43841 0.41719 0.44076 0.37477 0.36770 0.41719 0.45726 0.48790 0.53976 0.40305 0.24042 0.16735 0.18856 0.31333 0.30641 0.23335 0.15556 0.12333 0.16333 0.17333 0.23667 0.17913 0.14333 0.21333 0.33941 0.34000 0.33705 0.31348 0.22627 0.21685 0.24042 0.24000 0.21333 0.22627 0.24749 0.19799 0.20506 0.22863 0.23667 0.26000 0.27333 0.29333 0.34000 0.39000 0.27667 0.27577
0.40667 0.41000 0.21333 0.15333 0.21667 0.23000 0.23333 0.21685 0.23099 0.33234 0.42191 0.45491 0.42191 0.35333 0.40667 0.41333 0.34884 0.27577 0.24984 0.23667 0.33705 0.39667 0.39333 0.36062 0.33705 0.37241 0.39127 0.37712 0.43369 0.48555 0.30406 0.28667 0.30667 0.29698 0.36534 0.33705 0.23806 0.14614 0.14142 0.17678 0.23570 0.31348 0.25692 0.31000 0.26333 0.37005 0.34884 0.31113 0.25692 0.20742 0.24749 0.22863 0.23000 0.23333 0.27577 0.33705 0.26634 0.22392 0.16735 0.24333 0.25000 0.31667 0.36667 0.36667 0.37667 0.31000 0.31584
0.41667 0.45333 0.26667 0.14614 0.13333 0.19333 0.21333 0.19333 0.24333 0.28049 0.38184 0.40541 0.34648 0.39333 0.49333 0.44333 0.31667 0.27577 0.23099 0.16333 0.22392 0.40667 0.34333 0.33667 0.39000 0.35000 0.29333 0.27577 0.32527 0.36667 0.18385 0.24000 0.32333 0.31000 0.34648 0.32291 0.20742 0.12257 0.15792 0.20035 0.28520 0.35591 0.36000 0.37667 0.31333 0.33941 0.32291 0.24513 0.25333 0.24667 0.27106 0.26333 0.24000 0.28667 0.24277 0.28991 0.24984 0.22627 0.17000 0.25667 0.31667 0.36333 0.38667 0.37667 0.35000 0.32291 0.34884
0.39667 0.46667 0.36534 0.26163 0.23099 0.20270 0.18385 0.13671 0.26000 0.23099 0.32763 0.39127 0.31333 0.46333 0.50000 0.42000 0.33941 0.31348 0.25927 0.15333 0.16735 0.34667 0.30333 0.37000 0.45667 0.35333 0.27333 0.25000 0.25000 0.29667 0.16735 0.20270 0.22333 0.20742 0.27813 0.27813 0.19563 0.14667 0.15000 0.19667 0.24000 0.31113 0.38000 0.35000 0.31667 0.26399 0.28991 0.24984 0.24667 0.23333 0.25927 0.27577 0.30333 0.24000 0.21667 0.24667 0.19092 0.16735 0.17333 0.28333 0.33234 0.30406 0.32000 0.33667 0.33941 0.37712 0.36062
0.38667 0.39667 0.38184 0.33234 0.30406 0.27341 0.26163 0.19092 0.22627 0.21449 0.26399 0.33470 0.38000 0.42667 0.38184 0.29227 0.34413 0.34177 0.29698 0.18000 0.14378 0.26163 0.31667 0.54000 0.54667 0.42662 0.33705 0.29934 0.22627 0.16028 0.12000 0.21000 0.33333 0.29333 0.25456 0.26634 0.21685 0.18000 0.16667 0.20667 0.23667 0.27000 0.29667 0.31000 0.33667 0.25333 0.27813 0.27106 0.20506 0.19333 0.23000 0.27333 0.26667 0.26333 0.25667 0.25333 0.17667 0.04714 0.12000 0.32333 0.27341 0.20506 0.24333 0.27333 0.29227 0.39667 0.36062
0.33667 0.27000 0.26000 0.24749 0.24749 0.23099 0.22667 0.24667 0.21449 0.23335 0.23335 0.26000 0.37000 0.34667 0.28667 0.29463 0.35827 0.37005 0.32291 0.19333 0.14000 0.24277 0.40333 0.69333 0.66704 0.47140 0.37712 0.34884 0.24277 0.16971 0.12964 0.28333 0.37000 0.31584 0.28991 0.30641 0.21685 0.17000 0.16000 0.18000 0.21000 0.26000 0.31000 0.35333 0.38000 0.34000 0.25456 0.26870 0.21333 0.23333 0.25000 0.23333 0.29667 0.30000 0.27333 0.26000 0.19333 0.03667 0.11333 0.33667 0.17913 0.14378 0.20742 0.16263 0.24333 0.33333 0.33941
0.27813 0.16000 0.18333 0.21333 0.23000 0.23667 0.25667 0.30333 0.17333 0.23335 0.25667 0.31333 0.35333 0.32000 0.26333 0.28756 0.36534 0.38419 0.34884 0.20333 0.19000 0.33941 0.58690 0.78960 0.69296 0.40069 0.30170 0.28520 0.23000 0.23667 0.27333 0.41955 0.43134 0.32291 0.33234 0.31348 0.17206 0.15085 0.13333 0.15085 0.19563 0.22333 0.26667 0.30333 0.33333 0.36000 0.30000 0.27341 0.25220 0.24667 0.23000 0.24277 0.31348 0.33234 0.32056 0.31348 0.25220 0.11667 0.13906 0.27333 0.15000 0.11078 0.17667 0.16000 0.22667 0.23806 0.31820
0.30877 0.28049 0.26399 0.23335 0.21449 0.25000 0.27667 0.27667 0.16735 0.15792 0.25667 0.30333 0.27667 0.24667 0.22000 0.24513 0.34884 0.37477 0.33941 0.18333 0.18333 0.47000 0.73303 0.78017 0.52797 0.28049 0.32667 0.39333 0.44000 0.46667 0.46000 0.44783 0.34413 0.29463 0.34648 0.27813 0.16000 0.17913 0.15000 0.11785 0.16263 0.15085 0.15667 0.19667 0.26000 0.33667 0.38333 0.31000 0.25927 0.22000 0.22156 0.27577 0.30877 0.33470 0.34413 0.34000 0.30000 0.07667 0.07542 0.20333 0.17442 0.15792 0.16735 0.14333 0.17333 0.18385 0.28520
0.34884 0.37948 0.37333 0.33470 0.32291 0.36062 0.35827 0.29463 0.19092 0.17667 0.24000 0.24667 0.22333 0.19667 0.18000 0.21685 0.32763 0.38655 0.33705 0.17000 0.24000 0.62000 0.70239 0.56804 0.30877 0.38000 0.46433 0.45962 0.42333 0.40000 0.31667 0.27813 0.26163 0.30170 0.32291 0.22863 0.12333 0.17442 0.16333 0.09000 0.11078 0.18000 0.17000 0.22333 0.31667 0.37667 0.40333 0.38000 0.30667 0.24333 0.21685 0.25927 0.27106 0.27333 0.30667 0.35333 0.30000 0.07667 0.02828 0.09333 0.16499 0.18149 0.15085 0.09192 0.13671 0.15556 0.21920
0.41955 0.38655 0.33470 0.38667 0.43667 0.45491 0.42426 0.32056 0.24042 0.23806 0.23667 0.24667 0.22667 0.19333 0.16971 0.18149 0.28049 0.38655 0.35355 0.23667 0.33333 0.67411 0.58690 0.41484 0.24749 0.52667 0.48790 0.37241 0.27341 0.27000 0.25000 0.23000 0.24984 0.28756 0.28756 0.20035 0.12333 0.13671 0.12964 0.11333 0.07778 0.18667 0.23667 0.25220 0.31820 0.36000 0.38667 0.39667 0.36000 0.26333 0.26000 0.27333 0.26667 0.31667 0.30333 0.29667 0.27333 0.07000 0.02333 0.00707 0.13000 0.18333 0.14000 0.09667 0.12492 0.15321 0.18667
0.38184 0.33941 0.34667 0.36770 0.39362 0.39362 0.33470 0.26667 0.25000 0.24749 0.24749 0.27333 0.26000 0.22000 0.19799 0.18385 0.22392 0.32998 0.33941 0.39667 0.40333 0.60811 0.46905 0.27106 0.27000 0.63333 0.50667 0.35355 0.30667 0.29667 0.28333 0.23667 0.22392 0.26163 0.27341 0.20506 0.10333 0.10371 0.12021 0.12667 0.10667 0.15321 0.22667 0.31000 0.34333 0.31820 0.36000 0.37333 0.31667 0.29000 0.34333 0.32333 0.29000 0.34000 0.29333 0.28333 0.19667 0.06600 0.08667 0.04000 0.09192 0.18667 0.17000 0.14000 0.13000 0.19000 0.24667
0.32998 0.32056 0.31584 0.32763 0.31348 0.36298 0.37333 0.32000 0.28333 0.25333 0.27813 0.28000 0.27333 0.25456 0.23570 0.22156 0.22156 0.24984 0.27667 0.36333 0.30406 0.41012 0.32333 0.19333 0.35667 0.67667 0.57667 0.39834 0.30877 0.31667 0.27667 0.24333 0.19333 0.21449 0.24042 0.28333 0.24667 0.13671 0.08957 0.08333 0.10333 0.11549 0.17000 0.31667 0.41000 0.33333 0.24277 0.29667 0.32056 0.37667 0.41000 0.36000 0.33000 0.32333 0.25667 0.23000 0.16735 0.19000 0.19667 0.18333 0.19563 0.25692 0.23570 0.20506 0.17678 0.22333 0.30667
0.30406 0.28520 0.28991 0.30170 0.33941 0.43605 0.34177 0.30667 0.29333 0.28333 0.28756 0.24333 0.23570 0.25927 0.25692 0.24984 0.23335 0.15321 0.19333 0.16000 0.16333 0.27813 0.23570 0.26667 0.50000 0.61667 0.49667 0.40333 0.26870 0.28333 0.23333 0.16667 0.09000 0.15321 0.24000 0.29000 0.32000 0.26667 0.24277 0.14849 0.11000 0.12257 0.16499 0.26000 0.37000 0.36000 0.27813 0.23570 0.39333 0.45333 0.42667 0.38000 0.35667 0.29000 0.20667 0.20035 0.24000 0.30667 0.25000 0.22667 0.18856 0.24984 0.23099 0.20742 0.20977 0.25333 0.30000
0.26870 0.24984 0.26634 0.26399 0.34884 0.33705 0.20742 0.19667 0.22333 0.25333 0.27341 0.23000 0.23335 0.24984 0.26399 0.27000 0.20977 0.14000 0.10333 0.11000 0.15556 0.24984 0.23099 0.34667 0.45019 0.46000 0.43000 0.43605 0.42426 0.31584 0.20270 0.14667 0.19563 0.35120 0.38000 0.43667 0.38000 0.34648 0.35120 0.24042 0.16499 0.12257 0.19667 0.28284 0.37005 0.45019 0.38419 0.32056 0.31348 0.46000 0.41667 0.34667 0.33667 0.32000 0.18149 0.15333 0.34667 0.36000 0.31667 0.27000 0.17000 0.24042 0.24277 0.23806 0.27106 0.31113 0.32527
0.24277 0.26667 0.28756 0.27577 0.31820 0.19328 0.22000 0.25927 0.26163 0.26333 0.30170 0.23099 0.24513 0.24513 0.23806 0.28284 0.22156 0.20333 0.14667 0.09333 0.15321 0.20506 0.23667 0.32333 0.34413 0.44548 0.48083 0.52090 0.51619 0.46198 0.32763 0.19563 0.28333 0.38419 0.31584 0.29333 0.25333 0.32056 0.41484 0.32527 0.19563 0.23667 0.31000 0.34667 0.41484 0.47612 0.50676 0.42662 0.27667 0.34667 0.37333 0.30000 0.29333 0.32667 0.15085 0.19000 0.34884 0.32667 0.27577 0.22000 0.18667 0.23335 0.27106 0.26870 0.29934 0.31584 0.29934
0.24749 0.31113 0.26634 0.20035 0.22667 0.30333 0.34333 0.37000 0.41248 0.42662 0.33000 0.36298 0.33470 0.25220 0.19328 0.14333 0.18620 0.27577 0.24667 0.17000 0.16735 0.16971 0.21333 0.19667 0.31667 0.44548 0.52326 0.58454 0.57747 0.56804 0.54000 0.42667 0.42426 0.46667 0.25456 0.14849 0.27000 0.32056 0.36333 0.36770 0.26667 0.27333 0.17678 0.19563 0.26399 0.32763 0.39834 0.43667 0.36298 0.21000 0.29000 0.26333 0.26634 0.32056 0.18333 0.13333 0.28284 0.24749 0.29227 0.22667 0.20000 0.21449 0.28049 0.27106 0.28284 0.28991 0.29463
0.23570 0.29463 0.16263 0.10000 0.16667 0.15000 0.17333 0.22667 0.30877 0.40541 0.26634 0.26000 0.19799 0.19092 0.20977 0.20000 0.19563 0.31333 0.21449 0.11000 0.08014 0.10135 0.11000 0.12667 0.14849 0.21333 0.27000 0.39333 0.52797 0.54212 0.56000 0.58333 0.56333 0.48333 0.27667 0.25220 0.26333 0.40305 0.39598 0.30170 0.28333 0.24000 0.24042 0.19328 0.14000 0.17333 0.21000 0.17913 0.24749 0.21685 0.23000 0.24333 0.22392 0.27341 0.18333 0.12000 0.23099 0.21667 0.29227 0.25456 0.24000 0.20035 0.25692 0.24513 0.26163 0.30170 0.32998
0.19328 0.22392 0.10371 0.14849 0.18667 0.27000 0.28333 0.22627 0.25456 0.33333 0.34000 0.21667 0.17206 0.28284 0.27106 0.25000 0.23570 0.23667 0.27333 0.16499 0.12021 0.18333 0.27667 0.25000 0.27577 0.29227 0.28756 0.26870 0.28284 0.41000 0.46333 0.45000 0.41667 0.29698 0.37477 0.42333 0.24667 0.40069 0.46905 0.42000 0.45667 0.32056 0.29463 0.26000 0.18667 0.12667 0.14333 0.13000 0.13667 0.14667 0.14849 0.25667 0.19667 0.18149 0.16028 0.12000 0.19328 0.27333 0.25220 0.28520 0.31667 0.23333 0.26634 0.26399 0.25456 0.30406 0.28049
0.21667 0.18149 0.20270 0.20742 0.29463 0.34000 0.39667 0.37005 0.45962 0.29698 0.24667 0.40667 0.54333 0.40333 0.27577 0.23000 0.33667 0.32000 0.22667 0.21449 0.15085 0.25692 0.31333 0.45000 0.54667 0.53667 0.50912 0.53667 0.54333 0.43000 0.39362 0.28756 0.19328 0.41955 0.39834 0.35333 0.25927 0.39598 0.47848 0.47333 0.31820 0.37712 0.51667 0.29667 0.26399 0.22627 0.19799 0.16263 0.17442 0.14849 0.12021 0.24667 0.21333 0.17206 0.12728 0.09000 0.16028 0.30000 0.17442 0.27000 0.38000 0.41333 0.29698 0.31113 0.32998 0.29934 0.22627
0.12667 0.19563 0.22667 0.17333 0.23000 0.27813 0.32000 0.46000 0.59161 0.44783 0.36667 0.40776 0.43333 0.44333 0.31333 0.25667 0.29000 0.28000 0.22392 0.23335 0.21213 0.28520 0.26870 0.29667 0.37667 0.46333 0.53000 0.55333 0.51333 0.48790 0.61667 0.77333 0.83333 0.73333 0.49667 0.25333 0.27577 0.32527 0.38655 0.28049 0.17667 0.48000 0.58333 0.39667 0.28333 0.24277 0.24333 0.26000 0.24277 0.14142 0.08485 0.21920 0.28756 0.25220 0.16263 0.11333 0.14142 0.28000 0.17667 0.28333 0.37667 0.40333 0.36667 0.33705 0.35591 0.27813 0.24042
0.27106 0.26163 0.20000 0.14000 0.28667 0.33941 0.27813 0.41000 0.55154 0.53504 0.40667 0.40667 0.34667 0.36333 0.31667 0.23667 0.23000 0.21685 0.27813 0.19563 0.23000 0.28049 0.29227 0.28000 0.27667 0.26667 0.32000 0.40333 0.48000 0.52000 0.53333 0.55000 0.56000 0.51667 0.33333 0.28520 0.18620 0.13667 0.27333 0.34333 0.30000 0.51667 0.59667 0.51667 0.40776 0.32998 0.31333 0.32000 0.13435 0.08014 0.06128 0.10135 0.20000 0.20506 0.15321 0.06667 0.08250 0.23333 0.26333 0.22000 0.19092 0.19667 0.24667 0.22863 0.24513 0.16263 0.13671
0.41248 0.29227 0.23667 0.20035 0.39127 0.48083 0.36534 0.30000 0.44333 0.52326 0.39127 0.35355 0.33667 0.28667 0.28756 0.23000 0.25667 0.24984 0.36298 0.31333 0.31000 0.27106 0.29463 0.21333 0.26667 0.26163 0.25333 0.23570 0.27333 0.37333 0.44667 0.47000 0.43000 0.30877 0.24749 0.27667 0.25667 0.27333 0.34667 0.37241 0.37712 0.53740 0.57983 0.53504 0.39598 0.33470 0.30406 0.17000 0.08957 0.09899 0.12728 0.17442 0.16971 0.13667 0.12257 0.07333 0.04478 0.14667 0.31000 0.27000 0.16263 0.09428 0.06667 0.10135 0.14000 0.15000 0.12728
0.45726 0.35667 0.26000 0.24513 0.45491 0.45491 0.37712 0.30000 0.40000 0.49733 0.36298 0.33234 0.31667 0.25692 0.25692 0.19328 0.22000 0.23570 0.32056 0.26667 0.23667 0.23000 0.27106 0.19563 0.21667 0.23667 0.26000 0.31333 0.31333 0.32667 0.37667 0.33000 0.26870 0.20667 0.42333 0.39333 0.34648 0.38655 0.40776 0.39834 0.46198 0.50205 0.47667 0.45667 0.40776 0.44076 0.27667 0.14667 0.10000 0.08667 0.08667 0.10667 0.09667 0.06333 0.07071 0.08000 0.02000 0.04478 0.29333 0.29333 0.20742 0.13906 0.10371 0.12000 0.14000 0.15000 0.15000
0.30877 0.22156 0.27667 0.38667 0.42333 0.39000 0.37241 0.24042 0.36667 0.51855 0.41955 0.41333 0.29000 0.32291 0.26163 0.22627 0.22333 0.31000 0.32763 0.28284 0.23333 0.22000 0.23570 0.21449 0.19667 0.24333 0.25333 0.26000 0.25667 0.28333 0.28667 0.25927 0.31333 0.39000 0.36000 0.31348 0.34648 0.43134 0.52090 0.44548 0.40541 0.44548 0.48790 0.49026 0.45726 0.45962 0.43369 0.22392 0.09667 0.09333 0.12333 0.10667 0.06333 0.05185 0.08000 0.12257 0.07667 0.02121 0.19333 0.27667 0.22156 0.15085 0.12000 0.14000 0.14667 0.13000 0.13435
0.27577 0.34177 0.37477 0.46000 0.37005 0.40069 0.42898 0.32763 0.31333 0.45726 0.43333 0.42000 0.30000 0.38655 0.35000 0.33000 0.28000 0.32000 0.34667 0.35120 0.29667 0.26000 0.22863 0.24042 0.17667 0.24333 0.21920 0.15085 0.18000 0.22667 0.16499 0.28756 0.40667 0.39000 0.30877 0.32667 0.43667 0.49262 0.60340 0.60811 0.53269 0.46905 0.49733 0.49969 0.49667 0.49969 0.49969 0.45726 0.27106 0.10371 0.14614 0.17206 0.13906 0.14333 0.15000 0.16499 0.14000 0.08667 0.09428 0.21333 0.20977 0.20035 0.19667 0.18667 0.14000 0.13199 0.11549
0.26634 0.35827 0.37477 0.32667 0.41000 0.40541 0.44312 0.39834 0.30667 0.44333 0.47667 0.43000 0.37712 0.36770 0.42000 0.43000 0.33000 0.35000 0.40333 0.50000 0.43667 0.33470 0.28333 0.24749 0.18385 0.24000 0.27106 0.21920 0.15667 0.15333 0.16499 0.31667 0.36333 0.36298 0.29463 0.32667 0.36000 0.44548 0.52797 0.57040 0.61283 0.54919 0.49026 0.45255 0.39127 0.38419 0.44076 0.48319 0.37948 0.27341 0.18620 0.14142 0.17000 0.21333 0.19667 0.17442 0.16028 0.10333 0.05185 0.09333 0.15333 0.20333 0.18333 0.12728 0.09664 0.11785 0.13667
0.29227 0.39127 0.39362 0.33470 0.38000 0.36534 0.43134 0.43134 0.28000 0.48333 0.50333 0.39333 0.45491 0.37333 0.44000 0.48000 0.44333 0.34667 0.36000 0.40333 0.32998 0.32763 0.29333 0.23000 0.17913 0.16333 0.25667 0.28049 0.20000 0.18667 0.21920 0.30641 0.35355 0.35355 0.26163 0.25667 0.24667 0.37948 0.45255 0.50912 0.57747 0.60575 0.54683 0.45962 0.40069 0.34884 0.35120 0.41955 0.37005 0.26163 0.19799 0.14378 0.11333 0.11667 0.12257 0.17678 0.16499 0.10000 0.04667 0.01650 0.04667 0.03333 0.04333 0.08333 0.08333 0.13333 0.13333
0.39598 0.47848 0.43605 0.39127 0.30667 0.34413 0.42426 0.42191 0.31584 0.34000 0.43667 0.38655 0.47612 0.45000 0.44333 0.44000 0.42333 0.36000 0.34333 0.28756 0.31348 0.30667 0.29000 0.21685 0.13906 0.13906 0.25000 0.29934 0.22392 0.18000 0.24042 0.28991 0.30877 0.29934 0.25000 0.28667 0.25692 0.36770 0.40069 0.44783 0.52326 0.60575 0.62225 0.57747 0.46433 0.37948 0.40069 0.41484 0.34177 0.24277 0.22000 0.27000 0.20667 0.13667 0.08014 0.13906 0.16028 0.13906 0.10000 0.05000 0.04007 0.06667 0.08721 0.10842 0.09899 0.10371 0.09667
