wepppy/tests/feverish-lamp/dem/topaz/FVSLOP.ARC
ncols   153
nrows   152
xllcorner  505656
yllcorner 5180406
cellsize   30.00
nodata_value    -1.0
[rows 87 to 115 of 152, columns 0 to 66 of 153]
0.25333 0.18333 0.32763 0.32291 0.23570 0.25220 0.31348 0.29934 0.27341 0.26634 0.20977 0.22333 0.18856 0.10667 0.04333 0.12000 0.33333 0.30667 0.19333 0.09428 0.17442 0.20270 0.20270 0.24749 0.23806 0.23333 0.23333 0.27577 0.42662 0.34000 0.08667 0.06128 0.08667 0.18333 0.30333 0.23333 0.16333 0.19000 0.24000 0.32333 0.35120 0.32056 0.23099 0.18667 0.18667 0.21000 0.32667 0.36333 0.34667 0.29333 0.21685 0.20742 0.25333 0.27000 0.41667 0.46333 0.53333 0.64333 0.55333 0.38000 0.14667 0.21213 0.55333 0.40333 0.31348 0.40667 0.45000
0.32333 0.27813 0.31820 0.33234 0.26870 0.23570 0.28284 0.26163 0.24277 0.25220 0.19799 0.17667 0.15333 0.12000 0.06333 0.17000 0.33667 0.25000 0.19092 0.12964 0.23099 0.22156 0.18620 0.21449 0.23335 0.15321 0.27000 0.37477 0.39127 0.19333 0.03667 0.12000 0.16000 0.19799 0.21449 0.22667 0.27667 0.27667 0.34648 0.40069 0.32998 0.20506 0.14142 0.14000 0.12333 0.15667 0.14667 0.15333 0.15556 0.17678 0.28049 0.28667 0.22627 0.26399 0.34000 0.35667 0.35000 0.38184 0.32000 0.15000 0.11785 0.31667 0.43333 0.46905 0.39598 0.31348 0.28991
0.15667 0.28520 0.30170 0.28049 0.24277 0.18856 0.21449 0.20667 0.15792 0.18667 0.15321 0.12021 0.13000 0.08667 0.06600 0.22667 0.31000 0.17000 0.16667 0.22667 0.23667 0.20270 0.18385 0.20977 0.23667 0.18149 0.21213 0.28520 0.22000 0.05333 0.01179 0.22000 0.17333 0.18385 0.23000 0.24984 0.29698 0.29463 0.30170 0.28049 0.17442 0.11667 0.11000 0.09333 0.11333 0.09899 0.13199 0.20333 0.21449 0.20506 0.24042 0.22000 0.21667 0.25456 0.20667 0.31333 0.37333 0.41667 0.21667 0.11785 0.16333 0.22627 0.24042 0.28667 0.24000 0.17667 0.34667
0.11667 0.30667 0.39834 0.36770 0.30406 0.20506 0.22392 0.20270 0.18620 0.16735 0.21449 0.20270 0.19000 0.12728 0.11785 0.25667 0.28333 0.11549 0.14333 0.18000 0.15667 0.16263 0.19563 0.16971 0.17333 0.18333 0.20035 0.19799 0.13333 0.06333 0.11314 0.22667 0.17206 0.15556 0.21000 0.26667 0.28333 0.25927 0.25692 0.24667 0.17333 0.12667 0.09899 0.10000 0.09667 0.19092 0.21667 0.20000 0.24042 0.24277 0.28991 0.26667 0.33333 0.32291 0.29000 0.41333 0.40667 0.17913 0.12021 0.11333 0.10000 0.18333 0.22667 0.31000 0.35667 0.30000 0.29463
0.13199 0.24000 0.33470 0.35827 0.26634 0.18856 0.21449 0.26399 0.25000 0.21920 0.26399 0.16667 0.01667 0.08000 0.24667 0.24333 0.15792 0.12000 0.13000 0.13667 0.13333 0.14614 0.18620 0.13435 0.11000 0.20667 0.24667 0.13199 0.06333 0.04000 0.19000 0.21667 0.18333 0.11667 0.15333 0.21667 0.26667 0.26000 0.28667 0.25333 0.20667 0.11000 0.10000 0.09333 0.17913 0.30406 0.27000 0.18000 0.26399 0.33705 0.38184 0.36298 0.43333 0.45000 0.28667 0.12021 0.02828 0.09667 0.17333 0.21000 0.22392 0.34177 0.46433 0.52562 0.49262 0.48790 0.48083
0.22392 0.17667 0.26634 0.37005 0.30877 0.20270 0.17667 0.26634 0.25927 0.27341 0.27667 0.15000 0.08485 0.22667 0.25927 0.17678 0.13000 0.14000 0.18385 0.21667 0.18333 0.15000 0.16735 0.16263 0.12667 0.24984 0.26163 0.14333 0.05000 0.04478 0.20000 0.19333 0.21667 0.16000 0.13667 0.14333 0.30000 0.36333 0.34000 0.22627 0.12964 0.07667 0.09333 0.12728 0.24984 0.31820 0.26667 0.23667 0.28049 0.40069 0.45255 0.40333 0.32000 0.18149 0.10135 0.10667 0.19333 0.22627 0.24984 0.24042 0.26163 0.35355 0.41719 0.36298 0.34648 0.44548 0.43134
0.23000 0.09000 0.19667 0.32998 0.34413 0.23570 0.17913 0.31113 0.34648 0.31667 0.24000 0.12021 0.26333 0.28991 0.18620 0.11333 0.14667 0.15333 0.18385 0.17667 0.19333 0.16333 0.16028 0.17913 0.11785 0.26399 0.21920 0.09333 0.04007 0.14667 0.24333 0.26399 0.32056 0.28049 0.22156 0.25220 0.34648 0.36534 0.32998 0.17913 0.07542 0.11000 0.13000 0.17678 0.30877 0.33234 0.25667 0.30000 0.39362 0.42667 0.40667 0.16667 0.04714 0.11333 0.26667 0.38000 0.42898 0.39362 0.36333 0.33941 0.32291 0.29698 0.30000 0.32667 0.37667 0.44000 0.35355
0.18333 0.04478 0.12667 0.24277 0.34177 0.27106 0.21685 0.34667 0.35667 0.11000 0.05185 0.27667 0.31333 0.21449 0.09428 0.11785 0.14667 0.13000 0.15792 0.15321 0.18667 0.18000 0.16263 0.20506 0.14000 0.23333 0.18000 0.06333 0.05893 0.27000 0.29333 0.28049 0.27341 0.20035 0.19000 0.26870 0.29227 0.32291 0.27106 0.10607 0.18620 0.21667 0.24000 0.26870 0.34884 0.34413 0.27813 0.40333 0.44000 0.30000 0.09192 0.05185 0.11667 0.28667 0.45491 0.51147 0.42191 0.41333 0.43667 0.46667 0.46000 0.41484 0.42426 0.42898 0.43369 0.39598 0.25692
0.20667 0.08957 0.08000 0.16499 0.31333 0.28756 0.25927 0.38655 0.33667 0.12667 0.16971 0.32333 0.23667 0.12728 0.10842 0.15321 0.15000 0.14000 0.14614 0.18620 0.16333 0.18333 0.15333 0.20035 0.14142 0.20742 0.18333 0.03000 0.08667 0.34333 0.30667 0.22333 0.20333 0.21000 0.20333 0.21213 0.19799 0.30333 0.20667 0.17206 0.23570 0.19333 0.24333 0.30000 0.33705 0.35827 0.27106 0.24667 0.15556 0.07542 0.04667 0.16000 0.24000 0.39127 0.44312 0.36770 0.34413 0.37005 0.42333 0.47333 0.48333 0.49000 0.45491 0.44783 0.40541 0.29463 0.15556
0.24000 0.14000 0.05333 0.11549 0.30000 0.28000 0.29227 0.40776 0.25333 0.10000 0.25667 0.26333 0.20742 0.15556 0.13906 0.20506 0.16333 0.15000 0.12257 0.17442 0.10842 0.16333 0.15333 0.20742 0.18385 0.19000 0.12333 0.01333 0.15000 0.34667 0.27000 0.18333 0.18000 0.21667 0.24667 0.29333 0.19799 0.23099 0.12021 0.19563 0.26163 0.22392 0.24000 0.30877 0.36534 0.32667 0.16667 0.02828 0.08000 0.10000 0.11667 0.17000 0.24000 0.28000 0.30333 0.31000 0.39667 0.37333 0.32667 0.35591 0.32056 0.30641 0.31584 0.30170 0.23335 0.21333 0.22000
0.23335 0.18856 0.10667 0.14142 0.27333 0.23806 0.23806 0.39333 0.20506 0.14000 0.29463 0.28991 0.22156 0.17913 0.17913 0.24042 0.17667 0.17333 0.16028 0.16667 0.13906 0.11667 0.19000 0.21213 0.17442 0.12333 0.12000 0.05893 0.15000 0.31333 0.25333 0.19333 0.22000 0.27333 0.27000 0.32667 0.20270 0.16263 0.13671 0.22863 0.30170 0.27813 0.31820 0.36062 0.35333 0.17000 0.05185 0.05333 0.15333 0.17206 0.23335 0.28049 0.31348 0.33705 0.30877 0.28284 0.37667 0.38000 0.36667 0.27577 0.20035 0.16735 0.15000 0.23000 0.26000 0.24000 0.23667
0.22667 0.17000 0.07000 0.12492 0.26000 0.24984 0.19667 0.40667 0.17913 0.08000 0.24000 0.31820 0.26634 0.20506 0.20742 0.25456 0.18333 0.18333 0.20270 0.12964 0.15792 0.14142 0.17333 0.19333 0.14378 0.09667 0.05667 0.10371 0.23333 0.32667 0.23806 0.23667 0.27341 0.30406 0.27577 0.29000 0.18149 0.08957 0.18149 0.28284 0.32763 0.33941 0.31348 0.25667 0.09333 0.05185 0.11333 0.17000 0.23335 0.25692 0.29934 0.30641 0.34884 0.36770 0.31820 0.34648 0.39127 0.36298 0.33667 0.24042 0.12492 0.14667 0.19000 0.20333 0.19667 0.20333 0.22333
0.23667 0.18000 0.04667 0.12333 0.23806 0.23570 0.15085 0.34000 0.26333 0.06600 0.20667 0.31113 0.29934 0.23099 0.22392 0.24513 0.16667 0.16000 0.22863 0.13671 0.16971 0.18856 0.13906 0.16000 0.15333 0.08000 0.06835 0.19000 0.32333 0.33667 0.28520 0.30170 0.32527 0.29227 0.24513 0.25456 0.15556 0.16263 0.24749 0.32056 0.35120 0.33470 0.19000 0.04333 0.03771 0.14333 0.21000 0.25927 0.27813 0.30406 0.31348 0.32291 0.35591 0.35591 0.36062 0.40305 0.38891 0.35355 0.30170 0.15792 0.17000 0.18333 0.15333 0.13000 0.13667 0.15333 0.11549
0.22000 0.19667 0.08250 0.11333 0.21449 0.22863 0.17206 0.23667 0.33333 0.13671 0.10333 0.21920 0.30170 0.23570 0.21685 0.20742 0.15000 0.14378 0.21449 0.14849 0.19799 0.21213 0.15085 0.15333 0.12667 0.08485 0.14000 0.24667 0.35333 0.33333 0.29227 0.30406 0.29463 0.23806 0.20977 0.22156 0.11785 0.23570 0.30641 0.34413 0.36534 0.25667 0.04000 0.02593 0.14000 0.23667 0.30641 0.33234 0.34413 0.36770 0.36770 0.38419 0.39834 0.40776 0.41012 0.39362 0.35827 0.29934 0.17442 0.16667 0.18667 0.18333 0.16667 0.16333 0.17667 0.10842 0.11314
0.16028 0.20333 0.09899 0.07333 0.16499 0.22156 0.18856 0.14667 0.33667 0.24333 0.01886 0.12333 0.24984 0.22392 0.16735 0.16971 0.12333 0.14667 0.21920 0.18620 0.21685 0.19328 0.13435 0.08333 0.04478 0.15000 0.22667 0.27341 0.34333 0.33667 0.31584 0.30641 0.25927 0.21213 0.19799 0.19328 0.17206 0.32056 0.34884 0.37005 0.31000 0.11333 0.01650 0.12000 0.22000 0.32056 0.37005 0.38655 0.36770 0.37948 0.39362 0.41012 0.42426 0.41248 0.41012 0.36062 0.26634 0.13435 0.13667 0.14667 0.16000 0.17333 0.19333 0.20333 0.12333 0.12257 0.16667
0.12964 0.18000 0.13199 0.09000 0.14142 0.21685 0.20506 0.11078 0.29333 0.28000 0.07778 0.07667 0.18667 0.22863 0.20000 0.16971 0.12333 0.15333 0.23000 0.26333 0.22000 0.14000 0.08667 0.00000 0.10333 0.24000 0.26399 0.28991 0.34667 0.34413 0.32998 0.28049 0.24042 0.22627 0.20270 0.14378 0.27813 0.37241 0.37241 0.36770 0.20000 0.02333 0.07667 0.19667 0.29463 0.37005 0.39598 0.36298 0.33234 0.36770 0.39598 0.39834 0.38419 0.35355 0.33470 0.20035 0.16667 0.16000 0.14333 0.16263 0.18149 0.20667 0.19333 0.11549 0.09428 0.16333 0.15333
0.13667 0.15556 0.16028 0.09000 0.12667 0.22863 0.21920 0.12492 0.23333 0.26000 0.13667 0.05333 0.15667 0.23000 0.24000 0.18667 0.12333 0.14333 0.22000 0.23333 0.18333 0.11078 0.02593 0.05000 0.21000 0.27813 0.27106 0.29463 0.35591 0.34413 0.30641 0.25456 0.26163 0.23806 0.15792 0.25927 0.35355 0.38891 0.38419 0.31000 0.11333 0.07071 0.18667 0.26000 0.34413 0.39598 0.38184 0.32998 0.33470 0.37712 0.37712 0.35355 0.29227 0.23570 0.17913 0.20667 0.20333 0.17000 0.15333 0.17678 0.16971 0.16000 0.09899 0.10371 0.13333 0.14000 0.18667
0.17333 0.16028 0.17206 0.08667 0.10333 0.22156 0.22392 0.14378 0.19092 0.21667 0.19667 0.08250 0.10333 0.15667 0.15667 0.12492 0.11000 0.10667 0.11000 0.08666 0.06835 0.06333 0.08667 0.16667 0.27106 0.27577 0.27577 0.32056 0.36062 0.32291 0.28049 0.26667 0.27577 0.18856 0.23099 0.33941 0.39834 0.39834 0.35120 0.20667 0.04333 0.12667 0.27000 0.31667 0.37948 0.39834 0.35120 0.32291 0.35591 0.36298 0.33470 0.28049 0.17913 0.14378 0.22863 0.19667 0.19333 0.17333 0.16667 0.18620 0.17000 0.08000 0.10135 0.15667 0.13671 0.23667 0.29000
0.13667 0.16667 0.17206 0.10000 0.08721 0.20333 0.22000 0.17913 0.20742 0.20506 0.19333 0.10607 0.07778 0.09667 0.07542 0.08014 0.00707 0.00000 0.00000 0.00000 0.07666 0.15333 0.19333 0.25927 0.27813 0.28284 0.30170 0.33234 0.33705 0.29463 0.27341 0.27813 0.24749 0.19328 0.31584 0.37948 0.41719 0.35591 0.25927 0.12333 0.03536 0.22333 0.34333 0.34667 0.38333 0.36770 0.32291 0.32291 0.34413 0.30170 0.24277 0.14849 0.16333 0.18856 0.22156 0.18620 0.19000 0.19667 0.20667 0.23333 0.14000 0.11078 0.15333 0.15556 0.25220 0.28333 0.28000
0.10607 0.13667 0.12000 0.05000 0.08014 0.21333 0.20000 0.21449 0.23335 0.20035 0.16263 0.10371 0.06333 0.02000 0.04714 0.10333 0.05333 0.07333 0.07667 0.10333 0.19000 0.27813 0.29227 0.26870 0.27577 0.29698 0.30877 0.32291 0.31820 0.29463 0.28284 0.28049 0.18149 0.28520 0.36298 0.41012 0.39362 0.28049 0.16000 0.06667 0.08250 0.31000 0.36667 0.35000 0.39000 0.36000 0.31348 0.31584 0.28991 0.19328 0.15333 0.20333 0.24000 0.25333 0.22392 0.21213 0.19000 0.23333 0.23667 0.17333 0.12492 0.17667 0.13435 0.25692 0.28520 0.27667 0.27333
0.11333 0.08014 0.06333 0.01886 0.12667 0.23000 0.15000 0.28284 0.25220 0.18000 0.12000 0.07333 0.00943 0.00667 0.13667 0.16028 0.19667 0.24333 0.24667 0.25333 0.30406 0.29934 0.24042 0.24042 0.28049 0.29463 0.31113 0.32291 0.32056 0.30170 0.28520 0.24513 0.23335 0.33941 0.39362 0.42662 0.35120 0.20506 0.11000 0.03536 0.17333 0.36333 0.34333 0.36000 0.38667 0.38333 0.31333 0.27813 0.18149 0.16333 0.19000 0.22667 0.26333 0.28000 0.26333 0.23335 0.20333 0.22000 0.14667 0.09192 0.19667 0.22667 0.21213 0.26163 0.27341 0.24333 0.27667
0.21667 0.07778 0.04000 0.04714 0.18667 0.21667 0.24749 0.34648 0.20506 0.11333 0.06128 0.01179 0.03333 0.15333 0.25220 0.26634 0.26634 0.27333 0.27667 0.27000 0.29934 0.25220 0.20977 0.25927 0.30406 0.31348 0.32998 0.33234 0.31584 0.28756 0.27341 0.17442 0.30877 0.37948 0.43369 0.42426 0.29227 0.16667 0.05185 0.07333 0.26333 0.35000 0.32000 0.35667 0.39000 0.38667 0.27667 0.20333 0.18000 0.19667 0.21000 0.21667 0.22000 0.21000 0.22000 0.24000 0.20000 0.08957 0.08721 0.18333 0.30333 0.18856 0.20035 0.20506 0.23099 0.19563 0.19333
0.25333 0.12000 0.04333 0.07778 0.21667 0.17333 0.33470 0.28520 0.12333 0.03000 0.04243 0.06667 0.18333 0.28520 0.31348 0.28756 0.28049 0.25000 0.26667 0.24667 0.27341 0.26667 0.27000 0.32291 0.35355 0.33705 0.33705 0.32998 0.29463 0.27577 0.22392 0.26399 0.35591 0.40776 0.46905 0.37712 0.20333 0.06000 0.08014 0.20000 0.27333 0.31000 0.30000 0.33333 0.39667 0.34667 0.22156 0.19328 0.18667 0.19000 0.18333 0.17333 0.16499 0.19328 0.21333 0.18000 0.08250 0.06600 0.20333 0.33333 0.33705 0.22667 0.23667 0.19667 0.20333 0.16971 0.13906
0.29000 0.17333 0.01000 0.08333 0.20667 0.18620 0.32667 0.19667 0.06000 0.04478 0.13333 0.21667 0.30170 0.32291 0.29698 0.28991 0.28991 0.27667 0.28333 0.26667 0.27813 0.29698 0.31667 0.35355 0.34884 0.32763 0.34413 0.32527 0.28991 0.24984 0.22156 0.29934 0.34884 0.42191 0.45726 0.25333 0.09667 0.04714 0.17333 0.24667 0.25220 0.27667 0.28000 0.29333 0.36667 0.28333 0.22156 0.19000 0.19000 0.19000 0.18667 0.18667 0.20333 0.21333 0.16000 0.08250 0.07333 0.23333 0.31348 0.37948 0.25927 0.27577 0.25692 0.22392 0.21333 0.17206 0.16499
0.30667 0.28333 0.04714 0.07000 0.17333 0.21685 0.28667 0.15333 0.03667 0.07542 0.28000 0.29934 0.29227 0.28991 0.29227 0.29934 0.29934 0.27813 0.29667 0.28333 0.29227 0.32763 0.30877 0.30877 0.31584 0.36062 0.36534 0.32291 0.27341 0.18149 0.26163 0.28333 0.33234 0.45726 0.42000 0.13333 0.00707 0.09333 0.23000 0.24333 0.23333 0.24000 0.25000 0.25000 0.29667 0.30641 0.24984 0.22000 0.22000 0.22333 0.23333 0.24000 0.21333 0.12000 0.05421 0.13667 0.26667 0.36062 0.36534 0.24042 0.28991 0.30877 0.31113 0.25333 0.21920 0.18385 0.19092
0.24667 0.32667 0.11333 0.02121 0.11333 0.21667 0.19000 0.11667 0.00000 0.11667 0.36333 0.33667 0.27577 0.29698 0.29934 0.29698 0.27813 0.27341 0.28000 0.28000 0.28284 0.30877 0.27341 0.28756 0.34884 0.37712 0.33470 0.27813 0.17678 0.26399 0.26399 0.27813 0.37241 0.50667 0.33667 0.07333 0.05893 0.15000 0.24667 0.23667 0.21000 0.19000 0.21000 0.22392 0.26870 0.33234 0.32667 0.30333 0.28333 0.26000 0.22667 0.19000 0.10607 0.05421 0.12667 0.30333 0.37948 0.36298 0.23570 0.27813 0.30170 0.31348 0.30641 0.21667 0.21667 0.18620 0.20742
0.20000 0.28667 0.18667 0.06364 0.07542 0.11000 0.12000 0.04000 0.00236 0.24333 0.40000 0.34884 0.29934 0.30641 0.29698 0.27106 0.23570 0.23570 0.19092 0.20333 0.22392 0.25692 0.24749 0.29698 0.33234 0.31584 0.26634 0.19563 0.28049 0.28284 0.26399 0.30406 0.42191 0.51667 0.22667 0.08000 0.12728 0.18000 0.24333 0.20333 0.17206 0.16971 0.15667 0.14667 0.15085 0.21667 0.25667 0.24984 0.21449 0.16263 0.11314 0.04478 0.08333 0.17333 0.25667 0.39362 0.37712 0.25927 0.26163 0.29227 0.28520 0.30406 0.27813 0.20506 0.20333 0.18667 0.20742
0.19563 0.24513 0.15667 0.09664 0.07542 0.07000 0.02121 0.01886 0.13333 0.34667 0.40069 0.34413 0.30641 0.28284 0.26634 0.25456 0.23335 0.22627 0.17442 0.17667 0.20270 0.24513 0.25927 0.29698 0.30170 0.25456 0.20742 0.27577 0.29463 0.28284 0.28284 0.34413 0.45019 0.47333 0.15667 0.06333 0.16000 0.20000 0.22000 0.15333 0.16333 0.18667 0.15000 0.12333 0.08333 0.06333 0.09000 0.11000 0.10667 0.08333 0.09000 0.10000 0.20000 0.26870 0.35355 0.40069 0.32763 0.23806 0.31113 0.25456 0.23667 0.26667 0.21685 0.21213 0.17000 0.19000 0.18385
0.18333 0.14000 0.10842 0.12257 0.10000 0.06333 0.05185 0.11000 0.23000 0.32527 0.29333 0.30000 0.27667 0.25333 0.28333 0.28284 0.24749 0.22392 0.20506 0.20667 0.21685 0.26634 0.26634 0.27577 0.23335 0.17442 0.26634 0.29463 0.30406 0.28520 0.28756 0.35355 0.45333 0.40667 0.10135 0.04667 0.15333 0.21333 0.22333 0.20333 0.23000 0.27333 0.29698 0.30000 0.24667 0.18667 0.15085 0.14142 0.12021 0.12257 0.18856 0.26667 0.31113 0.33234 0.38891 0.38419 0.23099 0.27000 0.30877 0.23099 0.23099 0.25667 0.22000 0.21920 0.16028 0.16333 0.15085
