wepppy/tests/feverish-lamp/dem/topaz/FVSLOP.ARC
ncols   153
nrows   152
xllcorner  505656
yllcorner 5180406
cellsize   30.00
nodata_value    -1.0
[rows 29 to 57 of 152, columns 67 to 133 of 153]
0.48319 0.47612 0.41719 0.38891 0.30406 0.40000 0.41719 0.41484 0.37712 0.30667 0.35000 0.38891 0.40069 0.44667 0.45000 0.43000 0.43000 0.42333 0.39000 0.36062 0.35827 0.29698 0.21449 0.17000 0.18385 0.21920 0.20333 0.26870 0.26634 0.19667 0.26634 0.26000 0.30000 0.22667 0.24333 0.27333 0.27577 0.32998 0.36062 0.40541 0.46433 0.58926 0.65054 0.66704 0.62697 0.51383 0.45962 0.47140 0.38419 0.32763 0.27813 0.27106 0.28520 0.20506 0.07333 0.10371 0.13435 0.16028 0.17442 0.20667 0.21333 0.23000 0.26000 0.21667 0.18333 0.19092 0.20977
0.43134 0.37712 0.33470 0.35355 0.36298 0.36062 0.42000 0.42426 0.40305 0.27000 0.23667 0.35355 0.32667 0.31000 0.25667 0.20333 0.20333 0.24000 0.24749 0.31820 0.26163 0.20333 0.32667 0.23000 0.32527 0.27577 0.22333 0.24749 0.27341 0.24000 0.36062 0.32998 0.29333 0.20000 0.28667 0.26000 0.31113 0.30877 0.30641 0.32998 0.35120 0.43667 0.57276 0.64347 0.55390 0.44783 0.39667 0.49333 0.46433 0.42426 0.40541 0.35591 0.34000 0.31333 0.24667 0.17913 0.11667 0.08485 0.09428 0.12000 0.13000 0.14614 0.15556 0.15333 0.18667 0.23000 0.25927
0.39000 0.32291 0.28284 0.33470 0.36062 0.32056 0.34884 0.38655 0.34648 0.21000 0.19667 0.31113 0.24984 0.17442 0.08721 0.05333 0.07000 0.09667 0.10333 0.25333 0.34667 0.37333 0.34884 0.38655 0.36062 0.25692 0.21000 0.22627 0.24513 0.22333 0.39834 0.43134 0.37948 0.46667 0.39333 0.27577 0.30170 0.23806 0.22392 0.21920 0.22863 0.22627 0.28520 0.47333 0.51667 0.47667 0.38184 0.45019 0.50676 0.46433 0.44783 0.40541 0.39333 0.36667 0.33000 0.31000 0.28667 0.26000 0.24667 0.24667 0.25000 0.23667 0.23806 0.26870 0.24749 0.20035 0.16971
0.35667 0.31667 0.25000 0.30000 0.33333 0.27333 0.23333 0.27341 0.22627 0.11333 0.09667 0.20506 0.14142 0.15667 0.13000 0.12000 0.12964 0.16735 0.23099 0.39598 0.47612 0.41719 0.39127 0.43134 0.34177 0.23667 0.17333 0.19563 0.21000 0.19799 0.36062 0.39598 0.45333 0.43333 0.30877 0.24984 0.30333 0.21000 0.19000 0.16667 0.16667 0.18333 0.30667 0.51000 0.46333 0.41012 0.43841 0.42662 0.48790 0.51383 0.49969 0.44312 0.41667 0.40667 0.37712 0.35333 0.34667 0.34333 0.32667 0.31000 0.29667 0.25667 0.27106 0.30406 0.33234 0.35000 0.33000
0.28667 0.27333 0.26333 0.30667 0.32000 0.27667 0.35333 0.30667 0.16499 0.07333 0.07542 0.22667 0.29000 0.25000 0.25220 0.28049 0.35333 0.41667 0.46667 0.51383 0.39598 0.49026 0.58690 0.53667 0.40333 0.26000 0.15333 0.18149 0.19000 0.19563 0.31113 0.32000 0.31333 0.22863 0.30170 0.41667 0.29333 0.17333 0.16000 0.16333 0.18667 0.25000 0.34667 0.39000 0.33941 0.37948 0.44312 0.45019 0.45726 0.48790 0.52090 0.51000 0.48667 0.48000 0.46333 0.43000 0.39667 0.37000 0.33333 0.29667 0.27000 0.25927 0.27341 0.28333 0.35333 0.41000 0.43667
0.24042 0.27341 0.28991 0.33234 0.36000 0.32000 0.40333 0.37333 0.17913 0.07667 0.12021 0.30667 0.41333 0.34884 0.30641 0.33470 0.36062 0.35120 0.31820 0.41719 0.54667 0.60667 0.54333 0.41333 0.26667 0.15556 0.13199 0.14849 0.10667 0.15321 0.23806 0.25220 0.20270 0.19092 0.41333 0.49667 0.31113 0.20270 0.18149 0.23099 0.25456 0.28284 0.31584 0.34177 0.38655 0.40305 0.42426 0.44076 0.43605 0.46667 0.52000 0.54667 0.55000 0.54000 0.55333 0.56333 0.53667 0.49000 0.40000 0.31333 0.26870 0.25456 0.25456 0.24042 0.23333 0.24000 0.26667
0.35827 0.41012 0.48555 0.44312 0.37005 0.35000 0.37667 0.36333 0.21333 0.06333 0.13671 0.33667 0.41333 0.42662 0.29934 0.28991 0.32333 0.41000 0.48000 0.53667 0.54000 0.49000 0.32000 0.14142 0.10135 0.07667 0.08333 0.09667 0.04333 0.07333 0.11314 0.16971 0.19328 0.24000 0.37000 0.39667 0.40541 0.34413 0.29463 0.25456 0.24749 0.28756 0.28991 0.30333 0.37000 0.42000 0.44312 0.45019 0.43000 0.45333 0.48667 0.54667 0.60667 0.62000 0.62667 0.63333 0.59000 0.50667 0.45726 0.36770 0.24749 0.15667 0.13333 0.11333 0.07667 0.06667 0.07333
0.45962 0.52090 0.53269 0.40000 0.30170 0.32763 0.32000 0.33667 0.21667 0.07667 0.14667 0.31113 0.37712 0.48083 0.40069 0.36000 0.43667 0.51667 0.54333 0.49000 0.41000 0.31333 0.16735 0.15556 0.16333 0.14333 0.12257 0.09899 0.04243 0.01650 0.06000 0.14667 0.22667 0.24333 0.27577 0.33234 0.41000 0.39598 0.36062 0.27106 0.23806 0.27106 0.26870 0.28333 0.33333 0.39333 0.43333 0.46433 0.43333 0.45667 0.49000 0.54000 0.55000 0.50000 0.46198 0.36770 0.28991 0.23099 0.25333 0.31333 0.30000 0.19667 0.13333 0.11333 0.08000 0.06667 0.08333
0.41955 0.43369 0.37477 0.24513 0.25220 0.30406 0.27577 0.30333 0.22392 0.10607 0.17667 0.27106 0.29698 0.34413 0.35120 0.41000 0.46000 0.47000 0.46333 0.42333 0.32667 0.17913 0.16971 0.28333 0.29667 0.29463 0.27000 0.21333 0.16000 0.12333 0.08957 0.09192 0.14667 0.22000 0.22627 0.25333 0.27106 0.35827 0.37333 0.32291 0.30406 0.30877 0.30333 0.33333 0.36667 0.41667 0.48333 0.53667 0.52000 0.47667 0.47333 0.39333 0.34413 0.29934 0.27000 0.28667 0.27667 0.28333 0.38333 0.38667 0.31584 0.23099 0.19092 0.16499 0.14614 0.15556 0.18385
0.31667 0.26000 0.20667 0.15792 0.20035 0.24513 0.25456 0.27341 0.22863 0.13671 0.13667 0.22627 0.29463 0.24984 0.31333 0.37667 0.38667 0.34000 0.28333 0.22667 0.15556 0.14378 0.29667 0.38000 0.46667 0.44548 0.36000 0.31000 0.27333 0.21667 0.15667 0.09192 0.07542 0.12333 0.11667 0.12964 0.18620 0.37000 0.35827 0.38333 0.44333 0.49333 0.51333 0.51000 0.51333 0.51000 0.50000 0.52000 0.50440 0.45726 0.32056 0.25927 0.27000 0.39667 0.39000 0.39000 0.38419 0.46198 0.55390 0.49969 0.36062 0.25220 0.20977 0.18856 0.21000 0.25000 0.27333
0.30333 0.23667 0.21667 0.19667 0.18667 0.19000 0.21333 0.24000 0.20667 0.10607 0.05667 0.19000 0.34648 0.29667 0.33333 0.31000 0.26000 0.21667 0.15667 0.10371 0.13667 0.28667 0.36333 0.46333 0.59000 0.47612 0.33667 0.29333 0.26333 0.23667 0.20000 0.15333 0.09192 0.07542 0.05000 0.09000 0.17333 0.25667 0.30667 0.37000 0.43667 0.44000 0.40333 0.35667 0.32000 0.28333 0.27813 0.27341 0.30877 0.31113 0.23333 0.31333 0.52000 0.48333 0.48790 0.47376 0.47140 0.52562 0.49262 0.38655 0.28520 0.23806 0.22627 0.24042 0.28049 0.30406 0.30877
0.37005 0.34648 0.34648 0.29227 0.24000 0.23333 0.24333 0.22667 0.20667 0.18333 0.07542 0.14000 0.28000 0.32000 0.32667 0.27333 0.21333 0.16028 0.12492 0.12667 0.29667 0.34333 0.41248 0.53333 0.59397 0.36298 0.24042 0.24277 0.23570 0.22667 0.22333 0.20333 0.18000 0.14000 0.08957 0.06600 0.07667 0.12333 0.12257 0.11000 0.09664 0.11314 0.12667 0.11333 0.08333 0.09667 0.15000 0.18667 0.29667 0.40000 0.36667 0.47333 0.59633 0.52562 0.44783 0.41955 0.45726 0.44548 0.35120 0.29698 0.22392 0.19799 0.21213 0.26163 0.29698 0.29698 0.28991
0.40541 0.39127 0.40069 0.37477 0.32763 0.31820 0.32527 0.31584 0.29227 0.33667 0.15321 0.08721 0.22667 0.26000 0.20333 0.18856 0.14378 0.10607 0.15000 0.30333 0.36062 0.40305 0.44076 0.55390 0.47140 0.26634 0.21449 0.27813 0.27333 0.23667 0.22156 0.23667 0.23000 0.21000 0.17333 0.08333 0.05185 0.07333 0.08333 0.03333 0.06667 0.22000 0.24333 0.22156 0.19328 0.17913 0.16028 0.16028 0.33667 0.44667 0.45667 0.54667 0.56569 0.42662 0.37005 0.37667 0.40667 0.32527 0.27667 0.24333 0.16000 0.14000 0.16735 0.24667 0.27813 0.28520 0.29934
0.20035 0.27341 0.35120 0.37477 0.31113 0.27577 0.26163 0.27333 0.25667 0.37000 0.25667 0.12257 0.13333 0.12667 0.13671 0.13667 0.13667 0.18667 0.28667 0.36298 0.40069 0.38891 0.39834 0.50333 0.34667 0.26000 0.20333 0.25456 0.31113 0.29000 0.26000 0.24333 0.23667 0.23000 0.21333 0.15333 0.11000 0.16971 0.22333 0.27333 0.35000 0.44783 0.47376 0.41333 0.40000 0.36000 0.27333 0.20742 0.27813 0.44000 0.53333 0.55667 0.46667 0.38667 0.33667 0.39000 0.36333 0.27667 0.25000 0.23000 0.17913 0.16735 0.19000 0.33000 0.32667 0.30877 0.32763
0.14000 0.17442 0.25456 0.36667 0.32667 0.27667 0.26667 0.28000 0.30667 0.35333 0.29000 0.11785 0.06000 0.06128 0.17667 0.20667 0.20000 0.24749 0.32527 0.35591 0.35120 0.30641 0.37333 0.47333 0.32333 0.25667 0.22667 0.17000 0.26634 0.29227 0.27667 0.26333 0.24667 0.25333 0.28049 0.26333 0.21333 0.26163 0.35333 0.43667 0.45333 0.49969 0.45491 0.42667 0.47333 0.48000 0.45000 0.36667 0.28991 0.29463 0.46333 0.57667 0.50440 0.42000 0.37333 0.37000 0.33667 0.26000 0.21333 0.21685 0.20035 0.19799 0.25333 0.38667 0.40333 0.33470 0.32527
0.18667 0.19333 0.19333 0.38000 0.33667 0.28000 0.27667 0.28000 0.32000 0.31000 0.32667 0.13667 0.03333 0.07071 0.20000 0.25000 0.22667 0.24000 0.29333 0.33333 0.30000 0.30333 0.44667 0.44333 0.30667 0.24333 0.22333 0.21000 0.22156 0.28756 0.29000 0.30000 0.28000 0.27000 0.29227 0.32667 0.30333 0.29934 0.39598 0.37712 0.40333 0.44548 0.42426 0.45667 0.52000 0.53333 0.53000 0.47333 0.32333 0.22863 0.23000 0.52667 0.54000 0.49026 0.46905 0.37948 0.34413 0.31113 0.23570 0.20506 0.20506 0.30667 0.37000 0.38667 0.40000 0.38000 0.33470
0.29667 0.23099 0.13667 0.27000 0.33667 0.32000 0.28333 0.28667 0.32333 0.38333 0.39000 0.07333 0.01000 0.08000 0.19000 0.30667 0.26333 0.25000 0.32000 0.36667 0.30877 0.37333 0.47612 0.41484 0.29463 0.23099 0.22667 0.24000 0.22627 0.30333 0.33667 0.32667 0.34000 0.32667 0.30000 0.29934 0.29667 0.27106 0.40305 0.36298 0.38184 0.40305 0.39834 0.45726 0.48333 0.54667 0.56000 0.55333 0.47667 0.35333 0.26399 0.29463 0.42333 0.46333 0.48000 0.41012 0.37005 0.36534 0.31584 0.24277 0.29000 0.42000 0.45000 0.40776 0.40776 0.40305 0.34413
0.35000 0.31000 0.18667 0.16499 0.35667 0.37241 0.40541 0.35591 0.32998 0.37333 0.36000 0.06667 0.03536 0.14333 0.25333 0.33667 0.31820 0.36062 0.49026 0.52562 0.47848 0.50205 0.48319 0.35120 0.25692 0.20742 0.25333 0.24042 0.23570 0.23333 0.32667 0.34667 0.35667 0.35667 0.35333 0.35333 0.31333 0.26333 0.38655 0.35120 0.38655 0.40069 0.41248 0.51383 0.49497 0.47000 0.50667 0.56667 0.59667 0.57667 0.53333 0.37712 0.26399 0.33333 0.45667 0.38000 0.33234 0.32763 0.32527 0.29667 0.41000 0.50667 0.47667 0.41248 0.43841 0.42662 0.36534
0.18856 0.22000 0.25000 0.29227 0.42426 0.43841 0.42662 0.32291 0.31584 0.37000 0.28333 0.04333 0.04950 0.21667 0.33333 0.34667 0.35000 0.43134 0.53033 0.42426 0.37477 0.39598 0.35355 0.26399 0.20270 0.22333 0.26667 0.21920 0.23000 0.18667 0.20270 0.31667 0.36333 0.37000 0.37667 0.38419 0.35667 0.31000 0.36062 0.32056 0.33941 0.37712 0.40069 0.44783 0.34884 0.27813 0.30000 0.33234 0.41333 0.52333 0.53333 0.47000 0.30333 0.27813 0.29000 0.32667 0.30667 0.30667 0.36000 0.41667 0.51000 0.53333 0.47000 0.41000 0.42333 0.37477 0.32056
0.21920 0.26634 0.35667 0.38000 0.38655 0.44076 0.39000 0.29698 0.32527 0.34667 0.19333 0.02667 0.05421 0.21667 0.34333 0.37667 0.44333 0.50667 0.42191 0.29698 0.30877 0.32056 0.24749 0.19667 0.20000 0.24000 0.24333 0.20667 0.21667 0.20333 0.16667 0.18667 0.30667 0.36333 0.35000 0.37005 0.41000 0.44000 0.34648 0.29463 0.30406 0.32998 0.34333 0.30877 0.26163 0.28049 0.30333 0.34000 0.36333 0.36667 0.35667 0.39000 0.40333 0.28667 0.24277 0.23667 0.35000 0.37667 0.44667 0.43333 0.49333 0.48000 0.46000 0.39333 0.38667 0.38667 0.29667
0.28000 0.33470 0.26000 0.34333 0.34177 0.40776 0.34413 0.29698 0.32763 0.32763 0.17000 0.07000 0.16499 0.32000 0.41248 0.42898 0.43369 0.41012 0.35667 0.27667 0.28049 0.30641 0.30170 0.26870 0.22667 0.22667 0.21000 0.21333 0.23000 0.23667 0.19333 0.18000 0.21213 0.26000 0.27667 0.30667 0.39667 0.40667 0.40333 0.34333 0.33234 0.32763 0.33234 0.26870 0.26000 0.27813 0.23570 0.33000 0.40000 0.39333 0.34000 0.30667 0.30333 0.29000 0.22333 0.24277 0.32000 0.44000 0.49667 0.45491 0.45019 0.42000 0.43333 0.36333 0.33000 0.38000 0.31667
0.33234 0.54212 0.36062 0.46333 0.38333 0.36062 0.32763 0.29698 0.30667 0.30667 0.08667 0.05657 0.27333 0.41333 0.44333 0.37005 0.30406 0.33667 0.35591 0.31113 0.33705 0.35355 0.33234 0.30333 0.26870 0.25927 0.21920 0.24667 0.27000 0.26000 0.22333 0.21667 0.21685 0.19000 0.29667 0.34667 0.33667 0.31000 0.30000 0.29333 0.27106 0.30641 0.33470 0.27577 0.27341 0.29227 0.27341 0.26333 0.31667 0.37667 0.43333 0.44667 0.40333 0.36000 0.33000 0.24042 0.26870 0.44333 0.52000 0.46333 0.41333 0.37667 0.38333 0.35667 0.29333 0.32667 0.32667
0.29333 0.58667 0.25220 0.18000 0.34000 0.33234 0.35355 0.31584 0.29463 0.27333 0.02000 0.08333 0.36333 0.41667 0.39333 0.28284 0.28520 0.38333 0.48667 0.48555 0.37477 0.33470 0.43605 0.41484 0.34413 0.27333 0.29667 0.28667 0.25000 0.26333 0.25000 0.21667 0.21333 0.16971 0.18667 0.30000 0.34000 0.35333 0.35667 0.35000 0.32000 0.31348 0.33941 0.29463 0.28049 0.26870 0.23000 0.22000 0.24667 0.34667 0.40333 0.43000 0.45333 0.47667 0.46000 0.40000 0.26399 0.30641 0.47333 0.48333 0.45667 0.37000 0.32333 0.34667 0.29000 0.27667 0.32667
0.26667 0.54667 0.30333 0.24277 0.27333 0.31584 0.35591 0.34413 0.31113 0.19667 0.03064 0.17333 0.35000 0.34333 0.32667 0.37005 0.35591 0.32527 0.33705 0.49497 0.50440 0.42898 0.47848 0.44783 0.38000 0.39333 0.33333 0.25333 0.23335 0.24749 0.28756 0.29698 0.27106 0.25927 0.28756 0.27577 0.24984 0.21000 0.25333 0.28333 0.33333 0.33667 0.33470 0.27813 0.22156 0.16971 0.23000 0.24000 0.24667 0.24333 0.29667 0.33667 0.36333 0.36667 0.36333 0.35333 0.31333 0.22627 0.28000 0.48000 0.47667 0.37667 0.32998 0.35355 0.33234 0.27341 0.34333
0.29934 0.41000 0.38000 0.30333 0.22156 0.26399 0.27341 0.27577 0.23806 0.12667 0.11314 0.29667 0.26163 0.25220 0.23099 0.21213 0.23570 0.25456 0.21213 0.35667 0.38184 0.24277 0.36667 0.59000 0.49000 0.32000 0.25456 0.28520 0.29934 0.29934 0.32291 0.35827 0.36770 0.29463 0.28667 0.32056 0.35120 0.36770 0.34177 0.31667 0.35333 0.34333 0.33705 0.28049 0.22156 0.15556 0.23333 0.29000 0.25667 0.26333 0.20000 0.18000 0.26333 0.31000 0.32000 0.31333 0.30000 0.25333 0.26399 0.31333 0.40000 0.36000 0.36770 0.41719 0.41484 0.31113 0.38000
0.23333 0.28333 0.37667 0.38000 0.22156 0.25692 0.27813 0.29463 0.22000 0.08000 0.15085 0.23099 0.15556 0.16333 0.18667 0.14333 0.13667 0.20667 0.18333 0.27667 0.41333 0.39667 0.51333 0.52667 0.32763 0.27577 0.27106 0.29463 0.32056 0.32527 0.32667 0.37333 0.45667 0.44548 0.38655 0.30406 0.30333 0.33705 0.34884 0.32527 0.28520 0.28991 0.31820 0.28284 0.19333 0.15333 0.20667 0.31000 0.28667 0.26667 0.23000 0.19667 0.17333 0.24667 0.31667 0.37000 0.40333 0.38000 0.28049 0.28284 0.22000 0.23667 0.26333 0.34667 0.41667 0.35667 0.39000
0.30877 0.26163 0.29463 0.39000 0.44333 0.24333 0.18620 0.21920 0.13000 0.02000 0.11000 0.25000 0.30000 0.25333 0.26634 0.28991 0.33667 0.36298 0.36534 0.45255 0.48555 0.42662 0.49026 0.34884 0.28520 0.28284 0.32333 0.37333 0.41000 0.41667 0.42333 0.43667 0.46000 0.48333 0.52000 0.49497 0.37477 0.32998 0.30641 0.28756 0.22156 0.16000 0.24667 0.35667 0.24333 0.17333 0.22667 0.25000 0.26333 0.24667 0.21333 0.20333 0.22156 0.20270 0.18333 0.25667 0.31667 0.39000 0.41667 0.35000 0.29698 0.21685 0.18333 0.29333 0.41000 0.37000 0.40333
0.25927 0.24277 0.24749 0.34667 0.37667 0.29000 0.25667 0.20035 0.09192 0.12000 0.34667 0.41955 0.38891 0.28991 0.23570 0.27813 0.33470 0.35591 0.32527 0.31348 0.25220 0.29698 0.38655 0.44000 0.46333 0.42426 0.40333 0.49667 0.44312 0.42662 0.31584 0.22627 0.15792 0.16333 0.21333 0.28667 0.20667 0.19333 0.19333 0.22333 0.27000 0.27667 0.29000 0.27813 0.26333 0.21333 0.23099 0.20977 0.21000 0.21667 0.18000 0.17333 0.20333 0.22333 0.19667 0.16667 0.26333 0.28333 0.26333 0.25667 0.22333 0.20035 0.21920 0.25220 0.33000 0.38667 0.35333
0.24667 0.22156 0.23570 0.28520 0.30000 0.26000 0.27000 0.29000 0.09664 0.09333 0.64000 0.38184 0.27106 0.27577 0.31113 0.36534 0.33667 0.35000 0.33234 0.38891 0.36062 0.37712 0.38891 0.45000 0.43841 0.43134 0.45000 0.32527 0.25220 0.28000 0.24667 0.21333 0.20000 0.26000 0.30667 0.29227 0.21920 0.21213 0.21685 0.23335 0.26667 0.23570 0.29667 0.26000 0.28333 0.24667 0.21685 0.17206 0.17667 0.19000 0.16333 0.15000 0.17333 0.22667 0.23000 0.25667 0.31333 0.31333 0.18000 0.12667 0.09333 0.10371 0.13199 0.18333 0.25667 0.39667 0.32667
