wepppy/tests/feverish-lamp/dem/topaz/FVSLOP.ARC
ncols   153
nrows   152
xllcorner  505656
yllcorner 5180406
cellsize   30.00
nodata_value    -1.0
[rows 58 to 86 of 152, columns 67 to 133 of 153]
0.24000 0.20742 0.24513 0.28284 0.28991 0.26870 0.28520 0.28333 0.11000 0.01886 0.73000 0.39834 0.38000 0.52667 0.53333 0.50000 0.43000 0.34667 0.36534 0.39834 0.39127 0.41248 0.35827 0.32000 0.35827 0.42333 0.33941 0.32291 0.42333 0.31000 0.31000 0.28756 0.32527 0.39362 0.40776 0.34177 0.33234 0.37241 0.38419 0.34177 0.27341 0.23806 0.29667 0.25220 0.27333 0.25000 0.19328 0.15556 0.16333 0.16667 0.15333 0.14333 0.16667 0.23000 0.22333 0.24333 0.25333 0.27667 0.21667 0.19667 0.16333 0.14667 0.15792 0.20977 0.28049 0.35333 0.31348
0.23000 0.23000 0.25692 0.29463 0.30406 0.29463 0.31584 0.25000 0.09667 0.10842 0.52000 0.52667 0.52000 0.48333 0.47000 0.49000 0.45333 0.39000 0.42191 0.40667 0.40305 0.38184 0.35000 0.33667 0.35827 0.33941 0.31667 0.61000 0.40000 0.32333 0.36000 0.34884 0.36062 0.37241 0.34884 0.32998 0.36534 0.36298 0.31113 0.23570 0.21449 0.28049 0.29698 0.26163 0.27106 0.24277 0.18385 0.16263 0.16499 0.15556 0.14333 0.14000 0.18667 0.23000 0.18667 0.18000 0.24333 0.28667 0.26333 0.28333 0.28000 0.24042 0.23335 0.25927 0.31113 0.39834 0.40776
0.24000 0.23667 0.27341 0.31820 0.31113 0.31113 0.28991 0.16667 0.06667 0.10607 0.23335 0.22627 0.18385 0.16735 0.19092 0.20977 0.24000 0.24333 0.35667 0.37667 0.46905 0.44312 0.35591 0.31584 0.29227 0.39667 0.67333 0.58454 0.37241 0.34667 0.39000 0.32763 0.29934 0.31820 0.31820 0.32527 0.33705 0.30641 0.24749 0.20742 0.22156 0.26870 0.25692 0.26163 0.26634 0.22156 0.17678 0.18149 0.18620 0.17206 0.16028 0.15556 0.18385 0.18667 0.13906 0.17667 0.21667 0.22333 0.26333 0.29667 0.32667 0.33667 0.32763 0.36062 0.34413 0.34884 0.40776
0.25333 0.26000 0.30170 0.30877 0.30406 0.32291 0.24042 0.13333 0.03536 0.04667 0.15667 0.15000 0.11667 0.10000 0.11667 0.11000 0.09333 0.08333 0.10000 0.14667 0.29000 0.25692 0.21213 0.19333 0.49333 0.64667 0.68589 0.49262 0.30641 0.38000 0.37477 0.29227 0.27813 0.30877 0.30641 0.31820 0.32291 0.27106 0.20977 0.18385 0.19092 0.20506 0.22627 0.25220 0.24984 0.20742 0.21213 0.23570 0.21685 0.19092 0.16735 0.14614 0.13435 0.15333 0.17333 0.16667 0.20333 0.26000 0.32667 0.36667 0.36333 0.39667 0.39667 0.45019 0.48083 0.42191 0.38184
0.28000 0.26333 0.26870 0.30877 0.38419 0.33667 0.19333 0.05185 0.03333 0.11667 0.20667 0.19092 0.16028 0.14614 0.13906 0.11078 0.06364 0.10000 0.08000 0.10333 0.20667 0.24667 0.34000 0.47667 0.61754 0.67411 0.59397 0.36770 0.32333 0.37333 0.35120 0.26870 0.26667 0.31667 0.31000 0.34648 0.31584 0.23570 0.17913 0.16028 0.16263 0.17913 0.21449 0.24000 0.24277 0.22392 0.25220 0.25456 0.21213 0.17206 0.12257 0.08721 0.16000 0.23000 0.26333 0.25333 0.22333 0.25220 0.28756 0.33333 0.39333 0.47000 0.45000 0.48319 0.50676 0.54919 0.54683
0.31333 0.27667 0.30641 0.38419 0.33667 0.16333 0.05185 0.06000 0.10667 0.12964 0.22000 0.18385 0.14849 0.13906 0.13671 0.12964 0.12667 0.12728 0.15556 0.22392 0.31348 0.36534 0.46198 0.58218 0.59397 0.58454 0.48319 0.30641 0.34000 0.37000 0.33333 0.25692 0.28667 0.31333 0.36667 0.37241 0.28520 0.20977 0.16735 0.16028 0.15792 0.16971 0.20270 0.24333 0.26333 0.24513 0.26399 0.23335 0.19799 0.15085 0.14142 0.20035 0.23570 0.29333 0.36000 0.34000 0.30667 0.30170 0.32527 0.32667 0.35000 0.44333 0.52333 0.55626 0.52090 0.53667 0.65054
0.25000 0.30667 0.33705 0.29333 0.13000 0.01650 0.05667 0.18333 0.18856 0.18856 0.19328 0.15333 0.13333 0.12000 0.12492 0.13199 0.14614 0.15667 0.17913 0.21685 0.27341 0.32056 0.42333 0.49026 0.49333 0.55000 0.38184 0.27667 0.35000 0.35333 0.32333 0.28000 0.30333 0.33667 0.41000 0.35120 0.26870 0.22863 0.19092 0.17442 0.15321 0.16263 0.20742 0.27333 0.28284 0.24984 0.23806 0.21213 0.19328 0.19328 0.26634 0.34648 0.37477 0.41667 0.54333 0.59000 0.49000 0.43333 0.37333 0.36333 0.38000 0.40000 0.42333 0.49026 0.55333 0.52562 0.64818
0.24749 0.29667 0.28333 0.14000 0.04478 0.08333 0.12492 0.20742 0.21449 0.19328 0.17913 0.14614 0.11549 0.13667 0.13333 0.14614 0.16735 0.16028 0.17206 0.20270 0.20506 0.27667 0.44333 0.48333 0.55333 0.57667 0.29463 0.27333 0.31333 0.32667 0.37667 0.35667 0.31113 0.39000 0.41012 0.32056 0.29934 0.25927 0.20506 0.17913 0.16499 0.20506 0.27813 0.32291 0.27813 0.21213 0.17913 0.17333 0.24333 0.28756 0.37948 0.41719 0.39598 0.41248 0.41333 0.45667 0.46333 0.44000 0.43333 0.45000 0.45000 0.40000 0.35333 0.40541 0.42000 0.45255 0.51147
0.24984 0.17000 0.08485 0.04478 0.09333 0.18333 0.20270 0.21213 0.21449 0.19328 0.17442 0.16028 0.14142 0.12964 0.15000 0.17667 0.18385 0.18385 0.20667 0.22392 0.22627 0.27106 0.40667 0.40667 0.50000 0.57000 0.34333 0.29333 0.29333 0.37667 0.38667 0.40000 0.37000 0.43333 0.37948 0.32056 0.33705 0.27341 0.20742 0.22000 0.27333 0.31113 0.35355 0.32291 0.22627 0.14849 0.13000 0.22333 0.29333 0.35355 0.41248 0.40541 0.40069 0.39834 0.34667 0.39667 0.46000 0.49333 0.46000 0.42667 0.46000 0.39333 0.35591 0.33470 0.32527 0.38655 0.39127
0.21000 0.01667 0.04007 0.15000 0.14142 0.20977 0.21920 0.18856 0.20977 0.21920 0.18620 0.16333 0.15667 0.14614 0.16263 0.19667 0.19799 0.20035 0.20742 0.22156 0.29463 0.42898 0.49733 0.45726 0.48319 0.44667 0.35667 0.33000 0.33000 0.41000 0.39362 0.37005 0.42667 0.42898 0.33234 0.34333 0.37005 0.31584 0.31667 0.34667 0.35667 0.35827 0.32998 0.24277 0.12964 0.15556 0.20000 0.22000 0.26163 0.32291 0.37477 0.40541 0.41719 0.39598 0.36298 0.42667 0.44000 0.38000 0.42333 0.43333 0.37000 0.28000 0.34648 0.30641 0.31348 0.36770 0.35827
0.09333 0.02357 0.20000 0.24749 0.22156 0.24984 0.25456 0.21213 0.21685 0.22392 0.18620 0.17667 0.20333 0.19000 0.17678 0.19799 0.19563 0.19799 0.20035 0.25456 0.38419 0.48790 0.48319 0.48083 0.50676 0.44312 0.36062 0.33941 0.36333 0.42426 0.39598 0.36298 0.43000 0.38891 0.29463 0.39000 0.40667 0.36062 0.34333 0.37667 0.35000 0.30170 0.22627 0.18385 0.22863 0.22333 0.21333 0.18385 0.24984 0.32291 0.37712 0.43134 0.41012 0.38419 0.43369 0.43667 0.62333 0.58000 0.50667 0.46000 0.40667 0.34413 0.33705 0.35000 0.35667 0.37948 0.38184
0.01886 0.14000 0.31333 0.29227 0.24277 0.27106 0.28991 0.25456 0.22156 0.21920 0.22156 0.22863 0.25000 0.27667 0.26000 0.22156 0.20270 0.20035 0.21449 0.31820 0.43134 0.44312 0.40305 0.43369 0.42662 0.37241 0.33705 0.33234 0.37000 0.41667 0.36062 0.34000 0.41667 0.34333 0.32667 0.42333 0.43000 0.37712 0.33234 0.27341 0.21213 0.15085 0.23570 0.29463 0.31348 0.28000 0.31000 0.25333 0.30170 0.36770 0.41955 0.43134 0.38655 0.39834 0.44548 0.41248 0.42333 0.51000 0.44667 0.40667 0.40667 0.44312 0.39362 0.35333 0.33941 0.31113 0.39127
0.09667 0.24000 0.35120 0.27106 0.25456 0.26634 0.27577 0.25220 0.22000 0.20742 0.25927 0.27577 0.27000 0.29333 0.29000 0.24667 0.19328 0.20506 0.25667 0.36770 0.42898 0.37477 0.37005 0.41719 0.37005 0.32056 0.31113 0.34000 0.37333 0.40000 0.35333 0.35000 0.38000 0.33333 0.36000 0.43000 0.42333 0.41000 0.31820 0.19563 0.15556 0.27106 0.32998 0.34884 0.37005 0.34884 0.40000 0.42333 0.36667 0.41012 0.42662 0.40541 0.39834 0.41719 0.40541 0.33941 0.23570 0.33333 0.39333 0.39333 0.41000 0.44667 0.44548 0.35355 0.32998 0.28756 0.40305
0.27667 0.32763 0.32763 0.25927 0.26163 0.24749 0.24984 0.23806 0.22627 0.23000 0.27341 0.29463 0.24984 0.21333 0.22000 0.22667 0.19333 0.18620 0.28756 0.39333 0.39127 0.32998 0.38184 0.39127 0.31820 0.29227 0.32056 0.35827 0.37712 0.37241 0.37000 0.34667 0.34333 0.32667 0.38667 0.43667 0.42000 0.47667 0.34413 0.21685 0.34413 0.38419 0.37241 0.37005 0.41955 0.39127 0.36667 0.44667 0.40667 0.38184 0.39834 0.41484 0.42662 0.41248 0.37005 0.31820 0.27341 0.28756 0.40000 0.44000 0.39667 0.40305 0.44076 0.39834 0.33705 0.27577 0.34648
0.34648 0.33470 0.31584 0.29227 0.26399 0.23335 0.23806 0.24277 0.24984 0.25333 0.25692 0.28991 0.22863 0.19333 0.21667 0.25667 0.27667 0.23333 0.32763 0.39127 0.35355 0.35000 0.39598 0.34413 0.28284 0.29934 0.34413 0.36770 0.36298 0.35667 0.38000 0.34177 0.32291 0.30667 0.41000 0.45000 0.43000 0.40667 0.25220 0.39362 0.49262 0.43134 0.39598 0.42191 0.45962 0.41012 0.36534 0.45000 0.39667 0.33470 0.41012 0.44312 0.42662 0.40541 0.36298 0.32763 0.33470 0.38655 0.42667 0.50000 0.36062 0.38655 0.38419 0.39362 0.36534 0.29463 0.33667
0.28520 0.29698 0.30406 0.28756 0.25456 0.24042 0.24277 0.26399 0.26399 0.23335 0.21449 0.25220 0.22392 0.21667 0.25000 0.28333 0.31667 0.31667 0.31820 0.36770 0.34884 0.38333 0.38891 0.30877 0.29227 0.32291 0.35355 0.35827 0.34648 0.37333 0.37241 0.32998 0.29934 0.31667 0.37333 0.43000 0.41012 0.39362 0.34177 0.51383 0.54683 0.46198 0.44548 0.45726 0.45491 0.46433 0.46905 0.50333 0.49667 0.38667 0.44076 0.44548 0.43841 0.41719 0.37241 0.37712 0.41012 0.45491 0.42333 0.37667 0.39127 0.37948 0.32056 0.33705 0.35120 0.29698 0.34667
0.28991 0.29463 0.27813 0.25220 0.26163 0.26870 0.27341 0.28284 0.24984 0.21685 0.19328 0.22392 0.25220 0.27106 0.30333 0.29667 0.32000 0.33667 0.29698 0.37712 0.40305 0.40541 0.36534 0.30406 0.31348 0.33234 0.36062 0.35355 0.33470 0.37333 0.33234 0.25692 0.29698 0.34177 0.40305 0.47140 0.51147 0.47667 0.46667 0.52090 0.55154 0.49497 0.46333 0.44783 0.46433 0.49497 0.47376 0.42000 0.52333 0.48333 0.44312 0.47140 0.47140 0.42191 0.41248 0.42898 0.45255 0.46433 0.40333 0.20742 0.32998 0.36667 0.27577 0.28991 0.30406 0.25667 0.29333
0.31820 0.29463 0.24749 0.23806 0.25927 0.26870 0.27341 0.24749 0.20742 0.19563 0.19328 0.23099 0.30406 0.34648 0.36000 0.40667 0.42667 0.43333 0.42000 0.42662 0.43605 0.39127 0.35355 0.31348 0.32763 0.33470 0.34648 0.28284 0.28284 0.36534 0.43369 0.43369 0.44333 0.46198 0.48555 0.48790 0.50440 0.49026 0.47333 0.47612 0.52797 0.49262 0.48555 0.50667 0.49333 0.45255 0.44548 0.34667 0.46333 0.46198 0.43369 0.49262 0.46198 0.43369 0.45019 0.44548 0.53033 0.50333 0.35667 0.35120 0.35667 0.34667 0.25220 0.25220 0.26399 0.21333 0.25000
0.28991 0.24277 0.19799 0.20035 0.20506 0.21685 0.20977 0.17206 0.16028 0.16499 0.17913 0.22627 0.29227 0.31820 0.33941 0.36000 0.38000 0.41333 0.43333 0.38184 0.36770 0.34884 0.33234 0.29698 0.26163 0.28991 0.38000 0.40069 0.40776 0.41484 0.45333 0.52000 0.55000 0.56000 0.55390 0.53269 0.50205 0.50205 0.47667 0.43000 0.46198 0.47612 0.51855 0.47612 0.48333 0.43134 0.47140 0.37477 0.40667 0.43134 0.43369 0.46669 0.44548 0.46905 0.45255 0.47848 0.56804 0.45333 0.25927 0.43369 0.39333 0.27667 0.24749 0.22627 0.22392 0.19563 0.22667
0.24667 0.18856 0.16263 0.16735 0.17206 0.16971 0.14849 0.12492 0.12492 0.12257 0.16000 0.19000 0.19000 0.27000 0.35667 0.21213 0.16735 0.20667 0.25667 0.24277 0.24749 0.24277 0.25667 0.36000 0.40333 0.43000 0.44667 0.48333 0.51000 0.49497 0.46198 0.45333 0.48667 0.54667 0.59000 0.60104 0.55626 0.51147 0.47333 0.41333 0.41248 0.43134 0.42426 0.37241 0.37712 0.42898 0.43369 0.34177 0.32667 0.41667 0.42000 0.44548 0.46198 0.47612 0.45019 0.49026 0.41248 0.21333 0.26634 0.51667 0.39000 0.28049 0.25692 0.21920 0.18385 0.18620 0.17333
0.25333 0.17333 0.13435 0.16263 0.19092 0.18620 0.16735 0.15321 0.14614 0.15085 0.17442 0.20333 0.22000 0.29000 0.30333 0.21000 0.22333 0.18333 0.14142 0.17667 0.25000 0.31000 0.35000 0.40000 0.45667 0.49000 0.48667 0.48667 0.49667 0.52000 0.54000 0.50333 0.45333 0.44000 0.46333 0.52333 0.56333 0.55861 0.49667 0.47667 0.42000 0.36298 0.39333 0.34413 0.35355 0.35355 0.37477 0.35355 0.35333 0.43333 0.42000 0.45962 0.47612 0.45726 0.45255 0.43605 0.30333 0.16667 0.31348 0.50333 0.36333 0.30877 0.28520 0.24513 0.17678 0.16263 0.12000
0.25000 0.17206 0.16735 0.21000 0.26399 0.29227 0.27813 0.24749 0.20035 0.14142 0.21333 0.24667 0.29333 0.26000 0.19667 0.25456 0.28520 0.22392 0.31000 0.37333 0.39000 0.39333 0.38667 0.38333 0.44000 0.49000 0.48000 0.46333 0.46333 0.50667 0.54667 0.54667 0.51667 0.47333 0.47667 0.48790 0.51383 0.53269 0.53333 0.51333 0.46667 0.37333 0.34413 0.39000 0.35667 0.27106 0.34648 0.37948 0.36000 0.45667 0.44333 0.46669 0.45019 0.44783 0.44783 0.39362 0.29333 0.18333 0.37005 0.45667 0.35120 0.32763 0.31820 0.27813 0.19799 0.14378 0.13906
0.25692 0.23806 0.23000 0.25000 0.29667 0.31820 0.30406 0.25456 0.21333 0.27000 0.28000 0.26870 0.24277 0.27667 0.32333 0.38184 0.37005 0.28284 0.38000 0.41667 0.41667 0.41667 0.36000 0.33000 0.41333 0.51667 0.48000 0.44548 0.47000 0.44000 0.43667 0.50000 0.59667 0.55154 0.50912 0.49969 0.50676 0.51667 0.55667 0.53000 0.50667 0.47667 0.41000 0.33941 0.32000 0.34000 0.36534 0.39598 0.33470 0.38667 0.45000 0.44000 0.42662 0.44783 0.43134 0.36062 0.27333 0.22627 0.42000 0.40667 0.31584 0.31348 0.32527 0.29463 0.20270 0.12333 0.19328
0.30667 0.33000 0.30000 0.25456 0.18620 0.17442 0.23000 0.32333 0.37333 0.31667 0.27341 0.17913 0.31000 0.38000 0.30877 0.37005 0.36062 0.28667 0.28284 0.31667 0.35333 0.39333 0.37333 0.32333 0.34648 0.40667 0.41667 0.44333 0.48333 0.46198 0.41012 0.44333 0.50667 0.52797 0.50676 0.50440 0.52562 0.46333 0.47000 0.48333 0.48333 0.47667 0.46000 0.41667 0.35827 0.43841 0.48083 0.45726 0.43605 0.44667 0.54000 0.46000 0.40541 0.40776 0.40069 0.29333 0.21333 0.28049 0.45333 0.37000 0.29934 0.28284 0.28991 0.29227 0.20977 0.10842 0.20977
0.28756 0.24749 0.17442 0.17000 0.19000 0.27000 0.35667 0.39333 0.35355 0.28756 0.16499 0.25692 0.28667 0.23333 0.28520 0.32056 0.32056 0.26667 0.29227 0.32056 0.39000 0.42000 0.39333 0.33667 0.42426 0.41667 0.49000 0.51667 0.48000 0.49497 0.42000 0.49333 0.47000 0.51383 0.46198 0.47612 0.51383 0.46333 0.49000 0.50333 0.49667 0.49000 0.47333 0.45333 0.44667 0.50676 0.51383 0.48790 0.48319 0.36534 0.47000 0.42667 0.35000 0.35591 0.36534 0.24333 0.15667 0.30170 0.43667 0.37712 0.31820 0.28284 0.25692 0.27333 0.21685 0.11078 0.20035
0.22156 0.21000 0.26333 0.29333 0.28284 0.36062 0.42191 0.35591 0.23806 0.19333 0.26163 0.29463 0.26333 0.19563 0.29463 0.35000 0.39333 0.37000 0.29333 0.29934 0.31113 0.34333 0.35667 0.34884 0.40305 0.30333 0.42667 0.53000 0.45667 0.53976 0.38891 0.41667 0.43667 0.52326 0.51333 0.51619 0.49969 0.43667 0.46000 0.50000 0.49667 0.46667 0.44333 0.39667 0.34667 0.41955 0.45019 0.44548 0.47848 0.39598 0.38667 0.39667 0.32000 0.33470 0.33470 0.22333 0.17000 0.32763 0.40000 0.36770 0.32998 0.30170 0.26163 0.26333 0.20742 0.10135 0.20333
0.39667 0.31000 0.30406 0.30877 0.29698 0.32527 0.32527 0.22156 0.18333 0.16499 0.27106 0.24513 0.19667 0.27667 0.33333 0.38667 0.41333 0.39667 0.36333 0.32763 0.32291 0.25333 0.29000 0.32998 0.33941 0.24513 0.30000 0.28667 0.33470 0.44783 0.37241 0.38333 0.35000 0.42426 0.39598 0.44548 0.45019 0.44000 0.42667 0.41667 0.42667 0.43333 0.42667 0.40333 0.33333 0.34648 0.39834 0.42426 0.49026 0.40776 0.31000 0.29333 0.26333 0.31584 0.31584 0.23000 0.18385 0.35591 0.38333 0.36667 0.33000 0.31667 0.27813 0.26333 0.22392 0.12257 0.19000
0.38891 0.25692 0.23099 0.29463 0.29934 0.31000 0.28333 0.19667 0.13333 0.18856 0.25456 0.26163 0.19328 0.30667 0.35667 0.36333 0.36667 0.36333 0.32667 0.32291 0.32998 0.25000 0.29000 0.34177 0.34177 0.36062 0.35000 0.36667 0.40541 0.42191 0.38000 0.37000 0.33333 0.38891 0.41248 0.38891 0.36333 0.41333 0.43000 0.44667 0.43333 0.40667 0.34333 0.25692 0.20000 0.32056 0.39127 0.43605 0.45255 0.32763 0.16333 0.18000 0.24513 0.35120 0.32763 0.25667 0.24042 0.40000 0.37000 0.36000 0.33333 0.32000 0.29000 0.26667 0.22392 0.13199 0.17333
0.34000 0.36333 0.39362 0.39362 0.35120 0.38667 0.31000 0.18667 0.10000 0.21920 0.26634 0.32056 0.26163 0.28667 0.33333 0.37000 0.45333 0.45667 0.42000 0.40333 0.35355 0.29667 0.30333 0.35591 0.37948 0.44076 0.33000 0.40000 0.47848 0.45019 0.41667 0.35667 0.32763 0.32998 0.34177 0.36062 0.40667 0.49667 0.57000 0.54000 0.48667 0.39667 0.33705 0.19799 0.19799 0.37241 0.41719 0.44548 0.43605 0.34413 0.22667 0.25000 0.33470 0.42898 0.39000 0.25667 0.31584 0.46000 0.38000 0.35000 0.34000 0.30667 0.27667 0.27333 0.25456 0.15085 0.17000
