wepppy/tests/feverish-lamp/dem/topaz/TASPEC.ARC
ncols   153
nrows   152
xllcorner  505656
yllcorner 5180406
cellsize   30.00
nodata_value    -1.0
[rows 42 to 83 of 152, columns 0 to 94 of 153]
270 287 295 298 302 304 309 315 323 323 311 301 286 251 233 220 217 213 185 151 143 141 142 143 144 148 155 157 148 154 198 216 203 203 209 192 141 115 106 102 99 103 113 156 214 235 260 293 303 297 292 284 279 275 274 278 63 84 86 86 78 68 60 54 49 44 59 68 65 61 63 66 68 72 76 81 86 94 125 184 200 224 253 281 296 298 298 296 293 285 282 281 285 310 357
0 292 294 295 296 293 292 285 280 266 240 210 191 191 193 196 210 221 191 139 130 129 129 129 131 138 150 158 151 154 198 215 209 213 213 191 160 135 118 101 92 93 101 134 242 270 291 307 312 310 302 291 284 281 281 291 49 74 75 77 85 90 89 85 82 77 75 78 79 79 81 82 85 88 91 94 94 96 105 159 238 267 283 294 294 291 289 287 285 282 282 283 284 293 326
0 293 292 289 280 266 246 228 215 202 194 185 181 184 190 203 227 238 199 128 120 119 117 114 116 123 135 149 150 158 196 214 220 225 212 185 166 155 149 138 115 103 104 128 252 268 275 278 277 277 272 266 263 266 270 271 95 91 82 77 82 93 103 110 120 131 123 108 102 99 90 85 83 85 87 88 90 94 101 151 258 270 277 284 286 286 286 289 290 289 290 290 290 292 309
0 290 282 265 242 225 210 203 196 190 185 182 183 192 206 233 253 256 203 119 114 114 112 111 112 115 120 135 146 160 196 220 232 230 202 175 162 160 166 167 147 121 113 135 234 247 242 234 228 226 224 228 237 246 248 227 150 127 113 95 88 87 91 100 116 140 158 152 133 123 94 81 78 83 90 95 97 100 104 200 275 281 287 295 300 302 307 309 303 298 296 294 292 292 301
0 261 236 219 210 204 200 194 190 187 186 187 199 224 257 274 271 262 185 120 114 114 115 116 118 118 118 127 139 157 202 230 231 218 192 170 159 157 168 176 164 138 122 136 215 233 228 220 214 213 213 218 232 241 236 211 170 152 145 139 125 102 89 87 95 117 149 163 158 158 124 96 95 102 109 114 111 106 110 260 285 290 295 302 306 309 315 312 306 301 296 292 290 290 293
180 210 200 197 196 195 193 191 189 191 199 216 249 274 284 282 272 249 169 129 122 119 120 122 123 120 118 121 129 148 202 225 217 202 188 174 159 152 163 176 172 155 135 136 202 231 231 226 223 226 232 239 250 254 244 214 181 155 144 149 155 142 110 91 83 86 105 143 164 179 163 124 115 115 118 120 115 110 119 259 274 279 285 292 296 300 303 300 297 295 290 288 286 286 285
180 195 196 198 198 197 197 198 201 218 249 279 289 289 284 276 258 219 164 139 130 125 125 127 127 124 123 124 127 142 188 211 206 198 189 177 159 148 155 172 176 166 154 147 209 256 261 265 273 280 282 281 276 271 257 220 186 149 132 141 162 168 142 108 89 84 88 107 149 178 174 140 122 117 119 120 115 112 126 280 284 287 289 288 286 286 285 282 279 277 277 280 278 276 274
180 193 198 209 223 243 267 286 296 294 295 298 298 293 283 271 241 193 157 142 133 129 130 131 129 126 128 129 130 138 170 199 202 194 187 181 166 148 147 162 174 175 176 190 286 295 298 304 302 299 297 293 283 272 244 203 180 154 135 136 159 177 171 146 115 99 96 101 122 158 175 150 125 117 118 119 116 119 215 284 292 297 295 285 276 268 260 253 250 251 258 263 262 261 264
180 212 232 254 278 296 313 326 321 295 285 284 286 285 277 268 225 162 144 137 129 127 130 130 125 122 121 119 118 125 149 188 200 191 182 181 171 150 140 152 175 198 251 304 315 312 314 317 315 310 304 293 274 242 205 189 177 161 145 139 154 175 181 172 141 113 107 110 116 139 176 165 133 119 118 117 115 124 256 279 284 285 280 266 255 243 233 233 239 244 246 247 252 260 267
270 290 301 308 310 307 310 323 324 299 284 278 275 273 271 266 189 134 130 124 115 113 115 113 107 100 91 88 90 97 115 165 193 188 177 179 174 156 146 150 193 261 289 301 305 307 306 309 310 306 299 272 233 203 191 186 178 165 150 141 147 169 186 181 158 134 126 122 112 122 164 171 146 126 121 119 114 121 275 278 274 263 245 229 223 221 224 229 234 236 238 247 260 270 272
0 329 319 310 303 298 294 297 309 309 306 297 285 277 276 275 128 117 114 106 98 94 93 92 90 86 86 88 88 86 91 120 169 182 175 173 170 162 158 179 284 296 294 288 287 283 276 272 268 256 227 208 196 191 188 186 179 168 155 145 146 166 190 183 158 140 135 125 101 100 127 163 156 136 128 127 124 221 279 272 251 230 215 210 209 215 223 223 225 234 246 261 268 265 259
0 325 323 311 294 282 274 267 278 286 295 299 298 292 287 281 116 110 104 95 89 87 86 90 98 110 116 117 109 89 81 87 119 162 170 169 166 169 231 308 318 321 317 309 301 289 277 263 236 199 187 189 190 189 187 187 182 172 162 151 142 160 194 190 155 129 130 128 107 99 105 135 153 142 130 126 137 244 261 248 230 219 212 213 216 226 235 235 245 262 271 270 258 243 233
0 297 315 318 314 309 312 313 299 293 291 293 294 281 258 184 140 123 110 96 88 85 84 90 99 113 125 135 140 113 84 76 82 109 146 161 175 252 300 309 315 315 308 300 279 254 243 235 211 178 175 186 192 191 190 191 187 174 161 150 138 153 191 198 171 140 136 123 105 93 87 99 125 140 133 126 157 244 253 255 264 277 286 291 295 290 285 286 289 285 277 257 236 224 219
0 280 289 303 316 321 323 318 300 289 283 271 206 199 197 184 169 155 135 109 95 88 83 83 85 90 101 120 148 152 126 93 79 80 97 130 223 273 285 286 275 246 227 216 212 214 216 214 198 165 159 178 194 199 204 208 196 168 155 149 136 142 186 203 187 164 151 133 116 100 88 87 98 119 128 128 219 281 295 307 310 312 317 323 328 323 309 297 282 269 252 230 216 208 206
0 265 260 260 262 271 279 274 262 260 260 205 159 178 189 188 184 177 167 135 103 87 80 78 76 73 76 84 111 143 150 135 110 89 87 96 244 259 256 238 210 200 204 210 213 219 224 222 204 165 148 166 201 217 223 222 195 157 151 154 149 144 173 200 195 181 167 149 139 129 112 98 92 92 103 119 272 290 308 314 315 312 310 313 306 281 269 259 246 233 216 208 203 196 197
180 244 239 236 233 235 250 269 285 277 258 163 130 155 192 197 192 186 180 166 128 92 82 79 77 73 73 74 75 94 122 136 134 119 103 107 227 245 232 207 190 195 213 224 225 226 227 222 202 165 146 161 209 228 225 216 189 150 143 154 160 156 158 185 199 191 171 155 145 138 122 109 102 97 99 114 263 273 287 296 298 290 269 222 204 218 224 222 219 211 204 203 197 196 211
180 244 243 244 249 257 270 283 295 276 231 146 128 145 184 201 199 190 186 186 167 120 98 88 84 80 78 77 74 76 82 96 115 124 118 123 202 230 215 193 190 210 230 233 227 227 228 219 194 161 145 164 219 228 221 213 191 138 122 133 159 163 153 171 199 195 178 163 152 141 128 119 115 113 109 116 257 261 243 221 211 208 202 186 191 211 212 210 210 204 202 204 205 224 257
270 276 275 275 276 280 280 280 271 231 175 145 134 145 176 197 197 189 191 201 189 144 118 104 97 91 84 80 75 73 74 73 79 91 99 111 179 218 203 190 205 234 243 238 231 232 233 220 187 160 153 188 241 249 242 228 199 129 107 105 130 145 148 165 193 196 183 170 159 146 134 127 125 123 120 132 243 240 209 195 194 195 194 188 195 208 210 213 210 202 203 214 239 269 286
0 294 290 284 279 277 275 271 244 177 152 138 133 139 166 192 195 190 200 212 196 154 131 119 111 102 92 84 77 72 73 72 70 71 76 87 131 206 201 198 226 244 245 245 247 247 241 215 179 166 173 225 263 271 262 236 202 135 102 87 87 104 123 152 188 198 185 173 163 151 139 133 131 128 126 155 231 227 205 195 198 202 201 195 199 205 210 215 211 205 219 253 281 290 295
0 290 285 281 278 274 268 249 199 160 145 137 131 129 146 181 191 196 213 219 194 162 145 133 125 116 104 92 85 81 82 82 80 78 80 85 103 185 212 230 255 262 262 263 264 257 238 202 172 174 206 247 257 244 218 206 194 163 123 100 80 82 92 119 174 196 185 172 165 154 144 138 134 131 135 184 256 261 259 259 258 250 233 222 218 218 223 226 226 243 277 292 295 294 295
0 284 281 278 275 267 248 209 177 159 148 139 128 119 125 158 185 208 225 216 186 165 153 144 136 129 116 106 101 99 99 99 101 99 93 91 97 150 248 272 282 281 276 264 247 223 203 184 178 201 240 253 241 214 200 201 197 174 154 149 118 88 86 93 136 179 180 173 167 156 145 140 139 144 158 273 292 296 306 315 316 314 315 310 302 298 289 286 290 299 302 300 295 294 294
0 284 283 278 267 249 215 186 170 159 150 140 127 118 120 134 166 212 223 207 182 167 157 150 144 137 128 122 118 118 117 121 127 123 111 103 103 143 262 276 278 269 249 226 209 197 188 185 196 230 252 248 226 208 207 215 205 170 159 171 169 114 92 90 107 147 167 173 169 156 146 143 147 167 284 309 302 294 295 303 310 316 325 329 325 317 310 308 305 300 297 294 292 293 291
0 287 285 275 255 221 189 175 166 160 156 149 134 125 125 130 149 190 207 198 184 172 163 156 151 144 137 133 130 129 129 133 140 135 122 112 110 167 255 259 248 227 206 199 195 192 191 200 233 257 261 248 228 225 240 240 207 155 147 165 182 161 107 94 98 117 143 166 171 159 149 145 155 293 305 315 315 304 293 291 297 307 317 328 328 314 299 291 287 283 284 284 286 290 285
0 283 273 252 221 191 176 169 166 164 164 158 147 139 140 145 150 166 188 193 187 179 172 165 159 150 144 139 136 132 130 134 142 140 129 117 116 179 238 231 215 200 192 194 200 207 216 240 261 266 266 259 251 251 249 226 182 156 137 143 173 185 141 104 98 104 119 146 166 162 153 170 308 311 307 311 320 322 315 302 295 299 307 320 328 322 307 291 280 275 273 272 273 276 275
0 256 230 205 187 177 172 168 166 165 164 161 155 152 152 155 155 157 172 188 190 185 178 171 162 153 146 142 136 126 120 123 134 144 141 127 126 181 221 212 204 200 203 216 238 258 273 280 275 270 265 261 261 257 240 193 166 170 152 118 140 184 174 124 106 107 113 128 155 174 200 299 307 313 311 308 317 330 333 325 309 299 302 313 323 326 321 311 300 293 285 276 274 275 279
180 214 196 184 177 173 169 166 164 163 163 160 158 157 157 158 159 157 161 182 195 190 182 173 161 151 144 141 135 118 102 101 113 132 140 134 135 182 220 219 226 244 275 298 303 303 303 301 292 282 276 275 281 282 252 147 146 173 183 121 113 154 182 152 126 119 118 122 149 287 315 316 310 315 317 311 314 327 337 340 330 310 301 304 312 319 319 317 313 311 304 295 291 290 293
180 194 184 177 173 169 165 162 161 160 161 160 159 159 160 160 162 159 156 178 200 197 185 170 155 146 140 140 144 135 111 95 91 101 116 127 140 205 264 284 299 309 317 322 321 319 315 307 300 291 288 296 310 326 61 116 132 171 199 151 112 126 167 163 144 134 129 128 295 308 323 325 318 321 326 320 316 323 335 344 344 331 313 303 304 309 310 311 312 311 306 302 299 296 294
180 188 181 175 171 167 161 159 159 159 160 160 160 160 162 162 163 160 157 179 204 204 190 168 151 144 139 141 150 154 143 120 99 92 97 109 147 272 296 307 314 317 318 320 321 320 313 304 298 294 297 306 323 5 92 114 127 170 205 166 120 116 138 152 149 144 140 196 300 307 321 326 323 323 330 330 322 321 331 342 349 347 336 315 303 302 302 304 306 304 302 301 298 295 293
180 188 183 176 170 165 158 155 156 159 159 161 161 162 162 161 161 160 161 182 207 205 192 171 154 146 141 140 146 153 153 147 130 110 103 109 222 287 295 301 305 299 291 287 291 297 299 297 294 293 296 303 329 78 103 108 116 162 194 170 136 117 117 130 141 151 301 318 306 305 314 321 322 322 328 335 327 319 325 338 347 352 351 333 308 297 296 298 301 299 300 300 297 295 294
180 191 189 179 168 159 151 148 152 157 160 163 164 165 162 159 158 158 162 188 210 205 190 173 158 149 144 143 144 147 151 155 150 127 115 124 254 281 284 282 264 237 235 244 257 273 286 289 288 285 285 287 12 101 103 100 103 140 173 169 153 129 118 118 127 298 322 328 318 311 312 317 320 320 325 333 331 320 320 333 342 350 355 349 319 299 293 295 296 296 298 298 297 296 295
180 197 198 183 165 153 146 145 149 155 161 166 168 166 162 157 154 154 164 196 214 204 187 172 160 152 148 148 148 146 147 155 158 135 120 141 255 269 266 245 210 208 227 244 257 269 278 281 278 273 267 264 128 94 95 93 92 103 133 153 155 142 130 124 219 297 313 326 325 321 317 316 318 319 322 330 333 322 318 328 339 345 352 354 334 307 295 294 294 295 297 298 297 296 295
180 204 207 185 162 149 144 142 145 153 162 168 170 168 162 156 152 152 169 205 216 199 180 168 160 155 152 151 150 146 144 155 161 140 124 156 253 256 243 218 210 229 254 261 262 262 264 267 269 266 263 263 79 83 83 81 77 75 83 111 134 140 139 147 282 294 304 317 323 326 323 320 320 320 321 327 332 325 317 323 334 342 349 353 343 319 303 298 296 297 298 298 298 296 296
180 208 208 184 160 146 140 138 142 152 165 171 172 170 163 156 149 150 180 215 213 189 172 161 157 157 156 154 151 143 139 152 161 146 129 167 247 247 229 230 258 287 292 281 268 259 257 262 269 274 277 276 347 90 88 82 79 83 89 98 109 119 133 275 295 300 306 312 318 325 325 323 321 321 321 324 329 326 318 319 329 339 346 352 350 334 317 308 302 300 300 299 297 295 292
180 203 203 183 159 144 136 134 138 152 169 178 178 173 164 154 145 148 192 221 206 179 164 155 150 153 158 158 155 144 137 145 156 153 141 181 244 246 244 269 289 301 304 296 284 273 268 270 273 279 280 275 150 107 105 107 109 113 119 116 106 105 5 295 301 303 305 308 313 317 318 317 316 315 316 317 321 321 315 312 319 331 343 350 350 342 328 316 307 303 300 294 285 274 260
180 198 199 184 162 147 137 132 133 145 170 186 187 180 168 153 142 149 203 224 200 173 159 146 138 140 147 153 155 149 141 139 145 154 157 210 259 267 279 287 291 293 290 288 284 278 271 266 265 265 261 244 153 116 114 118 121 125 136 135 117 111 288 291 297 296 295 298 303 305 304 303 302 303 303 303 303 304 300 295 296 307 327 338 342 340 332 319 305 293 277 256 237 224 216
180 197 196 185 167 151 140 132 127 134 161 188 192 186 174 158 144 155 217 230 196 170 157 144 130 122 122 129 140 144 144 138 137 149 182 268 282 288 289 286 282 272 263 259 257 255 250 244 243 242 235 216 164 122 112 111 114 119 136 137 126 135 276 282 285 282 282 285 288 288 285 284 283 282 279 275 272 272 274 274 274 276 285 299 314 324 322 301 265 231 214 207 204 202 201
180 198 194 184 169 153 141 132 125 125 146 182 194 189 178 164 153 175 231 231 190 169 160 147 132 119 107 103 110 125 139 141 139 154 265 284 284 285 281 275 265 251 241 235 232 228 224 223 227 229 222 208 180 139 110 100 102 107 121 121 121 200 267 271 270 269 270 268 263 256 254 253 251 247 241 239 248 258 269 274 272 265 263 267 269 252 219 203 194 191 190 192 194 196 197
180 202 194 185 169 154 142 133 125 119 127 165 193 190 179 166 163 204 238 223 184 170 164 153 138 126 115 106 101 106 119 130 142 212 274 278 276 275 269 259 244 230 221 215 213 211 211 217 225 228 222 209 191 171 118 92 88 89 93 98 103 232 259 259 256 259 258 250 233 222 221 222 220 219 224 241 265 280 285 281 266 251 246 240 215 190 183 180 179 181 182 185 191 195 197
180 202 195 186 172 157 145 136 128 119 113 133 181 188 178 168 182 229 240 212 179 173 171 162 147 135 129 124 112 102 99 104 130 248 268 272 271 266 257 243 227 215 207 204 205 208 215 226 235 236 226 209 195 193 162 92 78 77 80 89 96 216 249 250 248 250 243 227 210 203 204 209 213 223 244 273 291 295 282 252 220 220 228 220 188 175 176 177 178 181 177 177 188 197 197
180 199 197 189 175 159 146 140 134 124 113 119 155 182 176 171 205 237 233 201 178 176 175 167 153 144 141 140 132 112 98 95 119 241 258 264 263 256 246 230 215 205 200 201 210 223 235 244 245 239 224 200 190 198 194 137 83 76 77 85 95 162 242 249 249 242 224 207 199 200 207 223 243 266 282 292 292 280 223 194 195 212 223 211 179 165 170 174 179 185 176 168 184 199 197
180 197 200 194 180 160 144 141 140 131 121 120 140 174 177 178 219 236 226 199 178 175 174 166 156 149 145 148 149 133 110 103 121 221 248 254 253 245 233 218 205 197 200 213 232 249 256 252 243 233 216 185 177 194 200 184 135 91 81 80 88 117 244 252 246 226 209 205 212 230 259 285 295 297 296 289 275 214 171 174 197 220 224 209 179 157 158 168 180 191 178 158 176 198 196
180 196 207 203 186 157 141 141 142 137 129 124 133 168 177 182 222 234 228 208 181 169 163 157 154 148 140 146 159 156 132 117 123 218 249 250 245 235 223 209 198 197 216 242 258 264 261 249 233 220 200 172 168 190 200 194 178 134 103 91 90 107 236 243 232 218 221 242 272 291 300 303 301 296 290 276 243 160 151 168 207 221 213 202 187 161 149 156 176 196 184 153 166 191 194
