wepppy/tests/feverish-lamp/dem/topaz/TASPEC.ARC
ncols   153
nrows   152
xllcorner  505656
yllcorner 5180406
cellsize   30.00
nodata_value    -1.0
[rows 84 to 125 of 152, columns 0 to 94 of 153]
180 196 208 210 194 157 139 140 142 139 133 126 129 161 176 188 229 245 244 228 180 153 146 148 156 151 131 130 148 162 151 135 138 245 269 267 252 231 216 206 204 219 251 267 269 264 255 239 219 204 185 165 164 187 202 200 189 159 135 121 107 113 226 245 248 258 279 292 294 291 289 289 286 285 279 262 196 140 139 166 205 207 199 197 192 172 149 144 169 201 191 148 151 182 197
180 197 212 215 199 161 141 140 141 142 139 130 129 154 174 203 248 261 258 230 171 149 141 142 157 164 133 113 123 147 155 147 170 264 275 270 247 223 216 220 240 267 277 276 267 255 238 220 204 188 171 157 160 190 208 204 193 167 148 142 134 141 260 281 290 295 295 283 266 259 261 266 271 274 270 248 156 126 128 158 194 195 192 197 197 183 158 143 162 202 199 150 140 167 202
180 203 224 227 208 162 140 137 139 142 146 141 132 144 174 233 262 265 251 203 163 146 135 132 150 174 161 121 108 121 144 157 224 262 257 241 225 229 252 277 293 295 287 273 257 234 215 202 192 178 162 153 158 191 215 211 194 162 146 147 152 202 278 291 282 266 239 222 223 234 246 256 263 267 263 217 138 123 124 144 180 189 187 194 198 189 168 151 162 199 199 159 141 159 202
180 212 235 233 206 161 140 136 137 138 146 151 141 138 191 259 267 263 240 189 152 139 136 129 139 171 179 146 118 117 134 217 272 268 258 252 262 287 300 305 305 298 283 263 236 203 193 192 190 180 163 156 162 181 199 197 184 165 150 148 172 251 267 259 237 220 211 216 236 257 269 272 272 269 255 173 131 122 121 133 164 183 181 189 199 193 175 157 162 195 199 166 139 148 204
180 223 237 226 199 163 140 134 134 133 139 154 152 145 228 265 264 251 227 183 145 138 141 133 128 155 178 159 135 127 153 282 296 290 286 288 296 302 301 299 296 286 269 246 210 184 184 192 194 180 161 161 163 168 190 193 179 161 150 156 219 249 243 227 214 215 228 251 274 282 282 277 271 266 241 143 125 120 116 120 142 172 174 185 202 199 182 159 162 195 201 173 135 135 199
180 231 234 222 199 165 138 127 126 122 124 138 155 168 246 265 260 237 207 177 151 142 143 137 124 137 163 155 138 133 263 288 293 289 287 286 287 285 281 276 272 264 249 221 193 169 168 196 206 177 156 161 163 155 176 188 171 159 160 188 240 242 236 234 238 253 265 268 264 259 250 244 249 249 214 135 124 117 112 109 121 149 163 179 201 199 185 168 165 191 198 180 152 143 186
180 226 224 218 204 171 143 130 123 117 115 127 158 217 267 272 259 222 194 172 155 143 138 138 129 120 129 137 137 170 276 286 286 278 269 264 262 261 260 259 255 246 225 202 185 160 157 196 208 164 144 158 167 155 164 179 175 174 200 265 285 292 296 300 307 309 305 295 280 266 256 254 258 252 194 139 127 120 119 118 120 132 148 172 196 197 187 177 170 184 193 185 163 146 178
135 213 221 220 209 179 148 139 140 140 130 130 180 272 284 277 247 202 179 164 157 145 131 131 134 116 110 118 137 234 263 270 272 272 262 257 259 266 270 269 256 231 207 190 172 155 157 195 203 163 145 155 167 166 169 186 201 270 301 307 310 312 315 316 314 315 322 324 319 310 306 297 281 255 174 148 136 121 116 118 122 124 128 154 195 198 190 193 182 171 184 188 174 151 167
135 196 227 227 218 192 145 131 139 151 146 146 282 297 292 259 212 185 169 164 167 156 132 127 141 130 115 119 153 272 282 288 299 309 303 289 286 288 291 289 261 214 197 179 158 146 159 196 190 161 150 154 170 184 226 314 332 335 331 322 309 297 293 296 298 302 311 317 318 314 309 296 274 219 158 153 149 121 104 103 108 112 116 132 179 195 197 213 205 153 163 187 185 159 162
90 172 227 229 225 210 143 116 126 148 168 245 292 298 271 201 187 178 164 164 174 169 144 129 139 133 121 128 242 287 298 303 311 322 323 310 300 293 293 288 212 187 188 169 144 138 161 190 177 159 155 158 193 287 311 324 334 340 342 338 328 313 302 299 296 294 294 290 281 272 264 255 237 179 145 151 164 142 112 101 94 94 98 111 150 186 208 230 224 147 136 171 189 164 155
90 142 224 233 235 224 150 115 116 135 229 277 285 273 177 167 177 177 155 154 175 179 158 135 140 129 115 127 268 283 291 291 293 303 310 304 293 285 282 209 155 167 181 166 143 136 156 180 173 162 162 207 304 307 308 314 324 335 340 342 342 336 326 315 304 294 276 251 231 224 224 226 213 171 140 146 168 157 132 116 104 94 89 91 110 162 221 235 221 165 132 147 179 166 157
90 102 214 239 243 229 152 119 114 130 263 270 259 214 159 149 168 182 154 141 165 185 168 141 142 134 116 132 273 277 278 273 269 273 284 292 288 278 254 154 144 158 174 165 147 138 149 174 178 173 242 295 296 290 285 286 296 314 327 336 341 339 331 320 307 283 244 218 209 210 218 222 209 173 141 139 157 160 147 131 119 106 96 89 93 124 208 223 210 182 145 136 159 162 171
90 98 182 246 247 227 150 122 118 172 253 252 233 200 160 141 162 190 163 132 148 183 176 143 142 146 131 191 269 268 263 259 262 269 279 289 291 276 211 142 134 146 165 161 149 143 147 180 251 302 310 305 296 288 281 277 279 289 302 317 329 329 321 303 259 211 203 199 197 208 225 227 209 176 149 138 144 153 155 147 132 120 112 107 106 119 179 213 209 193 167 141 143 158 198
135 110 161 245 247 224 146 117 116 194 243 236 222 201 164 140 160 198 180 129 129 167 178 150 141 150 156 252 275 275 276 281 287 290 289 291 292 274 155 131 128 139 155 157 155 153 162 301 313 318 320 318 313 309 304 295 289 288 289 296 304 287 232 197 186 186 189 191 198 220 236 231 203 176 159 150 145 148 159 161 148 131 120 116 113 114 149 205 211 203 183 153 141 159 227
90 112 156 238 241 221 146 107 106 183 234 227 218 201 165 141 160 205 199 138 119 142 168 157 143 153 211 276 287 293 300 303 303 302 294 290 291 218 127 125 125 134 147 156 162 203 305 315 318 319 320 319 317 317 316 309 302 294 289 281 242 190 179 176 177 182 189 197 215 238 242 221 189 171 164 161 154 149 159 172 165 125 96 90 91 92 108 178 212 214 194 157 143 182 245
90 104 140 233 236 222 160 100 93 130 225 225 217 200 165 142 162 211 211 159 122 126 150 160 153 173 266 285 290 296 302 304 304 303 295 289 290 116 122 124 124 129 138 157 261 304 313 319 322 322 323 321 320 321 321 317 310 299 283 238 186 171 168 170 174 184 201 226 246 244 229 202 178 166 164 165 161 155 160 185 209 31 59 65 70 73 81 115 205 223 200 159 153 226 252
90 105 125 222 234 228 189 100 87 97 204 225 220 201 165 144 165 216 216 172 135 125 137 159 175 249 288 291 291 294 298 301 303 302 296 291 293 114 119 124 124 124 133 280 303 308 314 321 324 325 325 325 324 323 323 323 317 298 242 188 172 169 169 169 176 201 238 253 239 216 204 193 177 165 163 164 164 161 164 197 237 261 70 77 79 80 84 97 176 225 196 165 187 252 243
135 112 118 208 235 234 216 113 87 88 135 228 225 204 165 144 166 218 215 175 147 134 136 158 249 289 297 294 292 294 297 300 303 305 301 296 116 115 119 124 124 125 205 301 304 307 312 318 320 321 323 325 324 322 323 326 317 224 179 170 167 169 172 174 192 233 252 237 203 187 188 191 184 170 162 163 166 165 168 203 232 226 144 110 101 96 94 96 134 219 194 184 241 256 183
135 119 116 185 235 238 229 145 95 89 98 221 225 203 170 150 168 210 202 174 158 146 138 260 296 300 300 295 293 294 296 299 303 309 309 290 124 121 121 123 124 142 291 300 302 305 309 313 314 315 318 321 321 316 310 285 166 164 165 162 161 168 177 191 227 249 234 199 179 170 176 192 192 176 167 168 168 166 174 206 226 211 168 136 118 109 101 98 115 199 199 229 255 224 152
180 130 119 163 231 240 232 169 109 95 96 166 212 196 178 164 171 197 190 175 171 167 223 308 305 304 301 297 295 294 294 297 302 310 317 130 128 125 124 123 129 256 292 297 299 302 306 309 310 311 312 315 314 295 203 160 162 165 166 159 157 169 196 232 249 232 197 179 170 162 169 195 199 178 171 171 166 165 184 216 225 206 176 150 126 109 99 92 99 156 216 245 238 171 147
180 147 125 153 230 242 232 174 124 107 102 127 191 190 184 177 174 187 183 181 203 270 312 313 309 307 304 299 296 294 294 295 298 305 128 129 130 129 127 125 152 278 290 295 296 299 303 305 305 305 303 301 283 193 154 153 164 171 168 157 156 185 240 250 216 187 178 173 167 159 171 202 202 176 171 174 164 165 203 230 224 203 187 166 124 102 92 86 90 112 225 239 204 155 152
180 160 136 154 236 249 235 166 133 125 115 122 161 185 202 207 196 194 191 301 307 315 319 316 312 309 306 301 298 296 295 293 292 132 126 127 129 130 130 131 245 281 288 290 291 294 298 299 298 293 276 240 191 162 145 147 164 175 168 162 176 232 253 212 172 169 173 172 164 159 181 209 199 172 171 176 164 170 222 234 211 202 210 198 112 97 92 89 91 103 216 226 179 152 197
135 156 145 171 256 263 244 144 133 137 133 131 147 212 271 306 337 352 356 337 324 323 320 315 312 310 307 304 302 300 298 293 267 127 125 126 127 129 132 149 273 283 286 286 287 290 293 291 285 260 218 191 176 163 150 147 161 174 171 178 231 259 222 166 156 163 171 170 160 161 196 215 194 167 167 178 169 183 229 227 203 213 240 242 99 97 97 97 97 107 192 210 169 173 275
90 123 144 238 276 276 243 124 128 143 147 141 180 307 314 325 337 351 356 340 327 326 321 314 312 312 310 308 306 304 299 294 130 125 125 125 126 130 138 248 283 285 285 283 283 285 284 275 249 209 186 177 171 166 160 154 159 173 185 241 280 282 144 147 148 158 171 169 157 166 208 217 189 163 162 180 176 195 227 222 215 241 261 257 104 101 101 102 103 111 173 198 179 262 286
90 92 127 269 276 272 155 123 129 148 164 272 320 321 323 327 334 348 356 341 329 332 328 318 316 315 313 311 310 306 303 113 123 124 124 125 128 136 179 284 287 285 282 279 278 275 265 242 207 187 175 170 167 166 164 159 162 191 264 294 303 40 113 127 134 146 166 169 156 172 214 215 188 162 159 183 184 197 224 232 244 262 261 234 128 108 105 104 104 113 163 200 242 279 285
90 88 117 261 264 241 137 123 131 164 291 318 321 322 324 327 332 346 357 344 331 335 332 324 321 318 316 316 314 310 318 119 122 123 124 125 131 153 272 289 287 283 277 273 268 259 239 213 192 181 172 166 162 161 163 166 191 280 301 304 319 90 105 110 114 126 151 165 158 178 215 212 187 162 160 184 189 199 229 245 251 245 230 209 162 118 108 105 103 111 155 223 264 278 274
90 81 98 246 246 209 128 117 129 273 303 315 318 319 322 326 331 343 357 348 332 333 333 327 322 320 321 322 322 327 103 119 120 120 120 123 136 241 285 288 285 279 272 264 257 243 221 202 189 180 172 165 161 160 169 219 296 308 307 301 116 119 119 117 113 114 131 153 159 184 213 206 184 161 158 183 200 217 247 251 234 207 207 210 189 132 113 105 102 106 141 242 261 263 247
90 77 85 228 229 193 130 115 133 280 292 305 313 316 320 323 328 339 356 349 332 331 331 326 323 322 325 327 335 60 110 116 115 114 114 120 158 279 286 286 281 273 263 253 244 229 211 197 187 180 173 168 166 169 242 300 310 312 306 240 130 130 133 136 132 122 124 137 155 189 210 197 177 159 157 187 225 251 263 244 205 189 207 221 206 147 116 105 100 102 127 240 250 244 232
90 84 83 166 213 185 143 123 247 284 290 300 309 313 317 320 322 331 352 347 328 326 328 324 320 321 325 334 41 106 114 115 113 111 111 121 258 282 282 279 271 260 248 235 226 214 202 194 187 182 176 175 186 267 303 307 310 311 310 127 128 130 134 143 149 138 127 127 144 191 207 188 170 159 161 210 254 264 247 207 183 188 222 237 220 161 119 103 98 100 120 239 251 250 255
180 107 96 114 187 176 154 138 298 294 296 300 305 309 312 317 319 323 344 342 323 321 322 319 317 318 323 101 127 123 120 117 113 110 111 137 262 273 270 262 255 249 241 228 216 208 201 197 193 190 189 219 290 308 308 307 310 324 115 124 127 127 128 141 155 152 136 124 133 184 202 180 164 160 177 244 260 246 201 184 186 211 246 250 227 176 125 104 98 98 110 251 263 268 274
135 129 121 126 151 164 177 300 300 295 292 291 293 298 304 315 322 326 341 340 323 318 317 315 314 312 143 139 137 133 128 122 115 110 113 173 254 260 260 261 270 284 298 309 303 264 239 232 234 261 302 317 317 312 308 309 318 89 118 123 124 120 119 130 150 160 145 125 127 168 192 174 163 170 224 259 250 209 183 192 219 256 265 252 218 187 139 106 97 96 107 245 258 258 252
90 119 121 131 145 199 296 309 303 297 289 284 282 286 295 310 325 330 340 339 325 319 315 310 300 157 134 134 137 138 136 127 116 111 115 197 256 264 275 288 299 310 326 345 355 355 347 337 328 320 322 323 320 313 309 313 7 104 113 120 124 116 112 117 135 160 152 125 121 147 178 172 174 221 265 257 225 187 189 228 260 272 263 236 205 194 155 108 97 97 109 225 244 239 229
135 122 125 140 168 275 303 309 308 307 305 303 299 297 300 310 324 332 339 338 328 322 319 300 189 144 129 126 129 133 134 127 117 112 116 235 269 276 286 294 298 303 318 345 1 4 357 346 337 326 321 321 320 315 314 330 65 94 100 110 123 123 120 118 126 156 160 128 116 129 161 175 220 261 261 226 195 188 223 260 269 263 247 214 197 203 174 112 96 92 97 205 237 232 227
135 137 137 141 259 291 302 305 306 306 308 311 309 306 306 312 325 336 341 339 332 330 347 146 156 144 130 121 116 116 120 121 118 115 117 262 273 275 279 284 286 286 294 328 10 18 352 334 330 324 320 318 318 317 321 5 68 85 91 98 108 117 122 123 127 152 166 136 115 115 136 195 249 255 220 188 189 219 259 267 261 246 225 193 192 206 190 121 91 83 82 120 225 226 231
90 118 125 125 293 295 299 299 296 293 295 298 298 298 301 305 316 326 332 339 337 356 107 131 143 142 135 124 113 103 103 105 108 109 124 257 266 268 270 275 277 276 271 229 158 155 253 286 300 303 302 301 303 307 321 33 74 86 90 94 96 99 104 110 117 142 161 140 116 109 121 213 243 226 189 185 218 257 266 260 247 227 198 180 191 204 202 156 88 79 79 94 200 231 245
90 103 107 292 288 289 290 288 282 279 280 282 283 283 283 278 274 278 292 310 343 110 117 124 129 133 136 133 127 110 99 96 98 104 145 256 263 264 265 269 273 271 257 189 160 176 225 243 247 254 264 271 274 275 279 78 85 87 90 94 99 100 96 95 97 114 141 143 124 115 121 209 232 202 188 221 263 270 256 244 229 205 181 176 193 205 211 204 105 86 85 91 142 252 262
135 123 145 268 272 272 271 268 263 262 264 267 267 263 254 244 241 245 245 230 150 121 122 124 125 131 140 148 149 126 107 102 101 106 169 255 260 262 263 266 267 262 232 172 157 182 220 226 224 235 246 252 253 247 230 131 98 90 90 94 100 105 106 103 99 105 125 143 138 123 124 202 223 206 241 277 282 263 240 231 215 191 172 174 196 209 222 227 141 94 90 92 112 251 258
90 140 244 285 284 281 279 279 280 281 281 277 264 250 242 242 247 246 232 204 163 136 131 130 130 135 144 161 166 142 116 105 101 104 193 259 261 262 263 265 261 249 209 164 156 186 218 223 226 237 243 245 247 243 225 148 113 101 97 95 96 98 104 113 118 116 119 133 144 130 128 198 233 261 288 292 279 232 229 227 210 183 165 172 199 220 234 238 185 98 89 90 111 224 241
180 194 302 306 307 307 310 313 315 312 310 309 300 281 265 256 250 240 219 192 164 144 137 133 130 131 141 167 179 158 123 105 100 105 213 264 267 264 264 265 261 246 196 154 156 194 222 226 231 239 245 248 251 248 222 149 124 111 103 99 97 93 95 101 112 116 112 121 137 137 145 217 269 285 284 264 203 208 232 235 207 169 155 172 220 247 250 242 207 103 85 85 97 198 233
180 290 298 303 306 311 317 320 321 319 318 321 324 316 287 254 234 224 208 184 161 147 138 131 125 121 128 156 181 179 145 112 102 107 207 260 266 266 266 267 265 246 176 145 156 202 223 228 236 246 251 255 256 252 216 142 124 113 102 92 82 78 77 72 70 75 82 90 106 127 164 259 282 280 250 198 193 225 249 240 184 153 154 194 255 267 257 239 224 123 87 84 91 144 231
270 290 292 295 298 304 310 313 316 316 312 308 311 300 247 227 225 221 205 181 162 147 136 128 122 115 114 134 173 189 172 128 109 110 199 253 259 266 269 269 266 231 148 135 158 211 228 237 248 256 257 256 255 249 214 131 106 93 79 62 52 53 54 55 54 57 63 71 82 95 182 267 268 248 204 195 236 269 271 229 158 143 157 245 268 260 238 234 239 177 87 85 87 106 223
0 296 295 294 294 297 299 300 301 296 284 269 239 189 185 208 223 219 200 179 163 148 135 125 122 120 116 123 154 189 188 160 133 131 203 251 259 266 270 270 261 194 137 129 159 219 236 247 253 253 251 252 250 244 220 132 73 60 49 42 43 48 53 60 66 74 80 85 88 93 214 258 246 217 212 264 289 292 280 169 137 133 190 257 254 234 233 250 263 277 85 84 83 90 185
