wepppy/tests/feverish-lamp/dem/topaz/TASPEC.ARC
ncols   153
nrows   152
xllcorner  505656
yllcorner 5180406
cellsize   30.00
nodata_value    -1.0
[rows 0 to 41 of 152, columns 0 to 94 of 153]
315 270 270 270 90 90 90 90 90 90 90 90 90 90 90 90 90 90 90 0 270 270 270 90 0 270 270 90 90 90 90 90 90 0 270 270 270 270 270 270 270 270 270 270 270 0 270 270 90 90 90 90 90 90 90 90 90 90 90 90 0 270 270 270 270 270 270 270 270 90 90 0 270 270 270 90 90 90 90 90 90 0 270 270 270 90 0 270 270 270 270 270 270 270 270
0 299 294 304 27 67 84 90 91 90 88 85 76 65 57 55 51 45 34 356 328 335 357 7 348 338 5 52 77 84 82 69 52 20 327 308 299 288 282 288 298 307 309 317 342 1 337 318 4 54 58 55 52 59 65 68 68 59 38 23 18 301 266 260 257 257 258 263 276 333 4 359 345 336 350 30 55 64 62 53 24 347 338 347 11 26 338 300 297 299 304 312 319 321 319
0 308 311 328 32 70 87 91 89 82 72 62 46 43 46 50 48 42 31 356 331 340 0 8 351 346 23 63 81 83 75 53 43 17 327 317 319 300 278 277 284 295 302 313 341 0 350 339 10 54 65 66 65 68 73 72 62 40 21 19 26 1 283 266 260 259 259 262 267 287 337 348 341 339 358 39 60 65 61 47 11 345 345 0 23 33 344 295 286 286 288 294 302 307 306
0 305 322 352 36 69 84 83 67 45 40 36 30 36 46 50 44 34 27 358 335 343 2 11 357 358 33 65 77 74 59 41 44 23 319 316 337 329 282 270 270 274 281 293 325 353 355 358 26 61 73 74 74 74 75 67 44 22 16 22 31 24 315 273 263 260 258 258 259 260 278 307 319 328 5 53 64 62 56 33 357 345 355 15 33 41 1 290 278 275 276 281 287 290 287
0 300 327 4 39 66 76 61 26 16 23 28 30 37 45 43 35 29 26 0 338 347 5 12 3 8 35 59 68 60 44 40 50 29 318 315 349 359 300 271 264 263 267 273 294 331 354 17 44 60 66 67 68 69 66 51 26 14 18 28 37 36 354 286 266 259 255 251 248 238 233 242 257 274 1 65 65 55 44 16 348 346 5 27 41 46 21 295 278 277 283 291 299 299 291
0 302 329 10 47 67 66 32 359 4 21 30 35 40 44 40 34 33 26 357 342 352 5 8 6 16 36 53 56 45 36 42 51 29 326 322 359 12 334 279 265 259 262 265 275 297 341 29 46 47 51 54 54 53 46 31 16 14 21 30 40 40 13 317 282 265 257 248 239 226 221 224 231 242 258 59 56 41 26 2 345 350 15 36 47 50 31 311 288 288 294 306 319 320 317
0 309 332 23 65 75 62 0 336 353 20 34 40 44 46 44 42 41 21 350 345 354 2 5 8 21 38 50 49 40 40 49 52 26 332 333 12 20 353 296 270 261 261 263 266 278 315 17 32 33 39 45 44 39 30 20 14 16 22 29 37 38 16 343 315 294 281 263 244 232 228 231 238 250 267 20 38 24 8 354 349 358 19 39 49 52 36 328 303 298 300 311 327 328 330
0 314 345 63 91 93 73 325 320 340 12 34 44 49 51 52 51 40 5 342 345 354 0 6 14 25 39 47 44 42 50 58 56 22 335 347 25 30 358 326 283 269 266 268 268 275 297 351 17 24 32 38 36 29 21 15 15 18 24 30 35 35 17 354 332 315 310 305 294 281 270 267 270 274 283 335 18 9 358 353 355 5 23 42 53 55 39 329 307 303 303 311 323 327 336
0 317 25 96 105 110 118 294 302 323 3 36 48 54 57 60 55 28 347 337 343 351 358 8 18 28 39 44 41 44 55 60 53 10 336 356 32 33 356 347 323 286 278 280 280 282 293 327 3 17 25 28 27 21 15 13 15 21 27 32 37 36 20 359 334 317 319 325 330 331 324 312 304 300 301 322 351 355 354 355 2 13 27 46 57 59 40 319 302 301 300 305 314 326 339
0 316 79 98 101 109 245 278 285 301 353 43 56 60 63 64 51 5 334 332 339 348 357 9 20 28 35 39 40 44 54 56 38 356 341 3 32 29 353 350 355 318 294 292 294 294 300 319 351 12 19 19 18 15 11 11 16 24 31 35 38 38 23 5 339 317 320 327 335 339 338 331 324 322 325 331 337 345 354 1 10 22 33 48 59 59 29 313 298 296 294 297 303 318 334
0 329 93 95 95 96 264 266 268 277 321 54 64 67 68 63 31 344 330 331 337 344 354 9 23 31 35 38 40 44 51 49 23 351 347 7 30 21 351 352 4 342 307 296 300 303 308 321 341 4 11 9 10 10 8 10 19 28 36 40 41 38 21 5 345 322 318 324 330 336 338 335 332 334 339 338 335 341 355 7 18 29 40 53 60 51 12 315 298 293 290 286 290 305 326
0 36 89 90 87 58 326 279 268 272 298 53 65 68 67 47 0 336 330 331 333 339 351 8 24 33 38 41 42 44 48 43 14 348 353 13 28 18 349 350 6 358 321 300 299 305 315 330 339 358 5 358 0 5 8 13 23 31 39 44 44 38 16 2 350 324 314 317 324 328 331 330 331 340 348 344 336 339 355 12 25 35 46 57 55 35 1 317 296 286 282 279 284 298 321
0 31 60 62 50 12 354 343 301 285 297 43 60 60 52 20 345 333 329 328 329 335 347 7 26 36 40 42 43 45 47 41 10 349 0 14 24 15 349 349 6 7 340 308 300 305 320 331 338 355 2 358 356 0 8 21 32 38 43 48 47 38 14 0 354 328 310 310 314 317 321 323 330 345 353 350 339 339 356 18 32 42 51 57 45 20 354 315 291 282 283 283 284 291 307
0 27 33 36 28 3 356 358 336 306 308 21 49 48 33 1 338 332 330 329 327 329 338 6 32 42 45 44 44 46 48 41 11 351 1 13 22 15 353 350 1 8 354 317 302 306 322 326 332 348 358 359 0 3 10 22 34 40 45 51 48 37 13 359 1 338 310 302 304 306 311 313 323 342 354 350 339 339 0 26 40 49 57 58 42 14 347 311 295 292 290 284 279 274 279
0 16 12 24 23 357 350 358 355 334 327 4 34 34 16 352 339 335 332 327 324 325 332 1 34 47 51 50 47 47 47 38 9 353 2 13 24 18 355 350 359 8 2 325 302 306 315 318 329 342 351 356 0 4 13 28 38 39 40 48 47 36 14 0 5 355 318 299 298 301 300 298 305 323 340 341 335 342 11 36 49 56 60 54 37 22 346 306 299 294 286 275 263 253 249
45 10 6 22 22 348 340 353 358 350 341 359 25 25 10 350 338 334 336 331 321 318 325 359 36 51 54 54 50 48 47 34 6 355 1 12 25 20 356 351 0 10 11 333 303 304 309 314 325 335 345 353 0 6 17 33 44 45 43 48 49 37 15 1 9 9 334 305 299 300 289 275 252 235 252 282 300 326 51 81 91 88 71 43 26 27 357 308 294 279 263 248 239 234 230
45 9 11 27 21 343 328 341 354 355 352 1 15 16 6 352 341 338 349 346 320 314 328 1 39 57 59 55 48 43 42 28 4 357 2 13 26 21 0 354 2 12 17 342 311 310 309 312 318 327 338 348 359 9 21 33 42 47 49 51 52 41 16 2 11 17 349 312 301 292 260 224 198 199 208 219 222 196 150 137 136 134 119 20 19 37 15 311 279 251 227 221 220 220 220
0 18 26 33 20 341 321 329 347 355 357 2 6 7 4 357 344 339 350 346 331 327 339 6 35 54 60 56 47 38 35 25 8 2 7 18 29 21 1 357 6 17 23 354 314 305 304 309 315 324 335 346 359 9 19 29 38 45 48 48 47 42 16 355 4 17 2 320 303 280 218 195 186 192 205 219 216 189 159 145 140 141 165 207 173 101 82 276 248 222 214 223 223 218 216
0 33 40 33 12 336 317 321 339 351 357 357 354 354 358 359 346 336 339 339 332 331 344 11 35 49 55 56 53 44 37 30 19 14 20 31 35 21 2 1 10 20 27 4 320 303 303 308 313 322 332 343 358 9 18 28 36 43 47 48 45 39 15 350 356 13 7 336 325 71 157 170 176 191 217 229 216 189 167 147 135 139 174 201 183 163 174 200 196 191 206 224 228 226 221
45 56 54 35 3 327 302 288 227 179 185 211 265 303 336 353 345 330 325 325 328 335 348 13 36 46 49 49 45 43 40 45 39 28 30 38 36 17 2 13 27 31 29 5 326 309 307 310 313 320 328 342 359 12 22 33 40 44 48 51 50 41 15 345 346 14 15 353 13 98 131 153 167 187 216 226 210 184 170 167 158 147 169 193 185 188 198 184 171 174 190 202 206 207 207
90 95 81 48 0 304 262 205 175 176 185 201 225 248 275 319 330 323 318 320 328 340 352 13 30 40 42 39 31 25 25 30 33 29 34 42 37 11 6 30 43 38 24 350 318 309 310 312 315 320 329 344 1 13 24 37 45 47 48 49 46 36 18 349 345 6 21 32 81 106 119 130 144 177 210 216 199 181 169 170 172 159 166 189 193 206 208 174 156 162 182 194 199 200 199
180 136 132 125 164 201 186 170 168 176 187 200 212 225 241 271 304 313 315 319 329 341 353 11 23 30 31 27 24 21 19 19 20 21 24 24 13 1 7 26 41 41 0 321 309 307 308 311 313 319 327 343 2 17 27 39 47 49 48 48 44 34 19 0 354 16 46 85 109 116 113 107 115 152 203 213 200 180 162 168 184 174 166 187 210 220 202 167 150 147 168 192 201 199 198
180 164 168 171 175 175 170 166 168 176 184 188 193 205 225 247 273 293 305 315 329 343 358 11 18 23 22 17 16 17 19 19 19 20 19 17 10 2 6 20 26 18 357 332 314 306 305 307 309 314 324 339 2 22 36 48 53 52 51 51 50 43 28 12 18 77 111 124 132 137 135 119 115 133 189 212 205 184 162 167 192 185 168 187 216 216 188 169 154 143 157 189 202 202 200
180 174 174 175 175 173 169 166 168 175 180 183 187 200 224 244 259 274 287 300 318 338 358 12 15 14 13 12 12 15 18 19 22 26 27 29 32 29 30 42 35 18 356 332 311 300 297 295 294 295 297 308 359 49 62 64 62 58 56 58 60 58 52 54 91 116 127 133 146 160 152 127 120 128 169 212 212 188 163 172 203 195 169 186 213 209 184 172 160 141 148 186 201 198 197
180 176 174 174 174 171 166 164 166 170 173 177 189 209 232 245 252 259 267 274 287 313 348 8 10 5 4 8 12 16 22 27 33 40 48 67 94 134 167 168 156 162 241 281 282 277 269 261 254 243 230 212 182 146 118 100 91 88 85 81 80 81 88 102 114 119 122 129 146 165 161 134 119 120 149 207 215 190 167 185 214 201 165 179 207 207 189 177 167 143 140 176 199 196 194
180 179 177 175 172 167 164 162 163 166 169 175 197 222 238 245 247 248 251 253 257 270 307 355 5 1 4 16 25 30 44 59 69 75 83 94 107 130 161 177 177 183 205 229 242 242 236 232 226 219 209 197 182 168 154 139 129 126 126 121 109 103 109 118 122 118 114 118 136 158 165 148 126 117 133 196 212 189 175 197 214 197 170 174 197 206 194 180 176 153 138 164 198 199 196
180 183 180 176 171 166 162 159 158 160 163 178 217 237 243 246 244 242 241 239 237 238 237 223 188 176 142 126 126 131 126 117 111 107 106 106 110 121 145 170 179 191 209 219 223 222 219 218 217 212 204 193 182 175 166 154 142 135 136 139 133 121 115 119 124 120 112 113 124 138 158 161 141 125 129 178 206 188 186 206 207 190 176 174 189 200 193 187 187 168 146 156 193 207 201
180 187 183 176 170 165 160 155 153 154 159 189 233 245 245 246 243 240 236 233 229 226 218 201 185 179 170 161 157 156 150 140 130 122 116 111 113 116 130 156 178 198 213 217 217 215 212 211 211 208 202 193 184 178 171 161 145 131 128 135 138 131 120 116 121 126 124 120 116 121 144 163 152 130 127 160 194 190 197 210 198 184 180 180 187 195 194 194 194 179 158 153 186 210 203
180 192 189 179 169 162 155 150 148 149 159 202 235 242 242 244 243 239 236 232 228 223 214 199 185 177 170 164 162 159 155 149 139 129 119 115 115 116 122 141 172 201 214 216 217 215 211 209 208 206 202 196 188 181 176 172 155 127 115 116 123 130 129 120 118 124 131 133 124 122 133 157 159 135 126 144 180 193 206 209 189 179 182 187 189 193 200 203 199 192 177 149 167 205 208
180 194 197 187 172 162 154 149 147 146 159 203 231 239 240 242 243 237 235 233 229 222 212 198 185 176 170 166 164 162 158 152 143 132 122 118 118 119 119 129 160 200 215 215 215 215 212 209 207 206 204 199 191 184 181 186 175 134 110 104 107 118 130 127 120 118 129 137 133 130 130 147 160 144 129 134 164 198 212 203 183 178 183 192 194 197 206 210 214 227 209 123 140 192 211
180 194 202 194 176 166 159 154 151 148 160 201 232 243 242 243 242 236 233 232 229 221 210 196 183 175 170 167 166 164 160 153 144 133 125 121 120 120 118 124 147 191 213 216 215 214 211 209 207 206 204 199 192 185 188 199 196 154 120 107 103 107 118 127 127 126 128 128 130 132 129 137 152 150 139 135 154 202 215 199 183 181 187 196 198 206 221 236 261 279 306 118 135 179 210
180 197 210 199 178 168 162 159 157 154 166 209 243 252 246 242 241 235 231 231 227 220 208 193 181 175 171 169 168 166 163 156 147 136 128 123 121 119 117 121 135 177 209 214 214 213 211 209 207 204 202 198 192 190 199 212 208 174 140 119 109 105 107 116 125 134 129 119 120 125 124 125 137 146 143 137 152 206 217 203 196 202 222 242 254 269 283 294 297 287 130 129 139 176 208
180 208 219 200 177 169 165 163 161 160 177 224 248 251 244 239 239 233 230 229 225 217 205 191 180 174 172 171 170 168 165 160 151 140 131 124 121 119 118 120 129 161 203 213 212 211 209 207 204 199 196 194 194 201 212 218 205 180 155 134 120 112 107 106 111 128 124 110 104 103 103 103 106 117 124 129 151 218 239 251 285 315 326 331 331 325 318 312 294 173 138 136 143 179 208
180 218 218 191 175 169 167 165 162 166 193 229 241 241 240 236 236 232 229 229 225 214 202 189 179 173 171 171 170 169 168 164 157 146 135 128 124 121 120 121 128 150 195 212 212 211 209 206 203 198 194 194 202 215 221 214 199 180 161 146 132 123 117 107 104 108 102 90 80 72 71 75 77 85 96 108 142 251 276 295 315 326 330 334 333 326 314 275 174 154 150 151 157 188 207
180 221 207 184 174 172 171 167 162 173 204 226 234 236 235 232 231 232 231 230 223 211 199 187 177 171 168 169 169 170 172 171 164 153 143 135 129 124 120 121 126 141 187 212 211 211 210 208 205 200 197 202 218 226 219 209 196 178 161 150 142 136 132 122 117 118 103 89 84 81 82 84 87 90 94 100 136 263 275 284 297 308 309 310 302 257 190 170 161 156 160 166 176 202 210
180 217 196 179 174 174 177 176 170 184 211 227 235 237 233 230 230 234 235 231 220 204 192 182 173 168 166 167 169 172 177 178 170 161 152 143 134 125 118 117 121 133 178 211 208 208 212 211 207 204 207 218 229 227 215 210 198 173 155 149 146 144 144 139 138 148 140 130 127 126 126 122 114 106 102 103 143 251 255 254 248 243 235 216 194 178 168 163 159 160 173 197 231 253 244
180 209 189 177 173 175 184 187 185 199 223 238 243 240 234 234 235 238 238 230 212 195 184 176 170 166 165 166 168 173 180 182 176 167 158 148 138 126 117 115 118 127 163 203 204 207 215 212 206 209 219 226 225 220 218 220 200 162 148 143 142 143 146 146 149 155 150 148 146 143 144 144 130 116 108 106 142 235 236 232 225 213 202 188 178 170 164 162 163 182 249 300 323 338 348
180 200 185 177 176 181 197 211 220 241 256 257 253 249 246 245 243 241 239 224 198 184 177 172 167 165 164 164 167 173 180 185 182 173 163 152 141 129 123 120 120 124 148 191 204 212 220 211 205 213 223 225 223 226 237 240 198 143 137 133 128 130 137 144 149 146 142 144 145 142 145 150 137 123 113 110 138 219 230 229 222 205 190 179 173 169 167 169 189 254 292 312 335 354 4
180 192 183 181 189 208 243 272 288 301 301 289 277 273 270 265 257 248 237 213 185 175 171 167 163 162 161 163 167 173 181 188 188 181 171 157 141 132 131 129 126 126 139 181 210 221 220 205 205 216 224 228 233 247 259 260 176 118 119 116 112 113 120 132 136 129 123 122 123 123 128 137 134 126 118 115 133 207 235 234 220 198 183 175 171 170 175 198 257 286 297 310 336 1 12
180 186 188 201 233 266 284 291 297 306 314 316 307 294 283 275 268 254 230 198 175 168 164 161 160 159 160 163 167 173 185 194 193 188 182 164 137 129 133 133 129 128 134 174 220 225 213 198 207 223 234 245 254 261 264 256 150 109 103 97 94 92 95 102 104 94 82 75 68 65 69 81 95 102 102 101 109 185 233 227 205 188 180 176 174 179 217 274 291 296 297 304 331 6 19
180 193 229 273 291 298 299 299 302 304 309 317 321 311 296 282 269 250 213 183 168 161 159 159 157 157 158 160 163 170 190 204 199 193 191 172 133 122 126 128 127 127 134 172 217 218 205 198 217 241 254 264 266 264 258 240 157 117 104 88 77 71 67 66 61 47 42 43 42 43 48 51 55 59 62 63 71 105 219 212 192 184 184 185 192 234 284 297 300 298 294 297 317 2 22
180 250 287 299 303 307 310 316 321 320 312 315 323 319 307 285 258 230 192 165 157 153 152 153 152 153 155 156 153 161 195 213 202 197 200 182 131 114 114 116 117 121 130 169 210 215 212 221 250 267 271 272 270 265 260 245 149 112 103 89 70 60 53 49 43 35 40 46 46 47 52 53 53 54 56 58 69 86 176 200 189 191 200 213 252 288 297 300 300 294 288 289 299 341 14
