 EVENT OUTPUT
day mo  year Precp  Runoff  IR-det Av-det Mx-det  Point  Av-dep Max-dep  Point Sed.Del    ER
--- --  ----  (mm)    (mm)  kg/m^2 kg/m^2 kg/m^2    (m)  kg/m^2  kg/m^2    (m)  (kg/m)  ----
    9    1     1  76.0    32.9   0.000   0.06   0.10  111.4    0.00    0.00    0.0     5.9  1.00
   10    1     1  34.9    15.3   0.000   0.02   0.03  111.4    0.00    0.00    0.0     1.9  1.00
   11    1     1  41.6    17.8   0.000   0.03   0.06  111.4    0.00    0.00    0.0     3.3  1.00
   28    1     1  68.1     9.3   0.000   0.01   0.02  111.4    0.00    0.00    0.0     0.4  1.00
   29    1     1  41.1    18.6   0.000   0.02   0.03  111.4    0.00    0.00    0.0     0.4  1.00
   13    2     1  66.0     5.7   0.000   0.00   0.00    0.0    0.00    0.00    0.0     0.0  1.00
   14    2     1  82.4    60.4   0.000   0.07   0.11  111.4    0.00    0.00    0.0     7.9  1.00
   15    2     1 115.7    89.3   0.000   0.10   0.15  111.4    0.00    0.00    0.0    10.6  1.00
   16    2     1  54.3    35.7   0.000   0.04   0.07  111.4    0.00    0.00    0.0     4.7  1.00
   17    2     1  54.8    40.3   0.000   0.06   0.09  111.4    0.00    0.00    0.0     6.2  1.00
   18    2     1  55.1    40.4   0.000   0.05   0.08  111.4    0.00    0.00    0.0     5.5  1.00
   19    2     1  20.2     6.3   0.000   0.00   0.00    0.0    0.00    0.00    0.0     0.0  1.00
   20    2     1  18.7     3.9   0.000   0.00   0.00    0.0    0.00    0.00    0.0     0.0  1.00
    2    3     1  64.1     5.5   0.000   0.01   0.02  111.4    0.00    0.00    0.0     1.0  1.00
    3    3     1  21.4     0.7   0.000   0.00   0.00    0.0    0.00    0.00    0.0     0.0  1.00
   28    1     2  57.1    22.1   0.000   0.03   0.05  111.4    0.00    0.00    0.0     3.5  1.00
   29    1     2  18.9     0.2   0.000   0.00   0.00  111.4    0.00    0.00    0.0     0.0  1.00
    1    3     2  50.1     5.0   0.000   0.01   0.01  111.4    0.00    0.00    0.0     0.4  1.00
    5    3     2  33.8     5.5   0.000   0.01   0.01  111.4    0.00    0.00    0.0     0.1  1.00
   27   11     2  59.1    10.3   0.000   0.01   0.02  111.4    0.00    0.00    0.0     1.5  1.00
   28   11     2  17.0     0.8   0.000   0.00   0.00  111.4    0.00    0.00    0.0     0.1  1.00
   16    3     3  52.8    10.7   0.000   0.02   0.03  111.4    0.00    0.00    0.0     1.8  1.00
   17    3     3  36.6    16.5   0.000   0.02   0.04  111.4    0.00    0.00    0.0     2.7  1.00
    1    4     3  23.4     0.1   0.000   0.00   0.00    0.0    0.00    0.00    0.0     0.0  1.00
    9   11     3  98.9    32.6   0.000   0.04   0.06  111.4    0.00    0.00    0.0     4.1  1.00
   29   11     3  30.6     0.3   0.000   0.00   0.00    0.0    0.00    0.00    0.0     0.0  1.00
   30   11     3  79.2    41.4   0.000   0.04   0.06  111.4    0.00    0.00    0.0     4.3  1.00
   22   12     3  67.2    25.1   0.000   0.04   0.06  111.4    0.00    0.00    0.0     4.3  1.00
   22    1     4  81.8    38.7   0.000   0.05   0.08  111.4    0.00    0.00    0.0     5.8  1.00
   23    1     4  38.6    14.4   0.000   0.02   0.03  111.4    0.00    0.00    0.0     2.3  1.00
   24    1     4  40.6    19.3   0.000   0.03   0.05  111.4    0.00    0.00    0.0     3.2  1.00
   27    1     4  87.4    57.8   0.000   0.10   0.16  111.4    0.00    0.00    0.0    10.5  1.00
   28    1     4  14.1     0.4   0.000   0.00   0.00    0.0    0.00    0.00    0.0     0.0  1.00
   29    1     4  49.0    32.8   0.000   0.06   0.11  111.4    0.00    0.00    0.0     5.9  1.00
   26    2     4  47.3     1.7   0.000   0.00   0.00    0.0    0.00    0.00    0.0     0.0  1.00
   27    2     4  25.8     4.5   0.000   0.00   0.00    0.0    0.00    0.00    0.0     0.0  1.00
   28    2     4  61.4    33.6   0.000   0.05   0.08  111.4    0.00    0.00    0.0     5.2  1.00
    1    3     4 133.8   117.2   0.000   0.16   0.25  111.4    0.00    0.00    0.0    17.1  1.00
    2    3     4  46.6    32.3   0.000   0.04   0.07  111.4    0.00    0.00    0.0     4.5  1.00
   24    3     4  48.9     2.5   0.000   0.00   0.00    0.0    0.00    0.00    0.0     0.0  1.00
   24   12     4  52.0     1.3   0.000   0.00   0.00  111.4    0.00    0.00    0.0     0.1  1.00
   25   12     4  58.0    36.8   0.000   0.06   0.10  111.4    0.00    0.00    0.0     6.7  1.00
   23   11     5  26.8     0.3   0.000   0.00   0.00    0.0    0.00    0.00    0.0     0.0  1.00
   18   12     5  24.4     0.5   0.000   0.00   0.00  111.4    0.00    0.00    0.0     0.1  1.00
   24   11     6  56.7    20.2   0.000   0.02   0.03  111.4    0.00    0.00    0.0     2.4  1.00
   25   11     6  46.4    15.0   0.000   0.02   0.03  111.4    0.00    0.00    0.0     2.2  1.00
   30    1     7  67.4    20.5   0.000   0.03   0.05  111.4    0.00    0.00    0.0     3.3  1.00
   13    2     7  57.1    14.3   0.000   0.02   0.04  111.4    0.00    0.00    0.0     2.4  1.00
   14    2     7  64.7    40.3   0.000   0.05   0.08  111.4    0.00    0.00    0.0     5.5  1.00
   15    2     7  64.7    42.2   0.000   0.06   0.09  111.4    0.00    0.00    0.0     6.5  1.00
   16    3     7  18.9     0.5   0.000   0.00   0.00    0.0    0.00    0.00    0.0     0.0  1.00
   31   10     8  75.7    27.4   0.000   0.03   0.05  111.4    0.00    0.00    0.0     3.2  1.00
    4   11     8  25.8     0.0   0.000   0.00   0.00    0.0    0.00    0.00    0.0     0.0  1.00
   17    1     9  70.7    13.3   0.000   0.02   0.04  111.4    0.00    0.00    0.0     2.0  1.00
   20    4     9  20.1     0.8   0.000   0.00   0.00    0.0    0.00    0.00    0.0     0.0  1.00
    8    2    10  48.6     0.3   0.000   0.00   0.00    0.0    0.00    0.00    0.0     0.0  1.00
   16    2    11  79.4    19.7   0.000   0.03   0.04  111.4    0.00    0.00    0.0     3.0  1.00
   17    2    11  63.2    41.8   0.000   0.08   0.13  111.4    0.00    0.00    0.0     7.9  1.00
   27    2    12  68.3    21.7   0.000   0.03   0.05  111.4    0.00    0.00    0.0     3.6  1.00
   28    2    12  68.0    45.9   0.000   0.06   0.10  111.4    0.00    0.00    0.0     7.0  1.00
    1    3    12  22.7     0.2   0.000   0.00   0.00    0.0    0.00    0.00    0.0     0.0  1.00
   19    3    12  40.1    11.9   0.000   0.02   0.03  111.4    0.00    0.00    0.0     2.1  1.00
   25    3    12  45.3     0.0   0.000   0.00   0.00    0.0    0.00    0.00    0.0     0.0  1.00
   26    3    12  28.6     5.9   0.000   0.01   0.02  111.4    0.00    0.00    0.0     1.1  1.00
   27    3    12  23.6     8.5   0.000   0.01   0.03  111.4    0.00    0.00    0.0     1.2  1.00
   28   12    12 117.4    74.9   0.000   0.10   0.16  111.4    0.00    0.00    0.0    10.9  1.00
   29   12    12  37.6    16.3   0.000   0.03   0.05  111.4    0.00    0.00    0.0     3.0  1.00
    6    2    13  53.3     2.3   0.000   0.00   0.00    0.0    0.00    0.00    0.0     0.0  1.00
   10    2    13  90.0    61.9   0.000   0.07   0.12  111.4    0.00    0.00    0.0     8.1  1.00
   11    2    13  68.0    53.7   0.000   0.07   0.10  111.4    0.00    0.00    0.0     7.2  1.00
   12    2    13  45.5    31.3   0.000   0.06   0.10  111.4    0.00    0.00    0.0     5.9  1.00
    2    3    13  72.5    19.4   0.000   0.02   0.04  111.4    0.00    0.00    0.0     2.6  1.00
   20    3    13  61.8     4.9   0.000   0.01   0.01  111.4    0.00    0.00    0.0     0.9  1.00
   21    3    13  30.1     9.3   0.000   0.01   0.02  111.4    0.00    0.00    0.0     1.5  1.00
    6   12    13  66.9     7.3   0.000   0.00   0.00    0.0    0.00    0.00    0.0     0.0  1.00
    7   12    13  90.3    69.2   0.000   0.11   0.18  111.4    0.00    0.00    0.0    11.8  1.00
   28   12    13  41.4     3.0   0.000   0.01   0.01  111.4    0.00    0.00    0.0     0.6  1.00
   29   12    13  26.0     5.4   0.000   0.01   0.02  111.4    0.00    0.00    0.0     1.0  1.00
    6    1    14  84.1    30.4   0.000   0.06   0.10  111.4    0.00    0.00    0.0     5.7  1.00
    7    1    14  58.4    33.0   0.000   0.04   0.06  111.4    0.00    0.00    0.0     3.9  1.00
   11    1    14  37.2     3.6   0.000   0.01   0.01  111.4    0.00    0.00    0.0     0.7  1.00
   12    1    14  47.7    33.5   0.000   0.06   0.11  111.4    0.00    0.00    0.0     5.6  1.00
   13    1    14  44.1    29.6   0.000   0.04   0.06  111.4    0.00    0.00    0.0     4.4  1.00
   14    1    14  79.5    65.2   0.000   0.08   0.13  111.4    0.00    0.00    0.0     9.0  1.00
   15    1    14  22.7     8.7   0.000   0.00   0.00    0.0    0.00    0.00    0.0     0.0  1.00
   16    1    14  47.4    33.4   0.000   0.06   0.11  111.4    0.00    0.00    0.0     6.0  1.00
   17    1    14  59.9    45.8   0.000   0.06   0.09  111.4    0.00    0.00    0.0     6.3  1.00
   18    1    14  15.8     2.1   0.000   0.00   0.00    0.0    0.00    0.00    0.0     0.0  1.00
    8    2    14  64.2    30.2   0.000   0.05   0.07  111.4    0.00    0.00    0.0     5.0  1.00
   17    2    14  68.8     9.4   0.000   0.01   0.01  111.4    0.00    0.00    0.0     0.2  1.00
   18    2    14  45.3    21.1   0.000   0.03   0.05  111.4    0.00    0.00    0.0     3.5  1.00
   19    2    14  24.5     1.6   0.000   0.00   0.00  111.4    0.00    0.00    0.0     0.2  1.00
   25    3    14  71.2     8.8   0.000   0.00   0.00    0.0    0.00    0.00    0.0     0.0  1.00
   26    3    14  25.7     5.9   0.000   0.00   0.00  111.4    0.00    0.00    0.0     0.0  1.00
    3    1    16 160.9   102.2   0.000   0.09   0.15  111.4    0.00    0.00    0.0    10.4  1.00
    4    1    16  38.8    17.3   0.000   0.02   0.05  111.4    0.00    0.00    0.0     1.8  1.00
    7    1    16  74.7    37.9   0.000   0.06   0.09  111.4    0.00    0.00    0.0     6.0  1.00
    8    1    16  28.8    14.6   0.000   0.02   0.03  111.4    0.00    0.00    0.0     2.3  1.00
    9    1    16  92.1    78.0   0.000   0.10   0.16  111.4    0.00    0.00    0.0    11.2  1.00
   10    1    16 136.4   121.9   0.000   0.17   0.27  111.4    0.00    0.00    0.0    18.3  1.00
   11    1    16  21.9     7.9   0.000   0.01   0.02  111.4    0.00    0.00    0.0     0.7  1.00
   23    1    16  65.1    18.9   0.000   0.02   0.05  111.4    0.00    0.00    0.0     1.8  1.00
   24    1    16  94.1    66.9   0.000   0.09   0.15  111.4    0.00    0.00    0.0    10.2  1.00
   25    1    16  21.9     6.8   0.000   0.00   0.00    0.0    0.00    0.00    0.0     0.0  1.00
   14    2    16  28.3     3.8   0.000   0.01   0.01  111.4    0.00    0.00    0.0     0.7  1.00
    5    3    16  48.4     9.6   0.000   0.01   0.02  111.4    0.00    0.00    0.0     1.6  1.00
   10    3    16  74.3    23.7   0.000   0.03   0.07  111.4    0.00    0.00    0.0     2.8  1.00
   11    3    16  48.9    30.5   0.000   0.04   0.06  111.4    0.00    0.00    0.0     4.4  1.00
   31    1    17  59.9     2.0   0.000   0.00   0.00    0.0    0.00    0.00    0.0     0.0  1.00
   19    2    17  99.3    36.9   0.000   0.05   0.11  111.4    0.00    0.00    0.0     4.5  1.00
   20    2    17 103.4    81.5   0.000   0.10   0.15  111.4    0.00    0.00    0.0    10.6  1.00
   29   10    17  42.2     1.5   0.000   0.00   0.00  111.4    0.00    0.00    0.0     0.1  1.00
   30   10    17  26.9     2.1   0.000   0.00   0.01  111.4    0.00    0.00    0.0     0.3  1.00
   21   11    17  49.5     1.0   0.000   0.00   0.00  111.4    0.00    0.00    0.0     0.1  1.00
    9   12    17  39.4    11.8   0.000   0.02   0.03  111.4    0.00    0.00    0.0     2.0  1.00
   10   12    17  32.8     7.6   0.000   0.01   0.02  111.4    0.00    0.00    0.0     1.3  1.00
   11   12    17  29.0     7.1   0.000   0.01   0.02  111.4    0.00    0.00    0.0     0.7  1.00
   25    1    18  34.1     5.3   0.000   0.01   0.02  111.4    0.00    0.00    0.0     1.0  1.00
    6   12    18  43.9    15.4   0.000   0.02   0.04  111.4    0.00    0.00    0.0     2.5  1.00
    3    2    19  58.4    26.7   0.000   0.04   0.06  111.4    0.00    0.00    0.0     4.4  1.00
    6    2    19  35.1     8.3   0.000   0.01   0.02  111.4    0.00    0.00    0.0     1.6  1.00
    7    2    19  23.5     9.5   0.000   0.01   0.02  111.4    0.00    0.00    0.0     0.4  1.00
    8    2    19  16.7     2.6   0.000   0.00   0.00    0.0    0.00    0.00    0.0     0.0  1.00
   22    2    19  53.5     8.0   0.000   0.01   0.02  111.4    0.00    0.00    0.0     0.4  1.00
   23    2    19  44.3    30.1   0.000   0.04   0.06  111.4    0.00    0.00    0.0     4.3  1.00
   25    3    19  96.4    33.6   0.000   0.06   0.11  111.4    0.00    0.00    0.0     6.3  1.00
   12    5    19  33.4     0.3   0.000   0.00   0.00    0.0    0.00    0.00    0.0     0.0  1.00
   13    5    19  25.7     1.5   0.000   0.00   0.00  111.4    0.00    0.00    0.0     0.1  1.00
   21    2    21  53.8    13.8   0.000   0.01   0.03  111.4    0.00    0.00    0.0     0.6  1.00
   23    2    21  53.8    28.9   0.000   0.04   0.07  111.4    0.00    0.00    0.0     4.5  1.00
   18    4    21  15.2     1.6   0.000   0.00   0.00  111.4    0.00    0.00    0.0     0.1  1.00
   12    1    22  78.8    48.0   0.000   0.07   0.11  111.4    0.00    0.00    0.0     7.6  1.00
   13    2    22 102.1    60.1   0.000   0.08   0.12  111.4    0.00    0.00    0.0     8.2  1.00
   26    2    22  51.1    15.6   0.000   0.03   0.04  111.4    0.00    0.00    0.0     2.9  1.00
    6    3    22  41.4     7.4   0.000   0.01   0.02  111.4    0.00    0.00    0.0     1.3  1.00
    8   11    23  96.9    29.6   0.000   0.05   0.08  111.4    0.00    0.00    0.0     5.1  1.00
   20   12    23  54.1     8.3   0.000   0.01   0.02  111.4    0.00    0.00    0.0     1.5  1.00
   12    2    24 130.7    75.8   0.000   0.10   0.15  111.4    0.00    0.00    0.0    10.6  1.00
   15    3    24  96.4    33.6   0.000   0.06   0.11  111.4    0.00    0.00    0.0     5.3  1.00
   14    4    24  30.4     0.1   0.000   0.00   0.00    0.0    0.00    0.00    0.0     0.0  1.00
   22    2    25  48.3     2.1   0.000   0.00   0.00    0.0    0.00    0.00    0.0     0.0  1.00
   23    2    25  21.5     0.3   0.000   0.00   0.00    0.0    0.00    0.00    0.0     0.0  1.00
   26    2    25 108.2    72.6   0.000   0.10   0.15  111.4    0.00    0.00    0.0    10.6  1.00
   20   10    25  74.9    37.8   0.000   0.04   0.06  111.4    0.00    0.00    0.0     4.4  1.00
   27   10    25  45.8    13.8   0.000   0.02   0.03  111.4    0.00    0.00    0.0     1.9  1.00
   28   12    25 106.5    56.7   0.000   0.08   0.12  111.4    0.00    0.00    0.0     8.3  1.00
   29   12    25  91.1    69.2   0.000   0.09   0.14  111.4    0.00    0.00    0.0     9.7  1.00
   31   12    25  75.4    36.9   0.000   0.06   0.09  111.4    0.00    0.00    0.0     6.1  1.00
    2    1    26  20.7     0.0   0.000   0.00   0.00    0.0    0.00    0.00    0.0     0.0  1.00
    3    1    26 166.1   146.5   0.000   0.19   0.31  111.4    0.00    0.00    0.0    21.1  1.00
    7    1    26  48.5     3.9   0.000   0.00   0.00    0.0    0.00    0.00    0.0     0.0  1.00
    8    1    26  58.6    44.5   0.000   0.06   0.10  111.4    0.00    0.00    0.0     6.6  1.00
    9    1    26  92.9    78.7   0.000   0.10   0.16  111.4    0.00    0.00    0.0    10.9  1.00
   10    1    26  87.4    73.3   0.000   0.09   0.15  111.4    0.00    0.00    0.0    10.1  1.00
   11    1    26  71.9    57.7   0.000   0.08   0.13  111.4    0.00    0.00    0.0     8.6  1.00
   11    2    26  69.3    12.2   0.000   0.02   0.03  111.4    0.00    0.00    0.0     2.0  1.00
   19    2    26  71.3    43.2   0.000   0.06   0.09  111.4    0.00    0.00    0.0     6.5  1.00
   20    2    26  53.0    34.2   0.000   0.04   0.07  111.4    0.00    0.00    0.0     4.9  1.00
   21    2    26  65.7    51.0   0.000   0.07   0.11  111.4    0.00    0.00    0.0     7.4  1.00
   22    2    26  48.8    34.1   0.000   0.05   0.08  111.4    0.00    0.00    0.0     5.4  1.00
   23    2    26  15.4     1.7   0.000   0.00   0.00    0.0    0.00    0.00    0.0     0.0  1.00
   22    3    26  45.6     2.3   0.000   0.00   0.01  111.4    0.00    0.00    0.0     0.3  1.00
    2    1    27  92.6    57.9   0.000   0.10   0.16  111.4    0.00    0.00    0.0    10.4  1.00
   28    2    27  61.7    19.4   0.000   0.03   0.05  111.4    0.00    0.00    0.0     3.2  1.00
   28    3    27  69.3    10.0   0.000   0.01   0.02  111.4    0.00    0.00    0.0     1.6  1.00
    4    4    27  39.1     0.1   0.000   0.00   0.00    0.0    0.00    0.00    0.0     0.0  1.00
    6    1    29  43.1     8.0   0.000   0.01   0.01  111.4    0.00    0.00    0.0     0.2  1.00
    7    1    29  23.5     0.0   0.000   0.00   0.00    0.0    0.00    0.00    0.0     0.0  1.00
   25    1    29  87.4    55.7   0.000   0.07   0.11  111.4    0.00    0.00    0.0     7.9  1.00
   27    1    29  58.6    37.2   0.000   0.06   0.09  111.4    0.00    0.00    0.0     6.1  1.00
   28    1    29  44.9    30.8   0.000   0.06   0.10  111.4    0.00    0.00    0.0     5.1  1.00
   15   12    29  72.0    14.4   0.000   0.02   0.03  111.4    0.00    0.00    0.0     2.2  1.00
   16    2    30  66.8    15.3   0.000   0.03   0.04  111.4    0.00    0.00    0.0     2.7  1.00
   14   10    30  71.6    15.9   0.000   0.02   0.03  111.4    0.00    0.00    0.0     2.2  1.00
   12   12    30  38.9    11.5   0.000   0.02   0.03  111.4    0.00    0.00    0.0     2.1  1.00
   18    1    31  51.5     4.0   0.000   0.00   0.00    0.0    0.00    0.00    0.0     0.0  1.00
   19    1    31  20.2     0.2   0.000   0.00   0.00    0.0    0.00    0.00    0.0     0.0  1.00
   20    1    31  45.4    19.8   0.000   0.03   0.05  111.4    0.00    0.00    0.0     3.2  1.00
   21    1    31  30.3    12.9   0.000   0.02   0.03  111.4    0.00    0.00    0.0     2.2  1.00
   22    1    31  13.8     0.2   0.000   0.00   0.00    0.0    0.00    0.00    0.0     0.0  1.00
    5    2    31  58.1     0.4   0.000   0.00   0.00    0.0    0.00    0.00    0.0     0.0  1.00
    6    2    31  46.0    24.4   0.000   0.04   0.06  111.4    0.00    0.00    0.0     4.0  1.00
   27    2    31  44.8     2.3   0.000   0.00   0.00    0.0    0.00    0.00    0.0     0.0  1.00
   18   12    31  79.0    36.3   0.000   0.05   0.08  111.4    0.00    0.00    0.0     5.7  1.00
   19   12    31  70.2    49.1   0.000   0.05   0.08  111.4    0.00    0.00    0.0     5.3  1.00
   20   12    31  36.6    11.0   0.000   0.02   0.03  111.4    0.00    0.00    0.0     1.9  1.00
   21   12    31  28.2    13.3   0.000   0.02   0.03  111.4    0.00    0.00    0.0     1.8  1.00
   22   12    31  30.0    16.2   0.000   0.02   0.04  111.4    0.00    0.00    0.0     2.6  1.00
   20    3    32  93.2    30.8   0.000   0.04   0.07  111.4    0.00    0.00    0.0     4.5  1.00
   28    2    35  79.4    44.0   0.000   0.05   0.08  111.4    0.00    0.00    0.0     5.8  1.00
    2   12    35  51.3     5.9   0.000   0.00   0.00    0.0    0.00    0.00    0.0     0.0  1.00
   11   12    35  41.9     0.0   0.000   0.00   0.00    0.0    0.00    0.00    0.0     0.0  1.00
    6    1    37  36.2    15.9   0.000   0.02   0.03  111.4    0.00    0.00    0.0     2.3  1.00
   23   12    37  50.0     6.7   0.000   0.01   0.02  111.4    0.00    0.00    0.0     0.8  1.00
   20    1    38  69.9    33.3   0.000   0.05   0.07  111.4    0.00    0.00    0.0     4.9  1.00
   22    1    38  74.5    56.3   0.000   0.08   0.12  111.4    0.00    0.00    0.0     8.3  1.00
   17    2    38  80.9    25.4   0.000   0.04   0.07  111.4    0.00    0.00    0.0     3.1  1.00
    9    1    39  49.2     4.6   0.000   0.00   0.00    0.0    0.00    0.00    0.0     0.0  1.00
   29   11    39  45.2     1.0   0.000   0.00   0.00  111.4    0.00    0.00    0.0     0.2  1.00
    6   12    39  31.3     5.2   0.000   0.01   0.02  111.4    0.00    0.00    0.0     1.0  1.00
   14    1    40  49.2     3.3   0.000   0.01   0.01  111.4    0.00    0.00    0.0     0.6  1.00
   16    1    40  50.0    35.8   0.000   0.04   0.06  111.4    0.00    0.00    0.0     4.2  1.00
   17    1    40  33.4    19.6   0.000   0.02   0.04  111.4    0.00    0.00    0.0     2.6  1.00
    2    2    40  52.1    10.3   0.000   0.01   0.03  111.4    0.00    0.00    0.0     1.2  1.00
    3    2    40  25.6     1.2   0.000   0.00   0.00    0.0    0.00    0.00    0.0     0.0  1.00
   27   11    40  34.0     0.0   0.000   0.00   0.00    0.0    0.00    0.00    0.0     0.0  1.00
   28   11    40  35.0     6.0   0.000   0.01   0.02  111.4    0.00    0.00    0.0     1.1  1.00
   25   12    40  48.7     2.5   0.000   0.00   0.01  111.4    0.00    0.00    0.0     0.4  1.00
   12    3    41  61.8     9.7   0.000   0.01   0.02  111.4    0.00    0.00    0.0     1.6  1.00
    7    4    41  14.4     2.0   0.000   0.00   0.01  111.4    0.00    0.00    0.0     0.3  1.00
   28   12    41  33.3     0.1   0.000   0.00   0.00    0.0    0.00    0.00    0.0     0.0  1.00
   14   12    42  50.8    12.4   0.000   0.02   0.03  111.4    0.00    0.00    0.0     2.1  1.00
   23   12    42  68.9    23.3   0.000   0.03   0.05  111.4    0.00    0.00    0.0     3.2  1.00
   25   12    42  20.2     0.0   0.000   0.00   0.00    0.0    0.00    0.00    0.0     0.0  1.00
   29   12    42 105.0    63.8   0.000   0.08   0.13  111.4    0.00    0.00    0.0     8.8  1.00
   30   12    42  76.2    62.7   0.000   0.06   0.09  111.4    0.00    0.00    0.0     6.4  1.00
   31   12    43  42.6     0.4   0.000   0.00   0.00  111.4    0.00    0.00    0.0     0.0  1.00
    4    1    44  71.4    23.6   0.000   0.04   0.07  111.4    0.00    0.00    0.0     3.6  1.00
    5    1    44  39.1    12.9   0.000   0.02   0.03  111.4    0.00    0.00    0.0     2.2  1.00
    9    1    44 120.1    78.4   0.000   0.10   0.16  111.4    0.00    0.00    0.0    11.0  1.00
   14    1    44  56.6     8.9   0.000   0.01   0.02  111.4    0.00    0.00    0.0     0.4  1.00
   15    1    44  23.5     9.6   0.000   0.01   0.02  111.4    0.00    0.00    0.0     1.5  1.00
   26    2    44 135.3    70.6   0.000   0.09   0.14  111.4    0.00    0.00    0.0     9.9  1.00
   14    3    44  84.5    33.4   0.000   0.05   0.07  111.4    0.00    0.00    0.0     5.0  1.00
   21    3    44  36.6     0.0   0.000   0.00   0.00    0.0    0.00    0.00    0.0     0.0  1.00
   20    8    44 145.3    75.0   0.000   0.08   0.12  111.4    0.00    0.00    0.0     8.6  1.00
   20   12    44  29.8     1.8   0.000   0.00   0.00  111.4    0.00    0.00    0.0     0.2  1.00
   21   12    44  44.4    13.7   0.000   0.02   0.03  111.4    0.00    0.00    0.0     2.3  1.00
    4    2    45 179.7   127.6   0.000   0.16   0.26  111.4    0.00    0.00    0.0    17.9  1.00
    5    2    45  41.2    22.5   0.000   0.03   0.05  111.4    0.00    0.00    0.0     3.6  1.00
    6    2    45  36.6    22.8   0.000   0.03   0.07  111.4    0.00    0.00    0.0     2.9  1.00
    7    2    45  14.9     1.3   0.000   0.00   0.00    0.0    0.00    0.00    0.0     0.0  1.00
   19    2    45  78.8    38.2   0.000   0.05   0.09  111.4    0.00    0.00    0.0     5.9  1.00
   20    2    45  55.8    30.2   0.000   0.04   0.07  111.4    0.00    0.00    0.0     4.7  1.00
