wepppy/nodb/tests/test2/dem/topaz/FVSLOP.ARC
ncols   131
nrows   122
xllcorner  746918
yllcorner 4313698
cellsize   30.00
nodata_value    -1.0
[rows 87 to 115 of 122, columns 0 to 66 of 131]
0.24333 0.28756 0.32000 0.37000 0.37241 0.25692 0.16333 0.17333 0.15321 0.16499 0.16971 0.11333 0.13333 0.17667 0.21333 0.26333 0.32998 0.46433 0.48083 0.42426 0.60575 0.75660 0.48083 0.64667 0.43000 0.41248 0.57000 0.71333 0.34667 0.38655 0.37948 0.40000 0.44783 0.40776 0.36333 0.39333 0.47000 0.46667 0.44333 0.48667 0.50205 0.55000 0.65667 0.60667 0.58333 0.64000 0.72333 0.82333 0.77333 0.82000 0.78000 0.72333 0.58333 0.48000 0.41000 0.34000 0.42662 0.46198 0.45255 0.45962 0.64582 0.45726 0.53667 0.45333 0.37477 0.49497 0.82024
0.27667 0.23099 0.20667 0.31667 0.40667 0.24749 0.16971 0.21000 0.26667 0.28000 0.22333 0.11667 0.10333 0.20000 0.26000 0.28333 0.41667 0.50205 0.58926 0.49969 0.61283 0.82967 0.60340 0.47612 0.58218 0.76000 0.37667 0.58218 0.72667 0.53740 0.42426 0.42333 0.43134 0.37948 0.46669 0.54667 0.64667 0.55333 0.44667 0.54447 0.65667 0.62667 0.52333 0.54000 0.58333 0.54667 0.55333 0.62000 0.72667 0.82333 0.78000 0.72333 0.64000 0.45667 0.33470 0.37712 0.39834 0.43605 0.46433 0.45019 0.62461 0.47000 0.49333 0.32291 0.48000 0.74000 0.93333
0.21000 0.18856 0.17000 0.21667 0.26333 0.37333 0.24749 0.26667 0.33333 0.29000 0.16028 0.10000 0.17206 0.23570 0.26667 0.31667 0.35333 0.46333 0.60104 0.57040 0.63404 0.84146 0.64818 0.44333 0.41667 0.60811 0.66333 0.77000 0.81000 0.50333 0.47612 0.50440 0.55333 0.50440 0.60340 0.53333 0.44000 0.40667 0.51147 0.65761 0.66000 0.48000 0.35355 0.38333 0.41667 0.42333 0.48000 0.59000 0.68333 0.69333 0.75667 0.70333 0.65667 0.61667 0.56000 0.46333 0.31333 0.37477 0.44076 0.48667 0.34648 0.32667 0.33333 0.29333 0.66000 0.83333 0.73667
0.43333 0.41333 0.21920 0.13435 0.24333 0.47667 0.27813 0.20270 0.18667 0.10607 0.12492 0.08485 0.18385 0.24749 0.25927 0.27000 0.29333 0.39000 0.53269 0.55861 0.59868 0.78960 0.78017 0.51333 0.48333 0.48667 0.51147 0.73775 0.85333 0.98000 0.53033 0.49969 0.42191 0.55626 0.58454 0.49000 0.33333 0.39000 0.57747 0.61283 0.52000 0.36667 0.45000 0.45333 0.41333 0.42333 0.45667 0.61333 0.67333 0.66667 0.71000 0.67667 0.71667 0.65333 0.61333 0.66333 0.73000 0.61000 0.43000 0.49026 0.34884 0.37667 0.39667 0.41000 0.70000 0.67667 0.68000
0.29667 0.23099 0.18385 0.17333 0.21333 0.56000 0.38000 0.19799 0.18000 0.19000 0.21667 0.16028 0.19799 0.27577 0.23335 0.20035 0.23000 0.33667 0.45019 0.57276 0.61047 0.73333 0.86974 0.70711 0.51000 0.50000 0.49667 0.45019 0.94667 0.96667 0.70667 0.43000 0.32291 0.46905 0.42662 0.32333 0.35333 0.45333 0.55626 0.49262 0.41667 0.43333 0.46000 0.49000 0.46000 0.49333 0.63168 0.76333 0.73333 0.69333 0.70667 0.74667 0.73667 0.72000 0.76333 0.82000 0.78667 0.82333 0.69667 0.52326 0.32763 0.39362 0.51000 0.49667 0.62000 0.56000 0.59397
0.02000 0.21333 0.21667 0.22667 0.22392 0.40776 0.58667 0.29000 0.17678 0.30000 0.33667 0.32000 0.29000 0.32527 0.26399 0.21920 0.21333 0.16667 0.27106 0.45962 0.66667 0.71333 0.83333 0.83910 0.59633 0.47333 0.50676 0.52667 0.96667 0.93667 0.65667 0.45667 0.43369 0.47612 0.35827 0.26667 0.32333 0.40305 0.40305 0.29667 0.18333 0.30000 0.45667 0.54667 0.62000 0.70667 0.85333 0.80000 0.73333 0.74333 0.71667 0.78000 0.71333 0.76000 0.79667 0.83667 0.74000 0.69333 0.63667 0.61047 0.50440 0.36667 0.55667 0.49667 0.45333 0.52562 0.51147
0.06333 0.20667 0.12333 0.12964 0.17913 0.21000 0.50440 0.62667 0.27341 0.18149 0.28000 0.30333 0.34667 0.36534 0.31820 0.27000 0.23000 0.12964 0.15333 0.38667 0.52333 0.57667 0.65333 0.78333 0.81333 0.72667 0.64333 0.59000 0.71418 0.98667 0.68667 0.47667 0.43667 0.52090 0.46905 0.43333 0.50000 0.44000 0.49497 0.52333 0.44333 0.43667 0.49733 0.63000 0.68333 0.68667 0.66667 0.55000 0.63000 0.69333 0.69333 0.71333 0.78333 0.82667 0.80000 0.73000 0.67000 0.61333 0.61518 0.67175 0.58333 0.63000 0.49000 0.46905 0.49969 0.59868 0.55626
0.13333 0.20035 0.17000 0.21333 0.22000 0.32763 0.49262 0.64333 0.50205 0.35333 0.31333 0.34000 0.32333 0.34000 0.30667 0.26667 0.17000 0.24000 0.33000 0.30667 0.28000 0.37667 0.49000 0.70333 0.85667 0.84000 0.70333 0.61283 0.74718 0.70475 0.64667 0.52000 0.40333 0.65000 0.32998 0.24749 0.33470 0.46198 0.49000 0.25220 0.38419 0.59397 0.68000 0.49000 0.38333 0.50676 0.46333 0.46000 0.56000 0.60000 0.63667 0.68000 0.77333 0.83333 0.80333 0.71000 0.64000 0.58667 0.63875 0.78253 0.63168 0.53333 0.49667 0.31113 0.27106 0.50205 0.62697
0.16333 0.20742 0.18667 0.23333 0.25667 0.41012 0.51855 0.70475 0.58218 0.34333 0.35333 0.41333 0.33333 0.25333 0.14000 0.10842 0.19333 0.27667 0.29333 0.20035 0.18149 0.28667 0.45667 0.53333 0.58667 0.69667 0.69000 0.82260 0.88000 0.69000 0.70475 0.76603 0.76839 0.66667 0.29333 0.15333 0.22333 0.21667 0.17678 0.25456 0.32291 0.41012 0.30000 0.40000 0.49333 0.52667 0.41000 0.35591 0.38333 0.47000 0.55667 0.60667 0.62333 0.66000 0.65333 0.62000 0.63333 0.60667 0.64000 0.72667 0.74953 0.57747 0.45962 0.40069 0.29333 0.23806 0.33941
0.37333 0.42667 0.39000 0.41000 0.48000 0.58926 0.68825 0.78017 0.55000 0.34667 0.24333 0.22667 0.25000 0.15321 0.14378 0.15333 0.13667 0.14000 0.11667 0.17333 0.32056 0.41719 0.51333 0.49000 0.49000 0.65000 0.80667 0.85333 0.81333 0.77667 0.79333 0.54919 0.40776 0.35333 0.20035 0.14378 0.14142 0.38000 0.19667 0.37241 0.36770 0.40305 0.40776 0.45667 0.55000 0.41667 0.25456 0.42898 0.41000 0.48333 0.45667 0.49667 0.51667 0.51000 0.53000 0.54667 0.58333 0.55861 0.55390 0.53740 0.62667 0.63875 0.61667 0.65333 0.68667 0.57000 0.61000
0.20000 0.20506 0.22667 0.22863 0.39834 0.49262 0.54212 0.58690 0.36534 0.38333 0.33000 0.31000 0.24042 0.28520 0.23335 0.15556 0.16735 0.18667 0.18000 0.32763 0.51855 0.51333 0.48667 0.54333 0.54333 0.53976 0.64667 0.54919 0.43333 0.44548 0.48667 0.41667 0.39127 0.33234 0.20742 0.13333 0.13906 0.35333 0.40305 0.45000 0.33705 0.34884 0.34667 0.17442 0.16735 0.34177 0.46669 0.55333 0.41000 0.27667 0.29333 0.30000 0.35000 0.40333 0.42667 0.44667 0.40333 0.46905 0.49733 0.46905 0.40333 0.49969 0.47848 0.40333 0.45667 0.55154 0.63333
0.12333 0.15085 0.08014 0.27341 0.34413 0.32527 0.42191 0.56804 0.36333 0.27667 0.33333 0.44000 0.43000 0.48319 0.33470 0.26399 0.28756 0.33667 0.41000 0.52326 0.55000 0.51333 0.41667 0.48667 0.47376 0.51000 0.46333 0.41667 0.30667 0.29463 0.34413 0.36534 0.38333 0.27341 0.26634 0.25667 0.32527 0.47140 0.55861 0.43369 0.41667 0.17000 0.21685 0.27106 0.31820 0.38000 0.25000 0.13671 0.09667 0.09667 0.10667 0.13333 0.15000 0.18667 0.22333 0.19333 0.23570 0.34177 0.46198 0.47140 0.37712 0.41484 0.43369 0.35000 0.35667 0.38184 0.30406
0.10667 0.15556 0.10607 0.26667 0.24000 0.23000 0.41719 0.60333 0.22667 0.23667 0.34667 0.29333 0.40333 0.64333 0.65000 0.51667 0.48667 0.52667 0.58000 0.55000 0.50667 0.44333 0.47000 0.50333 0.48667 0.42898 0.42333 0.45000 0.25333 0.27341 0.33705 0.27813 0.27106 0.27000 0.18000 0.16971 0.25456 0.31333 0.42333 0.29333 0.19000 0.10842 0.23667 0.28000 0.25667 0.08667 0.09333 0.05667 0.02333 0.02000 0.02000 0.01000 0.00707 0.01667 0.03333 0.06333 0.14667 0.21333 0.35120 0.41248 0.35355 0.40069 0.37241 0.26399 0.23000 0.26163 0.20035
0.23667 0.25333 0.24333 0.26667 0.23570 0.34177 0.66468 0.64000 0.16263 0.15333 0.20035 0.32998 0.47667 0.43333 0.43841 0.33705 0.34667 0.29698 0.32763 0.45019 0.43667 0.41000 0.44333 0.45667 0.50333 0.30667 0.24667 0.18667 0.18149 0.17000 0.25333 0.19000 0.24042 0.17913 0.22333 0.17000 0.22333 0.17667 0.27106 0.49667 0.13333 0.17000 0.24749 0.31667 0.20000 0.12000 0.04243 0.06835 0.04667 0.02121 0.02357 0.03300 0.02121 0.02333 0.02667 0.03667 0.04007 0.08250 0.21000 0.28333 0.22392 0.33000 0.24000 0.14378 0.09333 0.11000 0.17206
0.32000 0.44000 0.47333 0.40333 0.41719 0.42191 0.69333 0.36000 0.31113 0.30667 0.39000 0.33000 0.13333 0.19333 0.50000 0.50333 0.29667 0.36062 0.47612 0.55154 0.50333 0.36000 0.26634 0.24333 0.32000 0.33667 0.22000 0.15792 0.16333 0.16000 0.25667 0.19799 0.30000 0.10607 0.13671 0.17206 0.20506 0.24042 0.31667 0.23335 0.17333 0.17667 0.38667 0.16000 0.13435 0.15556 0.14667 0.12000 0.08000 0.01333 0.01667 0.04667 0.01650 0.01650 0.03000 0.03000 0.03536 0.05657 0.17333 0.28000 0.23000 0.35333 0.23000 0.14000 0.08000 0.16667 0.23000
0.27000 0.26333 0.32333 0.32763 0.27333 0.31667 0.36333 0.51333 0.38333 0.19799 0.23806 0.32527 0.43667 0.43000 0.28756 0.45667 0.44076 0.55154 0.60333 0.47667 0.24513 0.35667 0.43333 0.42667 0.31667 0.27000 0.24000 0.28520 0.22627 0.15085 0.26333 0.26000 0.27333 0.06364 0.12964 0.13435 0.15556 0.23000 0.29000 0.24667 0.11000 0.15000 0.26000 0.20333 0.11000 0.07778 0.10371 0.22392 0.19000 0.07667 0.04007 0.06667 0.03667 0.01886 0.02357 0.03000 0.03536 0.11667 0.19333 0.24333 0.30667 0.32667 0.23000 0.16263 0.08957 0.17000 0.32333
0.18000 0.19667 0.19667 0.24984 0.15333 0.17678 0.54333 0.54000 0.35667 0.24000 0.16333 0.23000 0.12964 0.25333 0.41000 0.33470 0.45726 0.46000 0.29333 0.24277 0.36534 0.40000 0.36667 0.35000 0.39000 0.34177 0.24277 0.31584 0.28520 0.22333 0.23335 0.34333 0.23000 0.12964 0.16735 0.15321 0.15556 0.21667 0.25000 0.19333 0.16333 0.12333 0.24667 0.14142 0.18856 0.14333 0.05000 0.10607 0.20270 0.10842 0.07071 0.12667 0.01886 0.02828 0.03536 0.03333 0.04007 0.19667 0.17333 0.16000 0.29667 0.38419 0.33234 0.25667 0.10371 0.20333 0.32667
0.15556 0.17000 0.13333 0.18856 0.13671 0.16333 0.51000 0.49969 0.53504 0.50676 0.39000 0.32000 0.25333 0.11314 0.12333 0.24042 0.26634 0.20977 0.22156 0.26870 0.22392 0.11549 0.14142 0.10333 0.11000 0.19092 0.23335 0.36667 0.36534 0.32333 0.33470 0.34177 0.22392 0.15792 0.13906 0.13671 0.13333 0.13333 0.27333 0.20333 0.13000 0.09000 0.17913 0.15667 0.26634 0.29934 0.29333 0.20333 0.11549 0.11785 0.20333 0.07667 0.02333 0.03000 0.03333 0.00707 0.02667 0.17000 0.21213 0.17442 0.21685 0.36333 0.38667 0.36667 0.16000 0.24513 0.33941
0.17678 0.13333 0.12257 0.16735 0.16000 0.16333 0.26870 0.41248 0.36298 0.45491 0.61990 0.63000 0.50000 0.16499 0.22863 0.36298 0.32333 0.20742 0.19563 0.24042 0.20000 0.16735 0.17000 0.04000 0.04000 0.09192 0.23000 0.34667 0.41333 0.38000 0.37000 0.29667 0.18620 0.14378 0.10135 0.09000 0.10000 0.07307 0.37333 0.17333 0.07071 0.13435 0.21920 0.27333 0.29000 0.28049 0.23570 0.27577 0.27333 0.14142 0.18620 0.17206 0.13667 0.06000 0.04333 0.00471 0.01414 0.10667 0.18856 0.20506 0.22863 0.35667 0.43000 0.44333 0.35333 0.29463 0.32527
0.15085 0.08333 0.11333 0.15321 0.13333 0.13333 0.15000 0.25692 0.35591 0.38667 0.50440 0.85000 0.71000 0.32056 0.36298 0.33705 0.31348 0.36534 0.41667 0.33667 0.23333 0.18667 0.15333 0.10371 0.15556 0.26000 0.28332 0.23999 0.29667 0.28991 0.25667 0.20667 0.11549 0.09192 0.06333 0.04667 0.05657 0.10667 0.25220 0.25456 0.25333 0.14333 0.06128 0.13667 0.21449 0.30406 0.28756 0.25692 0.25456 0.20035 0.18149 0.21213 0.24277 0.19000 0.09428 0.04667 0.01667 0.00000 0.11333 0.18000 0.29333 0.39667 0.43000 0.47667 0.47333 0.31113 0.32291
0.11785 0.07000 0.10000 0.13435 0.11785 0.10842 0.09192 0.12333 0.13333 0.18385 0.30641 0.86333 0.90667 0.47000 0.31000 0.27577 0.34648 0.30667 0.18333 0.21000 0.11667 0.10667 0.06333 0.13333 0.16333 0.06666 0.00000 0.00000 0.02999 0.14333 0.15333 0.12000 0.10135 0.06667 0.02667 0.03000 0.09000 0.11000 0.09899 0.18856 0.25456 0.20000 0.15667 0.29667 0.27106 0.32763 0.39333 0.42191 0.36770 0.23099 0.29000 0.37667 0.33234 0.26399 0.16735 0.08957 0.06667 0.01000 0.10333 0.26000 0.25667 0.37333 0.46667 0.48000 0.49333 0.35120 0.38655
0.17000 0.14667 0.11000 0.13667 0.14333 0.14849 0.13333 0.17333 0.15556 0.13435 0.17206 0.71418 1.19000 0.46433 0.46333 0.37241 0.28667 0.05333 0.04667 0.04007 0.06667 0.03667 0.04333 0.03536 0.07999 0.00000 0.00000 0.00000 0.00666 0.03999 0.04332 0.03999 0.08720 0.05667 0.02828 0.04007 0.08721 0.14614 0.23667 0.22667 0.26634 0.23806 0.21000 0.26634 0.22000 0.33667 0.36534 0.39834 0.43841 0.33667 0.31333 0.28333 0.32527 0.25667 0.21333 0.10371 0.10371 0.08000 0.11549 0.27333 0.27333 0.35667 0.52333 0.48333 0.53667 0.40305 0.47667
0.17667 0.16000 0.13435 0.15000 0.16000 0.16667 0.17000 0.19333 0.20270 0.23000 0.24749 0.44548 1.12667 0.93667 0.42333 0.36667 0.14667 0.05657 0.07307 0.06667 0.03999 0.04999 0.04666 0.07666 0.11999 0.00000 0.00000 0.00000 0.00000 0.00000 0.00000 0.00000 0.08332 0.08014 0.05667 0.06667 0.11000 0.20667 0.28000 0.25333 0.26634 0.35000 0.39000 0.23570 0.27341 0.34333 0.46669 0.48555 0.41248 0.27667 0.23667 0.30333 0.44333 0.21449 0.16499 0.13199 0.08485 0.07333 0.18667 0.25333 0.24000 0.34333 0.52667 0.48083 0.70333 0.97333 0.97345
0.16000 0.14000 0.18667 0.15667 0.18333 0.21000 0.24000 0.20667 0.21000 0.26000 0.29934 0.42191 0.87333 1.03667 0.48000 0.32333 0.10000 0.03000 0.04333 0.01332 0.00000 0.00000 0.00000 0.00000 0.00000 0.00000 0.00000 0.00000 0.00000 0.00000 0.00000 0.00000 0.03666 0.09333 0.09664 0.09000 0.11333 0.20000 0.24513 0.29000 0.37667 0.45000 0.40667 0.24667 0.23806 0.24984 0.33470 0.39598 0.35591 0.47000 0.42333 0.46000 0.39333 0.32667 0.16735 0.19563 0.17333 0.08250 0.20333 0.27667 0.26870 0.30877 0.51619 0.56333 0.76000 1.18000 1.45000
0.14333 0.16333 0.21667 0.17913 0.19333 0.23667 0.23333 0.21667 0.21213 0.22000 0.24513 0.32998 0.70667 0.89333 0.54667 0.30333 0.08667 0.01886 0.09428 0.33000 0.07332 0.00666 0.00999 0.00999 0.00000 0.00000 0.00000 0.00000 0.00000 0.00000 0.00000 0.00000 0.00000 0.00999 0.12667 0.16333 0.08957 0.18620 0.22627 0.25333 0.36667 0.49333 0.53667 0.50000 0.23000 0.22627 0.29698 0.41484 0.31113 0.62225 0.65525 0.58218 0.42333 0.31667 0.17913 0.14333 0.03771 0.11333 0.20742 0.30000 0.34884 0.28756 0.43000 0.70000 0.78333 0.81000 0.91000
0.10842 0.13667 0.12000 0.15333 0.17333 0.20333 0.20000 0.21000 0.22000 0.18000 0.18856 0.28000 0.48333 0.71000 0.67667 0.30406 0.17678 0.17333 0.13435 0.23099 0.24667 0.21667 0.17000 0.11333 0.02666 0.00000 0.00000 0.00000 0.00000 0.00000 0.00000 0.00000 0.00332 0.08667 0.24000 0.26163 0.29000 0.35355 0.33470 0.30333 0.35000 0.43667 0.51147 0.36770 0.29667 0.42662 0.62461 0.58690 0.45667 0.64111 0.58454 0.47667 0.33667 0.23667 0.17667 0.09000 0.09899 0.11333 0.16263 0.14142 0.25000 0.26399 0.38419 0.59633 0.64818 0.66468 0.70333
0.18000 0.14667 0.18333 0.20333 0.17667 0.19000 0.20333 0.19000 0.21000 0.18620 0.20742 0.24749 0.32667 0.54212 0.72361 0.44000 0.18149 0.32000 0.43333 0.10371 0.11078 0.10607 0.08957 0.15556 0.15333 0.01666 0.00000 0.00000 0.00000 0.00000 0.00000 0.00000 0.01332 0.24667 0.40069 0.36534 0.44000 0.48083 0.50333 0.43667 0.42191 0.45726 0.61283 0.43841 0.43333 0.45491 0.64000 0.39834 0.34884 0.47848 0.37241 0.22627 0.22863 0.25220 0.16735 0.09333 0.15333 0.02000 0.10607 0.27667 0.30000 0.32291 0.38184 0.44783 0.63875 0.67411 0.66667
0.19333 0.23333 0.23667 0.24667 0.18333 0.16667 0.17000 0.17667 0.18667 0.22000 0.22667 0.19799 0.26000 0.35667 0.58667 0.40667 0.12000 0.08485 0.24513 0.29333 0.17206 0.18667 0.12333 0.12257 0.10000 0.02666 0.00000 0.00000 0.01333 0.00666 0.00000 0.00666 0.02333 0.33333 0.47667 0.31113 0.32527 0.32998 0.37241 0.30877 0.46433 0.53269 0.59868 0.44548 0.39000 0.44548 0.60333 0.32667 0.23667 0.35333 0.26667 0.15000 0.15667 0.24333 0.11667 0.10371 0.16499 0.14378 0.22863 0.26333 0.40000 0.56000 0.47333 0.46669 0.75189 0.72125 0.61518
0.09899 0.07071 0.05185 0.10333 0.10607 0.06333 0.08333 0.09333 0.13333 0.15333 0.12333 0.17913 0.21333 0.41000 0.47667 0.27577 0.12667 0.11667 0.17678 0.44000 0.20000 0.01886 0.03667 0.21333 0.25000 0.22333 0.02000 0.00000 0.06000 0.03667 0.02333 0.02333 0.08333 0.32667 0.45000 0.29000 0.17442 0.30000 0.47667 0.47667 0.48000 0.37000 0.48333 0.30333 0.26634 0.39362 0.42662 0.23570 0.24984 0.27000 0.29000 0.19333 0.14000 0.15556 0.22000 0.15667 0.09333 0.10667 0.14378 0.28049 0.36333 0.52667 0.51333 0.41955 0.71333 0.69532 0.52090
