wepppy/nodb/tests/test2/dem/topaz/FVSLOP.ARC
ncols   131
nrows   122
xllcorner  746918
yllcorner 4313698
cellsize   30.00
nodata_value    -1.0
[rows 29 to 57 of 122, columns 0 to 66 of 131]
0.03333 0.30333 0.30333 0.31667 0.39667 0.35667 0.32763 0.32056 0.24333 0.30333 0.32667 0.33333 0.30667 0.23099 0.16735 0.13199 0.18000 0.18333 0.16333 0.27333 0.37667 0.38333 0.35000 0.38667 0.22392 0.17678 0.32763 0.38667 0.32000 0.31584 0.63168 0.72125 0.79667 0.90510 1.09333 0.58333 0.24333 0.36333 0.34000 0.21685 0.28049 0.26870 0.17000 0.06128 0.03064 0.04950 0.17000 0.24000 0.22863 0.26634 0.24749 0.26634 0.29000 0.36000 0.39000 0.36000 0.49333 0.51667 0.31000 0.15000 0.29667 0.06333 0.24333 0.56667 0.65667 0.56000 0.42333
0.09333 0.33333 0.29667 0.30667 0.35333 0.34000 0.29934 0.29463 0.29333 0.27667 0.22333 0.19000 0.11000 0.17000 0.20506 0.26399 0.26163 0.17667 0.12021 0.26667 0.38333 0.37000 0.32000 0.33000 0.20270 0.18149 0.44783 0.37948 0.26399 0.53976 0.66667 0.68354 0.80139 0.74333 0.60000 0.37241 0.35827 0.50676 0.48083 0.28991 0.23099 0.14333 0.01886 0.06000 0.07000 0.08250 0.13000 0.19333 0.18000 0.28049 0.29227 0.29698 0.30170 0.29333 0.41667 0.37667 0.45333 0.54000 0.38667 0.31820 0.39667 0.15333 0.27577 0.56667 0.62333 0.60667 0.58333
0.00667 0.35667 0.33333 0.33667 0.30667 0.22667 0.19000 0.20977 0.09664 0.01886 0.01000 0.00000 0.01000 0.04667 0.11667 0.26667 0.41955 0.41248 0.28520 0.26399 0.31667 0.31333 0.27000 0.28000 0.17667 0.25456 0.47333 0.35355 0.32527 0.53667 0.64333 0.71000 0.81333 0.58218 0.39127 0.30170 0.54919 0.74333 0.47000 0.23570 0.16667 0.05333 0.01667 0.00333 0.00471 0.07000 0.17000 0.13000 0.13435 0.22000 0.32056 0.32763 0.33234 0.33234 0.40667 0.38000 0.41000 0.56000 0.52797 0.52797 0.43000 0.17333 0.37712 0.49667 0.57333 0.68667 0.64667
-1.00000 0.33000 0.29000 0.37333 0.34667 0.20667 0.09333 0.16000 0.08333 0.03000 0.01333 0.00000 0.01333 0.01000 0.02333 0.08667 0.27667 0.37000 0.35120 0.33234 0.32667 0.33667 0.27667 0.29667 0.14333 0.22392 0.29934 0.43333 0.38655 0.49262 0.59667 0.69000 0.84000 0.78017 0.42333 0.42662 0.63404 0.67175 0.37667 0.14000 0.06333 0.02000 0.00333 0.00000 0.00333 0.05333 0.09333 0.05333 0.10333 0.14000 0.28333 0.30000 0.30000 0.37000 0.40667 0.39000 0.35333 0.44783 0.55390 0.49000 0.25333 0.17913 0.50333 0.51667 0.52000 0.63333 0.63667
0.18333 0.32763 0.29463 0.36667 0.31667 0.23000 0.17913 0.14142 0.07778 0.06364 0.07000 0.06667 0.07000 0.07667 0.10000 0.13333 0.24042 0.36062 0.41484 0.49262 0.49026 0.37712 0.34667 0.34333 0.17442 0.29934 0.38419 0.45255 0.52090 0.63168 0.66939 0.86267 1.05595 0.90000 0.32291 0.54447 0.65054 0.60333 0.19000 0.04667 0.03771 0.04333 0.00000 0.00000 0.00471 0.03667 0.12000 0.14849 0.12257 0.12257 0.22333 0.30000 0.32667 0.37667 0.44333 0.40333 0.26333 0.45333 0.57000 0.46198 0.25692 0.22863 0.52667 0.63168 0.55626 0.49733 0.64818
0.28667 0.42426 0.46198 0.52797 0.46905 0.39834 0.28991 0.11333 0.01179 0.04000 0.01667 0.00666 0.00666 0.00666 0.00235 0.00000 0.15667 0.27000 0.29000 0.37667 0.53000 0.52333 0.49333 0.34000 0.34648 0.36298 0.37667 0.40000 0.55861 0.64347 0.57983 0.73775 0.93333 0.63333 0.31820 0.48555 0.50667 0.36333 0.06000 0.03064 0.04333 0.04333 0.01000 0.02667 0.08000 0.02593 0.05667 0.11000 0.15556 0.17678 0.29667 0.22333 0.36000 0.32333 0.39333 0.30333 0.28756 0.43333 0.48333 0.49262 0.43605 0.38419 0.50676 0.73775 0.76603 0.64347 0.69768
0.30667 0.51383 0.58926 0.63168 0.57040 0.43841 0.25000 0.13000 0.04000 0.00000 0.01333 0.00000 0.00000 0.00000 0.04000 0.13667 0.16971 0.14142 0.26667 0.34667 0.50333 0.60333 0.57667 0.29000 0.37241 0.33470 0.28667 0.39834 0.67667 0.65667 0.47667 0.70333 0.95333 0.52667 0.23000 0.41333 0.42333 0.18000 0.02667 0.02667 0.03536 0.07542 0.09000 0.09667 0.06667 0.05000 0.00000 0.03333 0.13333 0.29000 0.24277 0.25667 0.35667 0.34667 0.27577 0.20035 0.35667 0.35333 0.46333 0.58667 0.57511 0.57040 0.56333 0.67882 0.74246 0.75189 0.69296
0.31667 0.62697 0.66468 0.60575 0.46433 0.26870 0.31333 0.21667 0.04667 0.00667 0.00000 0.00000 0.00000 0.06666 0.11000 0.13906 0.11785 0.11078 0.24333 0.31000 0.59667 0.51000 0.60000 0.27667 0.43333 0.30333 0.29463 0.52090 0.75667 0.50000 0.35667 0.54447 1.04667 0.68333 0.22667 0.38000 0.34333 0.17000 0.05893 0.05000 0.02000 0.17667 0.22667 0.12667 0.08000 0.04243 0.03000 0.00000 0.07000 0.28333 0.33941 0.39127 0.38333 0.29463 0.28667 0.23806 0.32998 0.38891 0.51333 0.60667 0.59868 0.62461 0.60340 0.58218 0.57983 0.75425 0.76839
0.38333 0.72832 0.64818 0.48555 0.30641 0.30641 0.37712 0.36333 0.06666 0.00000 0.00000 0.00000 0.00333 0.13667 0.25667 0.19799 0.16735 0.21449 0.31113 0.29698 0.60000 0.54000 0.65000 0.36534 0.48790 0.60000 0.33333 0.54000 0.58667 0.37000 0.49000 0.66939 0.88000 0.52667 0.23667 0.35667 0.35333 0.18856 0.13333 0.15333 0.05667 0.10371 0.17000 0.13671 0.11078 0.13906 0.10667 0.05657 0.12021 0.22000 0.26163 0.40333 0.41484 0.38667 0.27333 0.35355 0.45019 0.56097 0.58333 0.57333 0.59161 0.64347 0.65290 0.62697 0.65054 0.76603 0.84617
0.39333 0.70004 0.53269 0.33941 0.21667 0.31820 0.47612 0.43667 0.14849 0.09000 0.03666 0.17000 0.17667 0.18856 0.33667 0.23000 0.34333 0.43667 0.40305 0.31348 0.51147 0.60667 0.70667 0.34177 0.55667 0.57333 0.40667 0.50667 0.57983 0.59633 0.69333 0.76667 0.63667 0.35667 0.25220 0.39333 0.43667 0.21213 0.16971 0.14667 0.04667 0.10135 0.18000 0.18856 0.30170 0.19799 0.13667 0.20270 0.24749 0.14333 0.34333 0.49969 0.53504 0.52000 0.37241 0.44312 0.53976 0.56333 0.42000 0.48667 0.55390 0.64818 0.67882 0.68354 0.77546 0.90510 0.84381
0.26333 0.57747 0.42898 0.26870 0.21667 0.27106 0.48083 0.49262 0.25927 0.21000 0.29333 0.29463 0.47667 0.47000 0.33941 0.30333 0.44000 0.43134 0.41000 0.31333 0.53033 0.56097 0.80000 0.29463 0.56333 0.63000 0.48667 0.60667 0.73667 0.52333 0.51667 0.48000 0.48790 0.41955 0.34884 0.47000 0.56667 0.28667 0.11785 0.06667 0.00333 0.11667 0.21449 0.38419 0.43134 0.31667 0.21000 0.33234 0.43605 0.30333 0.25000 0.47612 0.64818 0.66468 0.64111 0.66704 0.68118 0.57747 0.39000 0.44667 0.51333 0.62697 0.69296 0.70711 0.77546 1.06537 1.12194
0.15667 0.56333 0.40069 0.27341 0.26333 0.31348 0.45019 0.52090 0.37241 0.42333 0.42667 0.37667 0.42191 0.40333 0.39333 0.38655 0.47140 0.44333 0.31584 0.40333 0.54683 0.66468 0.66939 0.35591 0.63667 0.61667 0.47667 0.69000 0.76333 0.48333 0.40333 0.41000 0.40541 0.39598 0.45667 0.51667 0.64333 0.39333 0.11314 0.06333 0.08485 0.16333 0.32291 0.48083 0.46433 0.41667 0.28756 0.45019 0.55000 0.49333 0.40776 0.45255 0.52667 0.74667 1.01333 1.16667 0.90000 0.57000 0.35355 0.39000 0.50667 0.57511 0.65290 0.67175 0.69768 0.94988 1.20208
0.13000 0.62000 0.40069 0.28284 0.32998 0.41248 0.47612 0.52797 0.43000 0.41667 0.38667 0.35000 0.33941 0.25333 0.26000 0.30406 0.40776 0.35120 0.28667 0.40667 0.50205 0.59868 0.35355 0.41719 0.51000 0.48667 0.40667 0.62333 0.64000 0.50912 0.55626 0.53504 0.48555 0.40667 0.56667 0.47333 0.57667 0.49000 0.22627 0.10607 0.16499 0.18000 0.24333 0.35827 0.29227 0.22000 0.28333 0.49026 0.49667 0.32667 0.40069 0.52333 0.39127 0.62333 0.87000 0.92333 0.67000 0.39000 0.37005 0.37333 0.45333 0.52333 0.61283 0.66232 0.68589 0.85796 0.95459
0.16333 0.65000 0.38655 0.34413 0.44312 0.43841 0.50676 0.52090 0.42333 0.40333 0.36667 0.34667 0.31113 0.30667 0.35000 0.25456 0.31113 0.34000 0.34667 0.37712 0.39598 0.37005 0.39000 0.37241 0.44076 0.36667 0.29333 0.47140 0.65997 0.63875 0.79432 0.68825 0.61047 0.57040 0.63667 0.50676 0.60667 0.64667 0.39000 0.14142 0.26163 0.26333 0.31333 0.42000 0.29227 0.17000 0.32000 0.29463 0.13333 0.11000 0.35333 0.60333 0.60667 0.38000 0.32333 0.28000 0.34333 0.36000 0.38419 0.35000 0.46000 0.52667 0.57511 0.64818 0.66704 0.70004 0.82732
0.22667 0.69667 0.43134 0.45255 0.46433 0.36770 0.53504 0.54447 0.40333 0.36000 0.34333 0.33667 0.29000 0.33333 0.40333 0.37667 0.33705 0.35827 0.33234 0.33941 0.22392 0.24277 0.25927 0.31348 0.29667 0.27667 0.11549 0.30877 0.53740 0.76000 0.82024 0.77782 0.72596 0.67411 0.76132 0.70239 0.83667 0.87000 0.48333 0.21449 0.33705 0.27813 0.32667 0.49497 0.30000 0.16263 0.16333 0.14333 0.04333 0.04000 0.24333 0.33667 0.35333 0.35667 0.38667 0.39667 0.41333 0.47000 0.45019 0.47612 0.56333 0.56000 0.57276 0.62933 0.72832 0.76132 0.82732
0.32000 0.77075 0.50912 0.50205 0.37948 0.28333 0.49026 0.57511 0.44333 0.33333 0.29000 0.34000 0.30000 0.27813 0.31000 0.40000 0.42333 0.41719 0.38419 0.21685 0.29227 0.25927 0.24042 0.19092 0.14614 0.15556 0.13435 0.21667 0.39000 0.53740 0.66704 0.67175 0.74011 0.71889 0.65761 0.71418 1.05000 0.99667 0.59000 0.31584 0.34413 0.26634 0.31584 0.32667 0.18000 0.09667 0.06128 0.06000 0.03000 0.04000 0.10667 0.23000 0.24333 0.25220 0.37948 0.41667 0.49000 0.44000 0.59633 0.61000 0.48000 0.53000 0.54919 0.57747 0.67882 0.74246 0.78017
0.22000 0.84000 0.50440 0.53033 0.35591 0.30641 0.37005 0.53504 0.49262 0.35667 0.30333 0.34000 0.37000 0.27333 0.31348 0.37667 0.39333 0.32763 0.24984 0.25000 0.22000 0.23806 0.21685 0.16263 0.17913 0.14000 0.06600 0.21667 0.39333 0.59397 0.67411 0.58454 0.63640 0.74482 0.65997 0.73068 1.14667 1.06667 0.71667 0.51333 0.33667 0.21213 0.21685 0.11667 0.04950 0.05667 0.04000 0.02000 0.03300 0.11549 0.18385 0.25927 0.35000 0.39834 0.49497 0.45333 0.32667 0.27333 0.55154 0.39834 0.41667 0.40000 0.45255 0.52090 0.62461 0.70004 0.75660
0.14667 0.91000 0.49497 0.45962 0.32333 0.28756 0.27577 0.51383 0.49497 0.37667 0.40333 0.34667 0.30333 0.29000 0.31584 0.36534 0.34667 0.34333 0.29333 0.28333 0.28000 0.27000 0.19092 0.17206 0.16971 0.11333 0.10135 0.32333 0.33667 0.43841 0.66704 0.53269 0.56000 0.54919 0.54683 0.76667 1.07000 1.18667 0.83667 0.62000 0.36667 0.20000 0.18667 0.05667 0.03536 0.02333 0.01333 0.00000 0.02667 0.12000 0.18856 0.25220 0.26163 0.46198 0.40333 0.20000 0.13435 0.41012 0.52090 0.26667 0.12333 0.20667 0.28333 0.42426 0.56333 0.71418 0.77075
0.33667 0.87667 0.45962 0.36062 0.23570 0.30000 0.36667 0.51855 0.50676 0.41000 0.43000 0.36000 0.32333 0.31667 0.29227 0.30641 0.28520 0.38655 0.35355 0.32763 0.32667 0.27000 0.19000 0.16735 0.11785 0.09000 0.12964 0.33333 0.37000 0.47848 0.61283 0.45962 0.50333 0.47376 0.52326 0.66333 0.99667 1.20000 0.91667 0.65667 0.34667 0.22333 0.21667 0.05667 0.03667 0.00667 0.00000 0.02000 0.08333 0.16333 0.28667 0.17667 0.18385 0.23667 0.07778 0.07000 0.17206 0.32667 0.22667 0.04478 0.03000 0.04333 0.14333 0.28756 0.44000 0.65525 0.72125
0.24000 0.85667 0.44076 0.40069 0.35827 0.43333 0.42667 0.50676 0.53033 0.44667 0.40333 0.36667 0.34333 0.32000 0.27000 0.26870 0.32291 0.44548 0.39362 0.30877 0.23000 0.22333 0.21667 0.18620 0.14614 0.14000 0.18149 0.33941 0.40667 0.56333 0.65667 0.40776 0.46000 0.56804 0.53504 0.56667 0.78333 1.02333 0.92667 0.70333 0.39333 0.29333 0.28667 0.08333 0.03666 0.00000 0.00667 0.16333 0.17667 0.25456 0.33705 0.34333 0.25333 0.19000 0.14378 0.15333 0.16028 0.19563 0.28333 0.04007 0.02357 0.03536 0.06333 0.14000 0.19563 0.40069 0.47376
0.03000 0.70000 0.82667 0.49497 0.49262 0.45019 0.32667 0.44783 0.54447 0.52000 0.49000 0.45333 0.37000 0.35333 0.27000 0.27106 0.38891 0.41955 0.34413 0.23570 0.20035 0.23099 0.22392 0.22627 0.19092 0.16667 0.17678 0.31333 0.41667 0.47848 0.80000 0.45000 0.53269 0.63667 0.42667 0.41248 0.59333 0.83000 0.88388 0.82333 0.50205 0.47000 0.30667 0.13333 0.03667 0.00666 0.04333 0.35000 0.26667 0.31113 0.41484 0.45491 0.39598 0.37000 0.33333 0.07071 0.10000 0.16735 0.15667 0.07778 0.05333 0.05667 0.02828 0.05667 0.09428 0.34667 0.35667
0.28333 0.85333 0.86738 0.58690 0.46433 0.36062 0.30333 0.36298 0.48083 0.54333 0.55333 0.53667 0.50000 0.37333 0.29463 0.45491 0.40305 0.38333 0.29227 0.24042 0.24749 0.27341 0.26399 0.25692 0.21685 0.16000 0.20270 0.43134 0.42667 0.60333 0.72000 0.50000 0.58333 0.50000 0.31333 0.52000 0.32667 0.61283 0.80846 0.88153 0.60340 0.53740 0.39333 0.22333 0.06364 0.03667 0.11333 0.37000 0.27813 0.34413 0.45255 0.44548 0.37005 0.43333 0.43000 0.17442 0.09428 0.17667 0.13333 0.08014 0.05333 0.03333 0.03536 0.04243 0.12333 0.26667 0.21213
0.47333 0.95459 0.86267 0.53033 0.37241 0.30877 0.29227 0.33333 0.41333 0.48333 0.51667 0.51000 0.44548 0.36770 0.53504 0.51855 0.30641 0.33470 0.31820 0.30877 0.31584 0.31348 0.29227 0.26634 0.22392 0.15667 0.18149 0.53333 0.52000 0.60811 0.83333 0.64333 0.61667 0.51000 0.35333 0.52333 0.37667 0.33470 0.65054 0.83439 0.74011 0.66704 0.62667 0.36333 0.09192 0.10000 0.23335 0.41484 0.37005 0.29934 0.52562 0.51855 0.41484 0.44548 0.49000 0.39000 0.12492 0.13000 0.22667 0.07778 0.05000 0.04007 0.03536 0.06333 0.17667 0.13199 0.12021
0.63667 1.05830 0.80374 0.45491 0.36534 0.32291 0.27813 0.25667 0.29333 0.36667 0.40667 0.48000 0.64333 0.47376 0.58333 0.46000 0.24513 0.38184 0.38184 0.36770 0.35827 0.33234 0.31113 0.29667 0.26000 0.16667 0.20035 0.54333 0.65333 0.51667 0.94333 0.72361 0.76132 0.82260 0.78667 0.68667 0.52000 0.35000 0.39000 0.50205 0.63875 0.63640 0.69000 0.44312 0.22667 0.21000 0.32527 0.45255 0.31820 0.13199 0.42426 0.61283 0.54447 0.48319 0.53667 0.48333 0.24667 0.07333 0.19333 0.18000 0.02667 0.07333 0.09192 0.07778 0.12333 0.16499 0.11078
0.70000 1.02766 0.58690 0.36062 0.33234 0.28991 0.22000 0.19000 0.19000 0.19563 0.26000 0.64333 0.77333 0.46667 0.59000 0.31000 0.38419 0.48083 0.44312 0.40776 0.39362 0.33941 0.31000 0.29333 0.26000 0.15556 0.24749 0.57333 0.63333 0.55667 0.86974 0.98524 0.82333 0.61667 0.79000 0.68000 0.62000 0.52000 0.35333 0.28667 0.40305 0.54447 0.76603 0.64818 0.55667 0.47000 0.34884 0.31820 0.08957 0.15333 0.27333 0.43369 0.57040 0.55333 0.51667 0.60333 0.38667 0.21685 0.33667 0.20742 0.03771 0.04333 0.08957 0.08721 0.05657 0.13000 0.09333
0.61333 0.70475 0.32763 0.30877 0.30641 0.21685 0.14333 0.13000 0.11667 0.12728 0.44333 0.69667 0.73667 0.53504 0.55667 0.35120 0.48790 0.48083 0.46198 0.40069 0.41719 0.38655 0.37333 0.31333 0.22667 0.20742 0.34667 0.48000 0.61667 0.56667 0.36534 0.99000 0.90667 0.53333 0.66232 0.78667 0.81000 0.48000 0.37333 0.29333 0.28667 0.32998 0.55390 0.56804 0.63000 0.69000 0.46000 0.20035 0.23099 0.34667 0.40333 0.40000 0.50333 0.59333 0.46667 0.55333 0.52000 0.32527 0.15667 0.31820 0.07071 0.04333 0.07307 0.09192 0.10135 0.11785 0.13333
0.42000 0.51855 0.38891 0.34177 0.27106 0.14614 0.10000 0.07542 0.10135 0.25220 0.55626 0.71333 0.73333 0.59161 0.50676 0.37948 0.53269 0.51855 0.47612 0.46905 0.49497 0.40000 0.33000 0.30333 0.22667 0.28756 0.42333 0.39000 0.54212 0.62697 0.49733 0.77000 0.97000 0.45000 0.66333 0.92667 0.62333 0.42333 0.38655 0.33470 0.36298 0.36298 0.37241 0.29934 0.42667 0.46669 0.42667 0.37333 0.39362 0.29463 0.30667 0.40000 0.46333 0.63333 0.51147 0.41333 0.52667 0.43000 0.08250 0.37667 0.23335 0.10135 0.09899 0.08721 0.11549 0.15085 0.16971
0.32333 0.47612 0.35827 0.26870 0.16263 0.08250 0.11314 0.14849 0.17913 0.35120 0.63404 0.74953 0.76667 0.56667 0.50676 0.44312 0.67647 0.62461 0.50440 0.57276 0.45333 0.33000 0.27000 0.27000 0.25456 0.38655 0.47140 0.44312 0.50205 0.65054 0.58454 0.95000 0.83000 0.50667 0.46333 0.72832 0.73303 0.56333 0.45491 0.35827 0.38419 0.53504 0.60811 0.60333 0.42667 0.31667 0.29934 0.54333 0.54000 0.25692 0.27341 0.37005 0.43667 0.62933 0.50000 0.32527 0.41333 0.43667 0.14614 0.12333 0.22000 0.19328 0.16499 0.12021 0.11314 0.09333 0.15000
0.37000 0.61047 0.34648 0.14849 0.15321 0.14378 0.19092 0.22863 0.24277 0.46433 0.75189 0.85089 0.69296 0.56804 0.52090 0.53504 0.74953 0.57747 0.50205 0.53033 0.31584 0.28667 0.26333 0.21667 0.22863 0.34413 0.41484 0.41955 0.47612 0.67882 0.72125 0.68825 1.53333 0.59333 0.33705 0.59161 0.67175 0.67175 0.55626 0.45962 0.38333 0.39127 0.45491 0.60000 0.75000 0.59333 0.42000 0.53000 0.63667 0.33667 0.32291 0.42191 0.45962 0.51855 0.36667 0.27333 0.31333 0.32000 0.26000 0.03771 0.10000 0.15556 0.16735 0.17678 0.19799 0.16499 0.05893
