wepppy/nodb/tests/test2/dem/topaz/FVSLOP.ARC
ncols   131
nrows   122
xllcorner  746918
yllcorner 4313698
cellsize   30.00
nodata_value    -1.0
[rows 58 to 86 of 122, columns 0 to 66 of 131]
0.10333 0.36333 0.23335 0.20506 0.20506 0.20742 0.25692 0.26870 0.38891 0.67882 0.87917 0.83203 0.54683 0.52562 0.48790 0.61047 0.69768 0.47612 0.43605 0.37948 0.26870 0.24000 0.20333 0.16000 0.19799 0.25456 0.31667 0.25000 0.32056 0.51855 0.56569 0.60575 1.06302 1.31758 0.70333 0.64582 0.78725 0.80374 0.74718 0.56097 0.61667 0.63667 0.33000 0.18149 0.30000 0.61000 0.47376 0.64333 0.66000 0.54333 0.35120 0.40069 0.40541 0.33941 0.23333 0.27813 0.29667 0.23000 0.22333 0.10667 0.01886 0.11333 0.17000 0.23667 0.30877 0.35591 0.12964
0.13000 0.26870 0.23335 0.24277 0.26163 0.24984 0.26163 0.32763 0.58218 0.75660 0.82024 0.65667 0.47612 0.50440 0.49733 0.66939 0.65000 0.42662 0.34177 0.30406 0.21685 0.11333 0.08333 0.10333 0.16971 0.26870 0.32333 0.14333 0.18333 0.39667 0.40000 0.38333 0.55154 0.95695 1.42364 1.42667 0.84617 0.69768 0.67647 0.67000 0.66667 0.97000 0.58333 0.29698 0.24042 0.37948 0.35827 0.69667 0.67667 0.72667 0.47000 0.39333 0.33705 0.32763 0.30000 0.35120 0.31348 0.25220 0.16735 0.11549 0.11078 0.11667 0.16971 0.27000 0.34000 0.50440 0.55390
0.17333 0.24984 0.23099 0.24984 0.25220 0.24984 0.29227 0.48319 0.73539 0.71182 0.65333 0.49026 0.48000 0.47376 0.54919 0.69667 0.56000 0.36298 0.29934 0.30877 0.16263 0.07333 0.05667 0.07667 0.14378 0.32667 0.34884 0.16971 0.22667 0.35000 0.35333 0.25667 0.47333 0.60575 0.69061 1.24215 0.93667 0.66232 0.56097 0.53667 0.63640 1.01588 1.03667 0.70667 0.29227 0.40776 0.33000 0.48333 0.69667 0.73667 0.56667 0.42333 0.42000 0.35591 0.28284 0.34884 0.31667 0.25692 0.24513 0.23000 0.14667 0.11078 0.16971 0.16000 0.28000 0.39598 0.49497
0.20000 0.24667 0.25000 0.26870 0.27106 0.26870 0.34884 0.58218 0.72596 0.60340 0.50440 0.45667 0.42426 0.48000 0.52000 0.63000 0.47667 0.37000 0.26667 0.26333 0.10000 0.05667 0.06333 0.06333 0.12021 0.27333 0.37000 0.24984 0.26000 0.32667 0.49667 0.54000 0.48333 0.55626 0.66704 0.69061 1.27044 0.78725 0.58454 0.54333 0.53333 0.64333 0.80610 1.09333 0.54000 0.34177 0.20000 0.26333 0.83000 0.74000 0.61333 0.52326 0.49733 0.34667 0.28520 0.28756 0.23667 0.28520 0.37712 0.41000 0.28284 0.23806 0.25000 0.12667 0.14000 0.23335 0.35000
0.22667 0.25667 0.27333 0.29463 0.28520 0.31113 0.41248 0.62225 0.69768 0.51383 0.41248 0.45019 0.43000 0.45333 0.49000 0.50333 0.50333 0.33667 0.34333 0.26333 0.04243 0.02333 0.03333 0.04667 0.09899 0.22000 0.38667 0.35355 0.34333 0.41000 0.45000 0.39333 0.36062 0.46198 0.52326 0.66232 0.82260 1.21387 0.85000 0.82667 0.53000 0.52562 0.63640 1.25000 0.71333 0.27667 0.20506 0.24333 0.72000 0.91000 0.61000 0.57667 0.44548 0.32763 0.27106 0.21333 0.20742 0.31820 0.44548 0.35000 0.47000 0.53667 0.37000 0.26870 0.15556 0.30667 0.31113
0.30000 0.28667 0.28000 0.28520 0.30170 0.33470 0.42898 0.56804 0.63000 0.42426 0.38184 0.42426 0.38891 0.44312 0.48000 0.50333 0.45667 0.32527 0.29333 0.30667 0.06333 0.02121 0.02667 0.04000 0.08014 0.18000 0.32527 0.36667 0.38667 0.39000 0.36333 0.40000 0.41248 0.49733 0.41012 0.43134 0.61518 0.76368 1.51000 1.01000 0.64333 0.53000 0.55333 0.82000 0.76667 0.40000 0.32763 0.32763 0.60333 0.76667 0.61000 0.67000 0.50000 0.27333 0.17333 0.18333 0.20667 0.26634 0.35667 0.19563 0.30333 0.39333 0.28667 0.31820 0.20270 0.15333 0.32998
0.34667 0.33000 0.28667 0.30170 0.33234 0.36770 0.44076 0.52326 0.62667 0.36333 0.31000 0.39598 0.40305 0.39333 0.39667 0.45000 0.40667 0.40000 0.15792 0.29000 0.11000 0.02828 0.02357 0.02667 0.06000 0.13667 0.27667 0.38333 0.44333 0.43333 0.42667 0.43000 0.46433 0.58926 0.57040 0.50676 0.49969 0.75660 1.32000 1.16667 0.67000 0.64000 0.55333 0.48319 0.77667 0.69667 0.38667 0.26399 0.37667 0.57667 0.58000 0.68333 0.62333 0.25000 0.17667 0.16667 0.20333 0.35667 0.35333 0.14333 0.10842 0.09333 0.17667 0.29934 0.25220 0.14378 0.33000
0.37333 0.35667 0.33333 0.31113 0.32291 0.34413 0.40305 0.48555 0.47140 0.38184 0.41955 0.49333 0.37333 0.34884 0.38333 0.46667 0.40333 0.27667 0.25333 0.21000 0.09667 0.04667 0.01333 0.04950 0.10371 0.17678 0.30333 0.42333 0.43333 0.44000 0.45333 0.43000 0.49969 0.60575 0.64582 0.63875 0.57276 0.68354 0.78725 1.38667 0.78725 0.77333 0.62667 0.51333 0.64347 0.93000 0.71333 0.39000 0.33667 0.53000 0.44333 0.73667 0.63333 0.23333 0.21667 0.15333 0.20000 0.33333 0.39000 0.19000 0.11078 0.06128 0.08333 0.17442 0.19563 0.14378 0.23000
0.38667 0.35591 0.31667 0.32000 0.29227 0.30170 0.39127 0.44076 0.41333 0.36298 0.43841 0.44000 0.31113 0.36000 0.31000 0.31333 0.33667 0.30000 0.21685 0.22156 0.14142 0.07542 0.07000 0.11785 0.18620 0.22627 0.28991 0.31667 0.35667 0.45667 0.49667 0.45667 0.49262 0.53976 0.57983 0.63404 0.55626 0.66232 0.78725 1.28333 0.75000 0.70667 0.73333 0.44667 0.36534 0.95931 1.22667 0.64000 0.36667 0.47000 0.65000 0.61000 0.46333 0.28000 0.26333 0.15000 0.19333 0.28284 0.41000 0.27333 0.17333 0.04007 0.02000 0.09667 0.18333 0.11333 0.17667
0.39667 0.39834 0.27667 0.29667 0.28000 0.31113 0.42426 0.41012 0.40776 0.39598 0.47140 0.38419 0.36770 0.34000 0.23333 0.27667 0.29667 0.24333 0.21449 0.22392 0.21685 0.14667 0.12492 0.26000 0.24984 0.20035 0.28284 0.27813 0.33333 0.41000 0.42000 0.41012 0.47667 0.56667 0.63667 0.72361 0.64818 0.75189 0.83203 1.02000 0.91667 0.71333 0.65290 0.58667 0.20035 0.64347 1.25394 1.05667 0.54667 0.42667 0.52326 0.63640 0.57983 0.48319 0.34648 0.23806 0.25220 0.33941 0.42898 0.37667 0.26667 0.07542 0.04333 0.11667 0.20667 0.07667 0.16499
0.38000 0.43134 0.38667 0.35333 0.33667 0.38419 0.46433 0.39834 0.40541 0.37241 0.45000 0.30667 0.30000 0.21920 0.18856 0.21000 0.28000 0.26000 0.20035 0.22627 0.23099 0.16000 0.12000 0.29000 0.36667 0.20035 0.28520 0.29463 0.25220 0.22667 0.24333 0.29934 0.31584 0.43667 0.49667 0.65525 0.66468 0.73539 0.78017 0.62697 0.83333 0.72333 0.57747 0.70239 0.37000 0.29463 0.96402 1.10544 0.75660 0.56333 0.50205 0.60575 0.65997 0.84381 0.62461 0.46000 0.36062 0.41248 0.41484 0.43333 0.34333 0.15333 0.05667 0.15333 0.19000 0.03333 0.12333
0.26000 0.36000 0.41333 0.39667 0.39000 0.37712 0.40541 0.36298 0.34413 0.34413 0.42667 0.28000 0.24667 0.24000 0.16667 0.07667 0.20270 0.28991 0.18149 0.19092 0.25927 0.19799 0.24333 0.35667 0.37667 0.22000 0.24667 0.24000 0.14142 0.08014 0.14000 0.22667 0.27333 0.29000 0.29227 0.51147 0.59633 0.65054 0.74000 0.73667 1.01000 0.53333 0.37948 0.64582 0.49497 0.53333 0.64333 0.84146 0.81553 0.74246 0.59397 0.54447 0.46905 0.80374 0.75425 0.60340 0.53667 0.57511 0.53033 0.50667 0.43667 0.29333 0.00471 0.14333 0.28520 0.10371 0.13667
0.24000 0.30000 0.34667 0.35667 0.33667 0.31584 0.30877 0.23806 0.25456 0.32667 0.31667 0.26399 0.18000 0.22667 0.20333 0.08667 0.09333 0.21449 0.21333 0.08721 0.24984 0.22627 0.34667 0.37667 0.33000 0.28667 0.27667 0.25000 0.15333 0.07071 0.06667 0.12000 0.18667 0.15792 0.18856 0.43333 0.56333 0.65000 0.76333 0.85000 1.03333 0.44000 0.33333 0.54333 0.26870 0.65667 0.66333 0.65333 0.49262 0.71889 0.63404 0.46198 0.32998 0.50676 0.70711 0.67411 0.61990 0.70711 0.68589 0.63640 0.59333 0.43667 0.08014 0.08000 0.30667 0.27341 0.20667
0.32000 0.28333 0.28333 0.30000 0.28667 0.28520 0.30406 0.27577 0.37712 0.41012 0.32763 0.27667 0.15556 0.17000 0.13199 0.16667 0.10333 0.13667 0.16263 0.11667 0.20506 0.25692 0.38333 0.37241 0.37333 0.33333 0.26667 0.26333 0.21333 0.10333 0.02828 0.03333 0.03771 0.08667 0.14000 0.41333 0.54333 0.64000 0.76333 0.96667 1.03333 0.59000 0.35000 0.41333 0.31333 0.62000 0.78333 0.40305 0.32998 0.61283 0.79196 0.72125 0.59000 0.42426 0.40541 0.54447 0.54212 0.65997 0.67882 0.64333 0.63333 0.52000 0.22000 0.08721 0.19333 0.32667 0.18667
0.33000 0.30000 0.29000 0.30000 0.35667 0.37005 0.37477 0.36667 0.38184 0.38184 0.29463 0.28756 0.20333 0.14333 0.13435 0.20667 0.14378 0.15556 0.09667 0.04000 0.12257 0.25220 0.44076 0.46669 0.48319 0.44333 0.30000 0.30333 0.22667 0.16333 0.03771 0.02667 0.10000 0.11333 0.07307 0.33667 0.56333 0.64000 0.69000 0.75000 0.71418 0.77667 0.50333 0.35333 0.39000 0.77333 0.58333 0.31348 0.22863 0.33705 0.46905 0.51383 0.58218 0.70239 0.65000 0.39834 0.44548 0.62333 0.61333 0.73333 0.64667 0.50667 0.28333 0.21000 0.06835 0.09000 0.12000
0.29333 0.31667 0.32667 0.33941 0.39333 0.43667 0.42662 0.44333 0.39667 0.36770 0.27106 0.25692 0.21449 0.22000 0.21333 0.19799 0.16667 0.10333 0.04714 0.03000 0.10667 0.13906 0.36770 0.46433 0.48083 0.54000 0.33333 0.33000 0.26667 0.17333 0.09000 0.05421 0.16000 0.24667 0.19799 0.28000 0.59333 0.61000 0.57000 0.54212 0.71653 0.85089 0.70239 0.48333 0.63000 0.75333 0.56000 0.28000 0.15085 0.20977 0.38891 0.44312 0.36062 0.40305 0.61518 0.51619 0.52090 0.60104 0.66333 0.70000 0.76333 0.52333 0.37000 0.26667 0.09428 0.09899 0.14142
0.26000 0.30333 0.32333 0.38184 0.39333 0.41667 0.42191 0.40667 0.38667 0.38333 0.31333 0.28756 0.25456 0.25000 0.18620 0.22156 0.16971 0.11785 0.08333 0.04007 0.08000 0.16667 0.20000 0.43667 0.37948 0.60667 0.39127 0.30641 0.22667 0.17913 0.15000 0.10667 0.06835 0.09000 0.18149 0.30877 0.59000 0.61047 0.56097 0.45019 0.54000 0.63333 0.77667 0.58333 0.63000 0.75333 0.56333 0.45333 0.21667 0.06128 0.13906 0.27106 0.29227 0.35827 0.47667 0.47667 0.40069 0.60667 0.74000 0.66000 0.71667 0.66000 0.48333 0.19000 0.14333 0.15321 0.23335
0.26333 0.28667 0.29000 0.37241 0.32333 0.39127 0.42000 0.41000 0.41667 0.41000 0.37000 0.39000 0.40333 0.38000 0.33000 0.22000 0.19333 0.12667 0.06333 0.08957 0.12667 0.20333 0.32667 0.52000 0.48555 0.61754 0.42898 0.28756 0.16000 0.11549 0.16735 0.18333 0.11000 0.03771 0.15333 0.30641 0.47333 0.60575 0.66704 0.57983 0.48333 0.53269 0.71653 0.78000 0.59000 0.67175 0.63168 0.56097 0.38655 0.34667 0.17000 0.24667 0.22667 0.16499 0.38655 0.59667 0.57667 0.55000 0.70000 0.74667 0.62000 0.59000 0.48667 0.25333 0.25000 0.16667 0.21920
0.29000 0.27333 0.24667 0.37477 0.35355 0.38891 0.41484 0.42000 0.43333 0.40667 0.38000 0.35333 0.31333 0.32000 0.39000 0.30000 0.20333 0.13906 0.09664 0.11549 0.23667 0.22333 0.41000 0.63333 0.65997 0.63333 0.34667 0.18333 0.06835 0.08250 0.23335 0.17000 0.15321 0.09899 0.06667 0.24000 0.32527 0.44548 0.60575 0.64347 0.52090 0.48319 0.53976 1.02333 0.57747 0.61047 0.68825 0.70004 0.61047 0.63404 0.58000 0.59667 0.55000 0.44333 0.27667 0.45255 0.61754 0.70667 0.70333 0.77000 0.64333 0.55333 0.48333 0.42000 0.29667 0.19333 0.27000
0.25333 0.24000 0.27813 0.45255 0.44548 0.41248 0.42191 0.39667 0.40667 0.39333 0.38000 0.31000 0.30000 0.30000 0.36000 0.36667 0.28049 0.21213 0.14378 0.13906 0.24333 0.27000 0.41000 0.83333 0.70000 0.32667 0.24749 0.23667 0.16499 0.19092 0.23333 0.14378 0.16971 0.16333 0.06600 0.15333 0.22627 0.34648 0.56667 0.63875 0.50205 0.46905 0.49497 0.64582 0.81000 0.49262 0.54919 0.57511 0.52326 0.57983 0.58333 0.52326 0.56097 0.61518 0.50333 0.36062 0.58667 0.69667 0.68333 0.69000 0.66333 0.56333 0.54000 0.45000 0.29463 0.25220 0.36333
0.23667 0.24333 0.35120 0.45726 0.41012 0.37241 0.40069 0.37000 0.40000 0.37667 0.37000 0.33333 0.30333 0.24333 0.23000 0.23806 0.24749 0.21449 0.16499 0.12728 0.28333 0.26667 0.42667 0.90333 0.67667 0.40000 0.26634 0.23806 0.17206 0.11785 0.06600 0.09667 0.10667 0.03000 0.04478 0.11333 0.17333 0.29000 0.49000 0.65997 0.56804 0.47848 0.47612 0.61518 0.80139 0.69061 0.51855 0.49497 0.38655 0.37241 0.41000 0.30877 0.38667 0.44000 0.53333 0.43333 0.63000 0.66667 0.63667 0.64667 0.62333 0.54333 0.56667 0.42333 0.27341 0.27106 0.40069
0.21000 0.22392 0.36298 0.35355 0.28520 0.37477 0.43841 0.42426 0.47000 0.42667 0.36333 0.32667 0.30000 0.21667 0.23000 0.26870 0.28756 0.24042 0.21920 0.14849 0.24000 0.24000 0.39667 0.94000 0.59333 0.35000 0.42000 0.24984 0.19799 0.17333 0.12667 0.12257 0.10333 0.01333 0.02667 0.09000 0.16333 0.22667 0.30667 0.55390 0.62933 0.55626 0.53269 0.60575 0.71653 0.84146 0.71418 0.49969 0.46333 0.28333 0.50667 0.29333 0.42667 0.48667 0.47333 0.56804 0.61333 0.58333 0.56333 0.62667 0.63667 0.53667 0.53000 0.45000 0.21000 0.19333 0.41667
0.20667 0.23806 0.39362 0.30170 0.28049 0.47848 0.47376 0.40305 0.37667 0.39667 0.37000 0.40667 0.34333 0.27577 0.21000 0.26870 0.32291 0.31113 0.31113 0.20977 0.27333 0.11078 0.22333 0.72333 0.89000 0.31000 0.43000 0.28000 0.12667 0.02000 0.01333 0.07307 0.04333 0.00333 0.01333 0.06667 0.15333 0.19000 0.27000 0.41333 0.54000 0.59633 0.61754 0.61283 0.71889 0.70004 0.86267 0.77333 0.70000 0.41333 0.37000 0.32000 0.51333 0.54000 0.49667 0.67000 0.58667 0.37333 0.53667 0.62000 0.61000 0.55000 0.50667 0.43667 0.18333 0.24333 0.41667
0.31667 0.31333 0.41719 0.32291 0.32333 0.45667 0.37712 0.27106 0.18333 0.23667 0.22667 0.28333 0.22667 0.26634 0.17333 0.24513 0.28284 0.30170 0.34648 0.27577 0.30667 0.15000 0.22156 0.58000 0.82000 0.53667 0.49333 0.17000 0.12333 0.02357 0.06600 0.12333 0.00667 0.01886 0.02667 0.04950 0.12000 0.12964 0.14000 0.30333 0.42333 0.53269 0.67647 0.64347 0.67175 0.70004 0.69296 1.08659 1.10333 0.68000 0.38333 0.28333 0.51333 0.42000 0.43667 0.59633 0.66000 0.54333 0.57667 0.57667 0.59333 0.62333 0.54000 0.29000 0.17678 0.25220 0.42667
0.32333 0.38000 0.46669 0.34648 0.30406 0.35000 0.35333 0.20742 0.10607 0.11000 0.13333 0.12667 0.15000 0.22392 0.18149 0.23099 0.24749 0.27106 0.31113 0.32291 0.36000 0.19563 0.21333 0.45333 0.69667 0.47376 0.53333 0.40667 0.05657 0.06667 0.09333 0.04714 0.10371 0.10667 0.08667 0.13000 0.13671 0.13199 0.13435 0.15333 0.29000 0.40333 0.65997 0.66232 0.64818 0.64333 0.72667 0.86667 1.16908 1.07333 0.58333 0.32667 0.47333 0.32000 0.43333 0.61000 0.61333 0.57667 0.50667 0.64000 0.67667 0.63000 0.43000 0.27106 0.25456 0.30406 0.51147
0.10842 0.20742 0.37712 0.27813 0.25692 0.23667 0.32333 0.20333 0.08250 0.06000 0.10333 0.08333 0.15667 0.22000 0.22392 0.24749 0.24749 0.25333 0.27000 0.33333 0.36333 0.29667 0.29000 0.40333 0.63333 0.43000 0.42333 0.40776 0.22667 0.12333 0.17000 0.12257 0.14142 0.09000 0.10333 0.15667 0.24000 0.23570 0.18149 0.16499 0.20000 0.32000 0.57276 0.68825 0.70711 0.67000 0.65997 0.74000 0.91333 1.11723 1.02530 0.62667 0.50000 0.46333 0.40333 0.59333 0.64333 0.60000 0.54000 0.58667 0.63333 0.61000 0.40305 0.28991 0.33470 0.38667 0.56804
0.18667 0.18149 0.26000 0.19563 0.16735 0.14142 0.21333 0.19000 0.09899 0.06600 0.08250 0.11078 0.12667 0.17333 0.22863 0.28991 0.28520 0.27813 0.26634 0.32667 0.46000 0.36667 0.36000 0.38667 0.61333 0.44667 0.36062 0.50205 0.35333 0.27000 0.25333 0.17000 0.07542 0.13906 0.17667 0.19667 0.26000 0.35000 0.29333 0.25000 0.22000 0.34000 0.55667 0.74333 0.82333 0.79000 0.76839 0.71667 0.83000 0.90333 0.90038 1.14080 1.12430 0.91333 0.63000 0.64333 0.65667 0.63333 0.50333 0.49000 0.53667 0.53740 0.38419 0.26000 0.34333 0.35667 0.41719
0.16499 0.23667 0.23667 0.18333 0.19799 0.21685 0.19333 0.16667 0.12492 0.10371 0.13435 0.14333 0.09333 0.07071 0.13000 0.25667 0.32998 0.35355 0.30641 0.32056 0.51667 0.52000 0.39127 0.52333 0.63667 0.51667 0.36000 0.34884 0.34884 0.36062 0.26399 0.31113 0.34648 0.32056 0.29667 0.30000 0.25333 0.30333 0.42667 0.38667 0.35827 0.43333 0.50000 0.64333 0.70000 0.78667 0.81000 0.74246 0.74667 0.82333 0.90333 0.95333 0.99938 1.24000 0.82000 0.61333 0.62333 0.50000 0.41333 0.46000 0.49667 0.57333 0.29227 0.38333 0.39667 0.35667 0.41955
0.20333 0.18385 0.24667 0.25000 0.26870 0.25456 0.18333 0.18333 0.16000 0.11078 0.13906 0.12333 0.10000 0.11314 0.09667 0.23000 0.32056 0.40541 0.38184 0.36062 0.53976 0.58926 0.35000 0.62000 0.43667 0.54333 0.58667 0.37333 0.34648 0.36062 0.29934 0.36298 0.37948 0.36298 0.33000 0.35667 0.35000 0.40000 0.43000 0.43667 0.52333 0.48667 0.52000 0.53333 0.58000 0.67000 0.81667 0.85000 0.74333 0.71667 0.80000 0.82333 0.75896 0.83667 0.58000 0.49667 0.49333 0.41667 0.41248 0.45019 0.63333 0.45255 0.35333 0.46667 0.40667 0.34667 0.58926
