wepppy/nodb/tests/test2/dem/topaz/FVSLOP.ARC
ncols   131
nrows   122
xllcorner  746918
yllcorner 4313698
cellsize   30.00
nodata_value    -1.0
[rows 0 to 28 of 122, columns 0 to 66 of 131]
0.18333 0.41719 0.27667 0.38000 0.34667 0.25000 0.25667 0.24333 0.19667 0.19333 0.21667 0.31000 0.40333 0.54000 0.63333 0.49000 0.48333 0.62333 0.30000 0.89000 0.03667 0.10000 0.28667 0.09333 0.31000 0.56333 0.30000 0.36000 0.68333 0.70333 0.79000 0.76000 0.69333 0.52333 0.32333 0.24000 0.13000 0.05000 -1.00000 0.07667 0.15667 0.14667 0.18000 0.44667 0.38333 0.18667 0.39000 0.54667 0.49667 0.42000 0.26667 0.19000 0.21333 0.27333 0.34000 0.43333 0.31667 0.12021 0.11314 0.17000 0.27341 0.28520 0.29227 0.32291 0.33941 0.37005 0.34413
0.41000 0.50912 0.28049 0.31000 0.29667 0.21449 0.29333 0.31000 0.22333 0.18667 0.19333 0.24000 0.33941 0.50912 0.62697 0.53740 0.54919 0.75425 0.61754 0.98995 0.62000 0.30667 0.51383 0.58000 0.53740 0.81082 0.71889 0.72125 0.96167 0.97345 0.99702 1.07245 1.07480 1.00881 0.70711 0.48790 0.28049 0.24333 0.23667 0.24667 0.31113 0.30406 0.39362 0.58926 0.50676 0.35591 0.51383 0.67882 0.60575 0.51619 0.33941 0.23806 0.24749 0.26634 0.30667 0.34667 0.24749 0.20667 0.18385 0.17206 0.22863 0.27341 0.27341 0.29463 0.30641 0.36667 0.33333
0.30667 0.45726 0.33941 0.25220 0.18149 0.22627 0.36000 0.36333 0.24333 0.20667 0.20333 0.20742 0.23667 0.38000 0.53033 0.66667 0.26000 0.41484 0.53667 0.77333 0.40305 0.29667 0.28991 0.47376 0.67000 0.70711 0.68354 0.59868 0.82260 0.92395 0.78489 0.94045 1.06537 1.17615 1.10544 0.86267 0.42333 0.30333 0.33000 0.34333 0.36298 0.40000 0.53033 0.61047 0.48790 0.45000 0.60811 0.65290 0.41484 0.27106 0.14667 0.17000 0.20333 0.22667 0.25667 0.25667 0.22156 0.18385 0.18385 0.18620 0.16499 0.22627 0.29463 0.34648 0.38419 0.36770 0.31333
0.26333 0.42662 0.35827 0.23806 0.16667 0.18856 0.38333 0.36000 0.26667 0.24667 0.24749 0.25220 0.23806 0.23099 0.44312 0.63333 0.45667 0.16971 0.52562 0.80846 0.63168 0.46000 0.32333 0.30667 0.50205 0.85324 0.91452 0.64347 0.65290 0.83439 0.64111 0.61283 0.82732 0.91688 1.07716 1.02766 0.61283 0.45000 0.44333 0.36000 0.33470 0.43134 0.56333 0.61990 0.50676 0.60575 0.68589 0.58454 0.31820 0.19328 0.08014 0.12333 0.24667 0.27000 0.20667 0.14000 0.11549 0.08721 0.11333 0.15667 0.12728 0.14849 0.20000 0.27000 0.38333 0.42426 0.37241
0.25333 0.41484 0.35355 0.23000 0.17206 0.18667 0.19799 0.47000 0.30667 0.27667 0.27667 0.25692 0.24749 0.22156 0.32000 0.44076 0.51667 0.15667 0.30170 0.66468 0.66939 0.51333 0.44000 0.38000 0.37333 0.53504 0.77546 0.82000 0.59667 0.61283 0.63404 0.49262 0.54212 0.58690 0.79432 0.89567 0.74718 0.63333 0.51000 0.41667 0.38333 0.47140 0.57040 0.60340 0.49969 0.63640 0.55626 0.33470 0.11785 0.08957 0.05333 0.09333 0.24667 0.27000 0.22000 0.11333 0.12667 0.15667 0.09000 0.08667 0.09667 0.13333 0.16667 0.24000 0.31667 0.37333 0.37005
0.26667 0.43134 0.34648 0.22627 0.19092 0.18667 0.25220 0.45667 0.31667 0.26000 0.32000 0.28756 0.25692 0.21685 0.26870 0.36667 0.42333 0.15556 0.07333 0.34413 0.64347 0.68333 0.68333 0.70667 0.81000 0.68000 0.84667 0.80333 0.53667 0.41955 0.49733 0.69333 0.56667 0.32998 0.60811 0.74246 0.67647 0.62667 0.59000 0.58667 0.46000 0.46669 0.59161 0.60104 0.51855 0.57276 0.41248 0.08333 0.01000 0.04000 0.05667 0.11000 0.22667 0.34000 0.21333 0.11314 0.10842 0.17667 0.10842 0.08957 0.10333 0.21333 0.24277 0.23335 0.17678 0.25000 0.29333
0.32667 0.46905 0.32527 0.24277 0.22333 0.21000 0.27577 0.34177 0.28333 0.23335 0.33000 0.34648 0.26870 0.22627 0.26634 0.35667 0.32333 0.09428 0.05185 0.05000 0.23099 0.50205 0.83333 0.84333 0.48555 0.70000 1.12000 0.70000 0.43667 0.52667 0.65525 0.80667 0.37000 0.20270 0.40000 0.45491 0.41719 0.46669 0.62667 0.65333 0.57333 0.48333 0.61283 0.63168 0.58690 0.39598 0.14000 0.04333 0.01333 0.02121 0.06000 0.14667 0.26000 0.34000 0.22000 0.11314 0.11549 0.24333 0.14378 0.11314 0.15792 0.24749 0.28520 0.25456 0.19092 0.16735 0.17333
0.30333 0.49733 0.32527 0.23335 0.23000 0.21000 0.28049 0.30406 0.24749 0.23099 0.33667 0.38333 0.24513 0.20742 0.23806 0.30667 0.24333 0.05333 0.04243 0.11667 0.17667 0.22627 0.15085 0.17206 0.50333 0.71667 1.12667 0.57000 0.47667 0.77333 0.79667 0.51333 0.24984 0.41719 0.43667 0.19563 0.16971 0.35333 0.51000 0.48000 0.51000 0.43000 0.57511 0.74718 0.57983 0.20270 0.18000 0.08333 0.00000 0.02333 0.14333 0.19799 0.33667 0.32763 0.22156 0.14614 0.24277 0.28284 0.15085 0.13671 0.20270 0.33234 0.35591 0.29934 0.27333 0.19799 0.14614
0.30333 0.54447 0.39127 0.22863 0.21000 0.23099 0.29227 0.28284 0.21920 0.23335 0.32000 0.40000 0.25220 0.18856 0.19667 0.26000 0.21000 0.04243 0.05000 0.09664 0.14667 0.14667 0.18856 0.23806 0.48000 0.78333 0.74333 0.61000 0.67667 0.95000 0.61333 0.49000 0.40000 0.46333 0.22000 0.10371 0.12333 0.23806 0.32667 0.43000 0.54000 0.58000 0.65054 0.58218 0.32333 0.18667 0.10666 0.02666 0.00000 0.07000 0.17000 0.27333 0.37005 0.28049 0.24042 0.24984 0.33470 0.27577 0.22333 0.19000 0.23335 0.38184 0.36534 0.32291 0.35000 0.35000 0.25000
0.28667 0.53740 0.44312 0.24984 0.19667 0.26163 0.27813 0.24513 0.22156 0.24749 0.28333 0.40667 0.26667 0.15792 0.16971 0.26000 0.17333 0.06333 0.02828 0.10333 0.22667 0.08000 0.17913 0.20667 0.35000 0.71333 0.62333 0.51383 0.65761 0.97333 0.78667 0.67000 0.54667 0.35667 0.13199 0.06333 0.08000 0.19092 0.21667 0.16333 0.32000 0.44333 0.41012 0.22391 0.10333 0.03000 0.00000 0.00000 0.01000 0.10667 0.16667 0.31000 0.34000 0.27667 0.29333 0.32998 0.35355 0.33470 0.37333 0.35000 0.33234 0.45019 0.38891 0.33705 0.31348 0.38000 0.35333
0.38667 0.60340 0.51619 0.30406 0.20977 0.27341 0.24042 0.21685 0.23099 0.23099 0.24042 0.38000 0.27000 0.18620 0.21685 0.29463 0.18385 0.11333 0.09428 0.12257 0.21000 0.09667 0.28667 0.15000 0.21920 0.76000 0.61000 0.39834 0.53667 0.82496 0.82732 0.79000 0.61667 0.38184 0.20977 0.15333 0.18333 0.25927 0.22156 0.15556 0.12257 0.13333 0.19667 0.10666 0.00000 0.00000 0.00000 0.00000 0.05666 0.17667 0.24749 0.32998 0.36770 0.38184 0.41955 0.38184 0.34177 0.32998 0.31667 0.40000 0.38667 0.42662 0.39362 0.34177 0.29698 0.25692 0.35333
0.37000 0.61990 0.54919 0.32291 0.22392 0.26634 0.21213 0.20742 0.21685 0.19563 0.21449 0.32000 0.29227 0.25927 0.28756 0.34177 0.21000 0.13667 0.15321 0.20270 0.20742 0.14849 0.20333 0.18333 0.18000 0.55154 0.79000 0.69667 0.46000 0.58926 0.88860 1.29165 0.94045 0.58454 0.45000 0.44000 0.58000 0.55000 0.43667 0.46333 0.34333 0.15000 0.19000 0.03000 0.00000 0.00000 0.00000 0.00333 0.09667 0.24000 0.27333 0.33705 0.42898 0.40776 0.39127 0.38419 0.30641 0.30877 0.28991 0.30333 0.34000 0.37712 0.37477 0.31113 0.25220 0.20270 0.18333
0.40667 0.68118 0.63640 0.39362 0.23335 0.23806 0.18856 0.18856 0.19563 0.19799 0.22863 0.29463 0.35591 0.31820 0.34177 0.30170 0.15667 0.14667 0.17678 0.22627 0.21449 0.14614 0.09667 0.10371 0.19328 0.42667 0.68000 0.69333 0.42191 0.47848 0.53333 1.17144 1.40479 0.74482 0.58667 0.69333 0.95000 0.74000 0.45667 0.27813 0.37333 0.32998 0.36000 0.02666 0.00000 0.00000 0.00000 0.00666 0.13667 0.27000 0.29667 0.39333 0.43333 0.38891 0.38419 0.37948 0.29934 0.36770 0.37712 0.37667 0.35667 0.37477 0.33941 0.27577 0.21685 0.16735 0.12667
0.57333 0.82967 0.78489 0.58926 0.30333 0.23333 0.20506 0.21213 0.21213 0.23570 0.26399 0.32527 0.37005 0.37005 0.33941 0.20977 0.12000 0.12667 0.16971 0.17000 0.16263 0.11785 0.05667 0.05657 0.18385 0.53333 0.62667 0.52326 0.50440 0.32056 0.36062 0.69296 1.38122 0.88860 0.84333 1.06000 0.99938 0.87000 0.76667 0.43333 0.20333 0.27106 0.41333 0.08333 0.00333 0.00000 0.00000 0.00000 0.13999 0.31000 0.33333 0.43667 0.43667 0.33333 0.44333 0.41248 0.31584 0.32291 0.30877 0.30406 0.32667 0.32998 0.27577 0.21920 0.16735 0.11785 0.07542
0.51000 0.82732 0.79667 0.72596 0.46433 0.23667 0.24749 0.27106 0.29000 0.27341 0.29698 0.33234 0.37948 0.42191 0.27577 0.14667 0.11333 0.10667 0.20270 0.17206 0.16971 0.13671 0.08014 0.05667 0.06128 0.41955 0.66939 0.45726 0.51855 0.45333 0.42667 0.52562 1.06302 0.92395 1.36000 1.05667 0.64111 0.64347 0.73303 0.61667 0.40667 0.30000 0.38000 0.13667 0.03999 0.00000 0.00000 0.00333 0.14000 0.30667 0.40667 0.43333 0.40000 0.34667 0.53333 0.46000 0.31584 0.32291 0.32998 0.31820 0.29934 0.24277 0.19563 0.16667 0.11785 0.10842 0.11078
0.38000 0.73303 0.78960 0.71182 0.58454 0.32333 0.28667 0.29934 0.29667 0.32667 0.34884 0.34177 0.36770 0.39834 0.20270 0.13333 0.10667 0.10667 0.21920 0.21449 0.21920 0.19799 0.12021 0.07071 0.09000 0.28991 0.60340 0.56333 0.49497 0.46667 0.63333 0.65997 0.68354 0.75000 0.57000 0.55000 0.53667 0.50912 0.49969 0.54919 0.45491 0.37667 0.37333 0.23000 0.07666 0.00000 0.00000 0.02999 0.14000 0.26333 0.46333 0.44000 0.41000 0.32333 0.52667 0.50000 0.28667 0.30667 0.33234 0.28049 0.24513 0.19563 0.18333 0.13333 0.18385 0.16971 0.12492
0.44667 0.61518 0.69532 0.70946 0.61518 0.42191 0.33667 0.30877 0.31584 0.34000 0.37948 0.37948 0.37000 0.36298 0.17913 0.15667 0.12667 0.11000 0.18149 0.20035 0.21213 0.22392 0.12964 0.10000 0.09000 0.13199 0.23570 0.34177 0.36770 0.28333 0.33470 0.65290 0.57667 0.56333 0.52333 0.56333 0.66000 0.83667 0.63000 0.43333 0.38891 0.44000 0.36534 0.32667 0.13667 0.01333 0.00666 0.06333 0.14000 0.27333 0.47000 0.44333 0.42000 0.30000 0.53000 0.48000 0.37333 0.39333 0.37241 0.28991 0.26163 0.23806 0.18620 0.21667 0.21213 0.16971 0.13000
0.51000 0.69768 0.71653 0.74246 0.69768 0.53740 0.33667 0.33000 0.34648 0.33667 0.35591 0.38891 0.37667 0.35667 0.21333 0.17000 0.15000 0.12667 0.14614 0.15556 0.19563 0.26000 0.17678 0.11549 0.06000 0.08000 0.11667 0.16028 0.27577 0.24000 0.23806 0.47612 0.60667 0.92000 0.96000 1.02333 0.90333 1.02000 0.58333 0.40333 0.29000 0.41333 0.34177 0.37241 0.25220 0.13000 0.08333 0.10135 0.15321 0.25000 0.46667 0.51667 0.38333 0.30000 0.50333 0.47667 0.41667 0.41667 0.34333 0.20742 0.16263 0.11549 0.19328 0.26634 0.26870 0.16499 0.09000
0.44667 0.65525 0.70946 0.65525 0.66468 0.64111 0.45491 0.35667 0.35591 0.32998 0.33941 0.33941 0.26634 0.26667 0.23000 0.15333 0.15333 0.13333 0.15556 0.17442 0.21920 0.24984 0.22156 0.14378 0.04714 0.04333 0.08014 0.09000 0.12257 0.08485 0.14333 0.29333 0.46667 0.39333 0.50000 0.76132 0.99000 0.93000 0.53333 0.39000 0.33333 0.36333 0.21920 0.31348 0.34648 0.27667 0.23333 0.18667 0.20035 0.24984 0.44667 0.54667 0.34667 0.33000 0.47667 0.46333 0.44667 0.39000 0.30333 0.13000 0.14849 0.21449 0.25456 0.31348 0.24749 0.13333 0.07667
0.47000 0.65054 0.65054 0.60811 0.58926 0.61518 0.54683 0.44000 0.41000 0.36333 0.30667 0.25667 0.25692 0.24333 0.15000 0.12964 0.07542 0.06835 0.10371 0.15556 0.18620 0.22627 0.23335 0.20506 0.12021 0.06364 0.09899 0.13000 0.08250 0.08000 0.20333 0.32291 0.32333 0.50205 0.82260 0.87446 0.83667 0.75000 0.51333 0.30667 0.36000 0.35667 0.16333 0.15085 0.23570 0.29333 0.34667 0.31333 0.23667 0.30170 0.39598 0.47333 0.37333 0.38667 0.47000 0.41000 0.46000 0.36000 0.24667 0.10000 0.21449 0.25927 0.25220 0.26163 0.15556 0.07333 0.02593
0.36000 0.62933 0.69768 0.65997 0.61283 0.62697 0.57747 0.54333 0.41000 0.31333 0.25333 0.15000 0.19799 0.11667 0.08957 0.10607 0.07307 0.08014 0.08014 0.14000 0.16028 0.19563 0.18667 0.19000 0.11667 0.06667 0.08957 0.18385 0.15000 0.17000 0.18385 0.22392 0.49262 0.73068 0.83674 0.86503 0.72361 0.57667 0.33000 0.26163 0.42426 0.52000 0.22333 0.14378 0.10333 0.14142 0.26333 0.25000 0.21000 0.27341 0.31348 0.36000 0.40667 0.45667 0.47333 0.39667 0.44000 0.32667 0.20333 0.16263 0.24984 0.28284 0.22863 0.20000 0.12667 0.04333 0.04007
0.30000 0.49026 0.57747 0.58926 0.47612 0.43369 0.38184 0.29698 0.25000 0.22667 0.19667 0.15667 0.20506 0.10000 0.12257 0.14614 0.13667 0.14849 0.13435 0.12964 0.14000 0.21000 0.21000 0.19000 0.16000 0.09667 0.08667 0.12964 0.12333 0.15000 0.12492 0.40776 0.74482 0.97345 1.03238 0.80333 0.43841 0.32000 0.16971 0.22627 0.49497 0.65333 0.43667 0.21920 0.12333 0.19333 0.28991 0.16971 0.13333 0.21213 0.22627 0.30667 0.38000 0.47333 0.49000 0.42333 0.44667 0.27333 0.16667 0.23335 0.28284 0.27106 0.17442 0.12000 0.04000 0.03771 0.07667
0.28000 0.42662 0.47376 0.53740 0.49497 0.43605 0.37005 0.26163 0.20667 0.19667 0.20000 0.27333 0.27333 0.08333 0.11000 0.12492 0.11078 0.10135 0.13199 0.12667 0.14333 0.22333 0.26000 0.21667 0.17333 0.10371 0.09192 0.07778 0.08667 0.10667 0.26333 0.44000 0.61333 0.68000 0.65667 0.53504 0.38655 0.24667 0.18856 0.24749 0.47376 0.68825 0.73667 0.34000 0.15556 0.22000 0.32056 0.35355 0.15321 0.16333 0.26634 0.35000 0.38333 0.40667 0.47000 0.48000 0.44000 0.22667 0.15085 0.28756 0.30641 0.27106 0.19667 0.09667 0.07778 0.02667 0.12333
0.18333 0.35120 0.39127 0.45491 0.45726 0.42426 0.39362 0.30406 0.19799 0.16667 0.17333 0.15333 0.10333 0.08957 0.09333 0.12333 0.15792 0.12964 0.14667 0.14667 0.14667 0.22000 0.29333 0.26333 0.18667 0.12728 0.09664 0.07667 0.11667 0.17000 0.29934 0.48083 0.71418 0.77333 0.84381 0.78253 0.50912 0.54333 0.75000 1.01667 0.89667 0.85667 0.59161 0.45255 0.26333 0.26000 0.33705 0.44783 0.28756 0.22627 0.32763 0.45333 0.40667 0.32333 0.41333 0.51333 0.44076 0.31113 0.21920 0.33941 0.33234 0.24333 0.15333 0.12021 0.10667 0.05333 0.19000
0.07000 0.29333 0.33333 0.40000 0.42898 0.45491 0.40541 0.35591 0.28284 0.18620 0.11667 0.09333 0.09428 0.09428 0.07778 0.08667 0.14849 0.17206 0.16028 0.16333 0.19000 0.23667 0.31000 0.30333 0.21333 0.16263 0.10371 0.07542 0.08667 0.24513 0.57040 0.70239 0.76603 0.81553 0.97333 0.80139 0.56097 0.51667 0.58926 0.59397 0.73333 0.33333 0.27106 0.30406 0.20035 0.18333 0.27106 0.40776 0.36062 0.32291 0.35591 0.55333 0.48790 0.40541 0.43369 0.49969 0.51147 0.42191 0.27106 0.36298 0.30170 0.21000 0.09192 0.14378 0.14333 0.15333 0.29000
0.04333 0.27333 0.29000 0.32333 0.35591 0.40069 0.39834 0.30641 0.23335 0.17206 0.11785 0.08333 0.09000 0.11000 0.14333 0.12021 0.13671 0.17678 0.17442 0.17667 0.25333 0.25000 0.30333 0.33333 0.25667 0.16971 0.10667 0.12728 0.26870 0.53504 0.69768 0.72361 0.78017 0.77667 0.80000 0.75667 0.50205 0.34667 0.44667 0.45019 0.38333 0.57000 0.41333 0.35827 0.24984 0.22333 0.24513 0.30406 0.30877 0.30170 0.34648 0.50440 0.53740 0.52797 0.50205 0.50205 0.53740 0.48790 0.31113 0.32056 0.20742 0.12000 0.12492 0.23333 0.22667 0.26634 0.36534
0.13333 0.27341 0.23806 0.25667 0.28333 0.29667 0.33667 0.28049 0.20333 0.10333 0.07307 0.06333 0.07071 0.08333 0.05893 0.08957 0.11314 0.17667 0.18667 0.20333 0.28333 0.26667 0.29000 0.33333 0.31333 0.18000 0.12257 0.30170 0.47848 0.49733 0.56000 0.64667 0.66000 0.58333 0.74000 0.68000 0.67175 0.40069 0.44000 0.47667 0.26163 0.28520 0.51000 0.50000 0.30667 0.25333 0.26163 0.28049 0.27106 0.24513 0.29463 0.41012 0.45726 0.54683 0.54212 0.51619 0.52562 0.49497 0.29934 0.25000 0.16028 0.10000 0.15321 0.32333 0.36333 0.35591 0.38419
0.12000 0.28756 0.28520 0.27333 0.27000 0.23000 0.33000 0.33333 0.23333 0.10333 0.06000 0.04667 0.08000 0.06128 0.06667 0.09899 0.16028 0.18385 0.21333 0.22667 0.28333 0.27000 0.26667 0.34333 0.34333 0.18333 0.18620 0.32333 0.44548 0.22667 0.34667 0.68667 0.56667 0.37667 0.75425 0.98333 0.83667 0.19333 0.29934 0.26870 0.25000 0.24513 0.32056 0.40000 0.34000 0.17206 0.22863 0.26870 0.27106 0.22863 0.23570 0.33705 0.36770 0.42191 0.42662 0.45019 0.49262 0.50333 0.26870 0.19333 0.17913 0.12667 0.20977 0.45000 0.48000 0.41719 0.38184
-1.00000 0.28667 0.35000 0.33333 0.32000 0.24000 0.27667 0.33000 0.26000 0.08485 0.05657 0.11549 0.16000 0.17333 0.17000 0.15085 0.19328 0.21213 0.23099 0.29463 0.30641 0.30667 0.29667 0.39000 0.31000 0.13671 0.24667 0.33000 0.51333 0.12333 0.38184 0.70000 0.57747 0.73068 1.12430 1.00667 0.33234 0.35591 0.42333 0.18385 0.20270 0.34648 0.27333 0.10333 0.04333 0.09428 0.20506 0.26399 0.26870 0.24513 0.21920 0.26399 0.31000 0.35000 0.35000 0.41000 0.50667 0.53333 0.28991 0.19000 0.18667 0.06000 0.25667 0.53333 0.59000 0.50333 0.38655
