wepppy/nodb/tests/test2/dem/topaz/RELIEF.ARC
ncols   131
nrows   122
xllcorner  746918
yllcorner 4313698
cellsize   30.00
nodata_value     0.0
[rows 75 to 99 of 122, columns 0 to 56 of 131]
2647.80000 2649.20000 2649.20000 2647.60000 2641.50000 2639.50000 2635.50000 2630.20000 2628.10000 2625.70000 2621.40000 2618.00000 2613.60000 2610.20000 2612.30000 2609.70000 2606.90000 2604.70000 2603.00000 2604.90000 2608.70000 2614.80000 2615.10000 2605.30000 2589.70000 2576.30000 2557.90000 2546.40000 2539.00000 2537.10000 2534.80000 2530.40000 2524.90000 2521.60000 2524.60000 2533.00000 2547.20000 2562.10000 2576.40000 2589.80000 2604.30000 2620.00000 2627.50000 2607.70000 2584.30000 2566.60000 2548.00000 2531.40000 2517.50000 2508.90000 2498.50000 2493.40000 2486.00000 2479.20000 2474.30000 2466.20000 2448.30000
2639.90000 2640.60000 2640.50000 2639.30000 2631.80000 2627.80000 2622.90000 2617.90000 2615.60000 2613.40000 2610.30000 2606.30000 2601.50000 2598.80000 2602.40000 2603.10000 2601.10000 2600.90000 2601.10000 2603.50000 2610.60000 2617.30000 2616.20000 2603.90000 2584.90000 2569.10000 2550.10000 2539.70000 2534.20000 2533.70000 2534.40000 2529.60000 2526.60000 2522.20000 2520.00000 2527.20000 2536.40000 2548.10000 2565.20000 2583.80000 2597.40000 2608.00000 2619.40000 2621.80000 2591.10000 2573.90000 2560.60000 2547.20000 2534.80000 2525.40000 2515.90000 2511.30000 2502.50000 2489.10000 2475.80000 2467.50000 2457.20000
2631.20000 2632.40000 2633.10000 2631.60000 2623.40000 2616.80000 2611.30000 2605.30000 2602.60000 2601.20000 2598.90000 2595.70000 2592.10000 2589.20000 2590.70000 2594.10000 2595.00000 2597.00000 2598.60000 2601.80000 2609.10000 2617.20000 2615.20000 2602.90000 2577.90000 2556.90000 2547.10000 2540.40000 2533.30000 2531.30000 2530.20000 2524.50000 2522.40000 2520.10000 2518.00000 2522.60000 2529.20000 2539.50000 2556.50000 2575.30000 2587.50000 2596.50000 2605.10000 2618.50000 2605.80000 2581.50000 2570.50000 2559.20000 2547.60000 2540.50000 2533.40000 2524.70000 2512.90000 2501.90000 2487.60000 2472.50000 2463.40000
2623.60000 2625.20000 2625.00000 2621.30000 2612.40000 2604.50000 2599.30000 2593.40000 2590.40000 2589.40000 2587.50000 2586.40000 2583.10000 2580.20000 2579.90000 2583.10000 2588.00000 2592.50000 2595.90000 2599.50000 2608.00000 2616.00000 2616.00000 2603.20000 2576.10000 2555.80000 2543.80000 2536.60000 2530.60000 2526.30000 2523.20000 2521.30000 2518.40000 2515.20000 2516.20000 2519.60000 2524.80000 2533.50000 2548.20000 2566.20000 2576.60000 2584.10000 2591.40000 2605.40000 2615.50000 2599.80000 2581.20000 2568.60000 2556.90000 2549.20000 2538.30000 2526.00000 2517.10000 2505.50000 2492.30000 2476.30000 2463.30000
2616.50000 2617.90000 2615.90000 2610.10000 2601.90000 2595.00000 2588.70000 2582.30000 2578.40000 2578.10000 2576.40000 2576.40000 2574.00000 2572.90000 2573.00000 2577.50000 2583.40000 2588.90000 2594.10000 2598.10000 2605.30000 2612.50000 2613.50000 2601.60000 2573.40000 2555.60000 2545.10000 2532.50000 2526.50000 2523.30000 2521.30000 2520.40000 2517.40000 2514.30000 2515.00000 2517.70000 2522.60000 2529.40000 2538.20000 2552.50000 2563.80000 2571.20000 2579.30000 2593.20000 2612.20000 2616.90000 2598.90000 2578.10000 2563.60000 2549.70000 2541.20000 2526.00000 2517.20000 2504.40000 2489.80000 2475.60000 2459.80000
2610.20000 2611.40000 2608.40000 2600.50000 2595.10000 2589.80000 2579.10000 2570.10000 2564.30000 2565.30000 2565.50000 2566.60000 2565.00000 2566.40000 2566.10000 2571.20000 2578.70000 2584.80000 2591.80000 2596.90000 2605.10000 2608.20000 2607.60000 2600.90000 2579.20000 2552.50000 2543.20000 2530.30000 2521.90000 2518.10000 2517.50000 2517.10000 2515.20000 2513.90000 2514.20000 2516.20000 2520.80000 2526.50000 2529.00000 2537.10000 2547.60000 2556.70000 2567.50000 2581.80000 2600.80000 2616.00000 2614.70000 2595.40000 2572.20000 2551.20000 2538.80000 2527.70000 2518.10000 2502.70000 2486.50000 2471.60000 2451.50000
2604.00000 2605.60000 2601.30000 2591.70000 2587.70000 2583.20000 2569.50000 2559.00000 2553.00000 2553.40000 2554.40000 2554.40000 2554.70000 2559.20000 2559.80000 2565.00000 2571.60000 2578.60000 2588.00000 2594.30000 2603.50000 2608.00000 2606.10000 2600.20000 2582.80000 2558.20000 2542.10000 2527.30000 2522.20000 2518.50000 2518.70000 2517.70000 2514.00000 2513.80000 2513.80000 2515.10000 2518.70000 2522.20000 2520.90000 2524.70000 2531.40000 2541.30000 2555.80000 2570.30000 2586.30000 2602.00000 2613.10000 2618.30000 2591.40000 2558.30000 2537.90000 2526.40000 2517.90000 2502.50000 2489.90000 2476.80000 2459.00000
2594.50000 2596.20000 2594.10000 2583.60000 2578.00000 2574.60000 2564.10000 2553.50000 2547.50000 2546.30000 2547.60000 2545.90000 2547.90000 2552.90000 2554.60000 2559.60000 2565.80000 2573.30000 2582.60000 2591.20000 2602.00000 2606.70000 2603.10000 2596.70000 2583.10000 2562.20000 2549.10000 2533.10000 2520.90000 2520.50000 2518.70000 2515.90000 2515.00000 2513.80000 2513.00000 2514.90000 2516.80000 2518.80000 2516.70000 2515.60000 2518.70000 2527.10000 2543.00000 2557.80000 2572.30000 2583.70000 2594.10000 2608.10000 2607.90000 2575.20000 2543.00000 2525.50000 2515.70000 2501.50000 2491.90000 2478.90000 2460.60000
2584.80000 2584.80000 2584.20000 2574.30000 2568.90000 2565.10000 2560.50000 2550.80000 2544.70000 2543.00000 2543.60000 2542.10000 2543.40000 2546.90000 2549.80000 2555.30000 2561.80000 2569.40000 2577.50000 2587.50000 2598.40000 2607.30000 2603.60000 2594.90000 2582.80000 2563.80000 2550.90000 2538.20000 2527.70000 2523.90000 2520.20000 2515.10000 2513.90000 2510.60000 2510.40000 2511.00000 2513.20000 2516.00000 2515.60000 2511.00000 2510.00000 2515.00000 2529.70000 2544.80000 2557.80000 2564.40000 2572.30000 2582.10000 2593.70000 2590.40000 2569.00000 2541.50000 2522.70000 2507.70000 2493.80000 2481.70000 2463.90000
2585.80000 2580.20000 2576.00000 2568.20000 2562.50000 2558.00000 2555.60000 2549.20000 2543.50000 2541.20000 2540.50000 2539.60000 2538.70000 2540.30000 2544.80000 2551.30000 2558.80000 2566.60000 2573.80000 2583.60000 2597.40000 2608.40000 2607.70000 2596.90000 2585.30000 2566.90000 2553.50000 2549.00000 2538.30000 2530.70000 2522.60000 2515.00000 2509.90000 2507.90000 2507.30000 2506.30000 2506.00000 2510.00000 2511.50000 2507.90000 2504.00000 2505.40000 2515.60000 2527.80000 2536.60000 2544.30000 2553.20000 2559.90000 2566.30000 2576.70000 2579.70000 2571.10000 2555.40000 2528.50000 2501.10000 2482.20000 2462.90000
2581.00000 2579.60000 2572.50000 2565.40000 2559.90000 2555.40000 2552.00000 2547.80000 2542.80000 2539.30000 2538.40000 2537.00000 2534.90000 2535.10000 2539.00000 2546.70000 2554.80000 2562.50000 2570.20000 2579.70000 2595.20000 2610.80000 2613.50000 2603.50000 2587.80000 2568.70000 2553.20000 2542.40000 2537.40000 2531.20000 2523.80000 2518.90000 2513.30000 2506.70000 2502.00000 2500.40000 2498.20000 2499.50000 2502.70000 2500.40000 2497.40000 2495.20000 2498.90000 2505.50000 2511.90000 2520.60000 2531.20000 2538.40000 2541.40000 2549.60000 2557.90000 2562.20000 2556.60000 2538.30000 2501.10000 2476.50000 2458.10000
2576.10000 2574.00000 2573.00000 2565.60000 2558.10000 2551.50000 2546.20000 2545.60000 2542.30000 2537.50000 2534.90000 2532.70000 2532.10000 2533.90000 2536.00000 2540.80000 2547.50000 2557.20000 2566.10000 2574.70000 2590.20000 2607.80000 2614.90000 2604.40000 2585.80000 2572.70000 2556.40000 2538.80000 2527.60000 2522.60000 2515.90000 2512.60000 2505.70000 2498.60000 2493.10000 2491.40000 2490.60000 2490.40000 2489.90000 2488.80000 2488.10000 2482.20000 2483.90000 2486.20000 2490.90000 2497.00000 2506.90000 2517.00000 2519.00000 2524.90000 2530.80000 2533.60000 2529.20000 2514.20000 2489.10000 2471.70000 2456.80000
2570.00000 2568.80000 2566.20000 2568.50000 2557.40000 2546.70000 2540.70000 2540.10000 2540.10000 2537.00000 2532.80000 2529.00000 2529.10000 2532.20000 2533.10000 2533.90000 2540.00000 2549.90000 2559.40000 2567.30000 2582.80000 2603.60000 2613.90000 2606.20000 2586.80000 2573.90000 2561.80000 2544.70000 2523.30000 2512.90000 2507.30000 2503.20000 2497.20000 2489.60000 2483.20000 2480.70000 2480.10000 2478.40000 2477.00000 2475.70000 2472.40000 2467.60000 2468.30000 2470.20000 2473.50000 2476.90000 2482.40000 2491.50000 2496.70000 2503.40000 2506.80000 2508.90000 2507.40000 2497.00000 2482.60000 2470.30000 2460.10000
2562.70000 2560.20000 2556.60000 2562.10000 2553.80000 2541.60000 2535.80000 2534.90000 2535.60000 2533.60000 2530.00000 2525.60000 2525.10000 2526.90000 2526.70000 2526.00000 2530.20000 2539.00000 2549.30000 2557.10000 2571.50000 2593.50000 2606.10000 2607.00000 2598.60000 2582.10000 2559.30000 2548.00000 2530.90000 2509.10000 2496.50000 2491.20000 2486.30000 2478.20000 2472.30000 2468.90000 2466.00000 2464.40000 2463.70000 2461.10000 2457.70000 2451.10000 2448.60000 2452.00000 2456.00000 2457.70000 2460.70000 2466.80000 2473.50000 2478.80000 2483.40000 2487.20000 2489.90000 2489.10000 2484.50000 2476.10000 2466.00000
2554.40000 2553.30000 2550.40000 2552.60000 2550.20000 2542.30000 2531.10000 2528.60000 2527.60000 2525.20000 2523.30000 2522.10000 2522.00000 2520.90000 2518.90000 2517.50000 2517.70000 2524.30000 2535.90000 2545.50000 2558.30000 2580.50000 2594.10000 2596.40000 2593.40000 2585.10000 2568.70000 2548.80000 2525.70000 2501.40000 2486.30000 2478.50000 2473.70000 2468.00000 2462.10000 2452.50000 2446.60000 2447.80000 2450.30000 2446.10000 2438.00000 2432.30000 2432.90000 2435.80000 2438.50000 2441.30000 2444.10000 2448.20000 2451.70000 2454.10000 2460.00000 2465.50000 2470.70000 2475.40000 2476.20000 2473.10000 2467.20000
2548.10000 2548.40000 2545.30000 2546.10000 2548.40000 2541.10000 2526.80000 2520.60000 2517.60000 2516.50000 2519.10000 2519.10000 2518.60000 2514.70000 2510.90000 2508.00000 2507.10000 2510.40000 2521.30000 2531.40000 2544.80000 2566.60000 2580.70000 2583.10000 2580.90000 2577.00000 2570.50000 2557.00000 2535.30000 2509.70000 2480.30000 2466.10000 2457.10000 2453.80000 2446.60000 2436.50000 2433.40000 2435.60000 2435.50000 2428.60000 2418.20000 2417.90000 2422.80000 2424.30000 2426.00000 2428.60000 2429.70000 2430.50000 2431.20000 2433.30000 2437.30000 2444.40000 2451.00000 2456.90000 2459.40000 2459.20000 2457.80000
2535.10000 2536.00000 2540.40000 2545.60000 2549.60000 2543.20000 2526.40000 2515.00000 2512.00000 2513.80000 2516.40000 2516.70000 2515.50000 2510.80000 2504.20000 2499.90000 2498.30000 2498.70000 2507.70000 2519.40000 2533.10000 2547.60000 2562.50000 2567.70000 2566.40000 2562.40000 2557.40000 2549.30000 2536.40000 2508.00000 2479.00000 2457.80000 2444.90000 2439.20000 2430.20000 2421.80000 2423.40000 2423.90000 2420.40000 2411.00000 2402.60000 2406.90000 2409.30000 2410.70000 2413.60000 2415.90000 2416.00000 2412.10000 2411.00000 2413.30000 2416.00000 2424.10000 2429.50000 2437.30000 2441.00000 2439.30000 2435.90000
2526.20000 2532.60000 2539.10000 2541.80000 2544.50000 2543.70000 2532.90000 2515.30000 2506.60000 2508.10000 2509.90000 2512.10000 2511.20000 2507.10000 2499.10000 2494.30000 2491.40000 2488.60000 2495.10000 2507.20000 2518.80000 2525.60000 2537.70000 2548.30000 2551.10000 2547.40000 2542.50000 2536.80000 2530.20000 2501.20000 2473.10000 2453.40000 2439.70000 2431.20000 2419.30000 2412.10000 2412.80000 2410.30000 2405.00000 2396.80000 2390.10000 2393.90000 2395.50000 2396.00000 2399.80000 2401.10000 2397.30000 2389.20000 2389.00000 2392.50000 2394.80000 2401.70000 2407.40000 2415.70000 2418.10000 2414.70000 2412.30000
2525.60000 2531.80000 2533.20000 2535.00000 2539.30000 2541.80000 2536.70000 2524.20000 2505.40000 2499.10000 2499.80000 2502.50000 2502.50000 2499.70000 2493.30000 2487.90000 2485.00000 2483.60000 2487.70000 2493.70000 2498.80000 2504.20000 2512.70000 2525.80000 2533.30000 2533.20000 2527.60000 2521.00000 2516.10000 2498.90000 2469.30000 2448.70000 2434.40000 2421.30000 2411.00000 2404.10000 2403.10000 2400.20000 2393.20000 2387.90000 2384.60000 2384.90000 2381.80000 2379.60000 2381.20000 2379.90000 2371.70000 2365.20000 2367.00000 2370.20000 2373.30000 2378.30000 2386.00000 2392.90000 2394.20000 2389.60000 2390.10000
2523.70000 2528.20000 2529.50000 2531.70000 2534.20000 2535.50000 2533.80000 2523.80000 2504.50000 2493.80000 2491.40000 2493.40000 2492.10000 2489.20000 2484.20000 2479.80000 2478.10000 2481.30000 2483.10000 2482.10000 2483.10000 2486.90000 2493.10000 2502.30000 2508.90000 2511.40000 2508.30000 2503.30000 2497.00000 2485.80000 2465.80000 2446.40000 2430.80000 2418.70000 2399.20000 2391.10000 2388.10000 2387.00000 2382.10000 2372.20000 2371.30000 2371.80000 2367.00000 2360.70000 2360.70000 2359.30000 2351.70000 2348.70000 2348.10000 2349.40000 2352.50000 2356.90000 2362.50000 2368.10000 2370.20000 2367.70000 2370.00000
2519.70000 2523.60000 2524.40000 2525.30000 2527.60000 2527.10000 2521.60000 2512.90000 2497.60000 2483.20000 2482.00000 2483.20000 2482.40000 2479.00000 2475.00000 2471.80000 2473.00000 2474.10000 2473.20000 2472.90000 2474.70000 2475.60000 2478.40000 2481.20000 2483.20000 2486.20000 2487.20000 2485.80000 2477.30000 2465.30000 2455.90000 2444.30000 2432.50000 2414.00000 2394.00000 2385.20000 2380.60000 2373.90000 2367.40000 2365.90000 2361.50000 2355.00000 2346.60000 2346.00000 2349.20000 2347.10000 2337.80000 2334.90000 2331.30000 2331.40000 2333.40000 2336.50000 2339.30000 2343.10000 2346.10000 2346.40000 2350.80000
2514.80000 2519.10000 2518.80000 2518.30000 2519.90000 2516.80000 2509.70000 2499.60000 2483.00000 2472.90000 2471.40000 2470.80000 2472.40000 2471.40000 2470.80000 2469.30000 2467.20000 2465.80000 2464.40000 2467.50000 2469.60000 2467.00000 2464.70000 2465.20000 2465.60000 2465.30000 2466.50000 2462.40000 2450.90000 2444.60000 2440.80000 2426.00000 2411.80000 2399.90000 2389.30000 2384.20000 2379.90000 2377.20000 2365.80000 2359.90000 2355.10000 2347.80000 2337.60000 2334.00000 2334.40000 2331.30000 2325.50000 2325.70000 2319.80000 2317.30000 2316.70000 2318.30000 2320.60000 2323.30000 2326.50000 2327.80000 2331.80000
2503.60000 2506.30000 2507.10000 2506.00000 2505.50000 2501.60000 2491.80000 2480.50000 2466.50000 2462.50000 2464.10000 2464.00000 2464.90000 2470.10000 2470.90000 2464.70000 2463.10000 2461.60000 2460.90000 2462.30000 2462.60000 2456.00000 2449.30000 2450.50000 2450.90000 2445.80000 2442.30000 2436.80000 2426.50000 2421.30000 2417.00000 2410.50000 2402.70000 2394.50000 2385.60000 2380.80000 2378.10000 2376.80000 2366.20000 2357.60000 2344.10000 2339.50000 2330.70000 2320.30000 2317.90000 2318.80000 2317.90000 2314.70000 2307.50000 2302.80000 2303.00000 2303.40000 2305.10000 2308.00000 2310.60000 2311.40000 2314.30000
2497.60000 2500.30000 2500.30000 2500.50000 2496.30000 2488.60000 2480.70000 2468.80000 2455.60000 2451.00000 2454.20000 2454.70000 2458.00000 2465.60000 2468.80000 2461.00000 2458.10000 2456.00000 2455.50000 2454.10000 2448.40000 2440.60000 2434.70000 2434.20000 2434.60000 2429.80000 2422.90000 2420.60000 2413.50000 2408.50000 2402.40000 2398.00000 2394.00000 2386.10000 2380.40000 2376.80000 2375.40000 2372.20000 2363.20000 2349.10000 2342.30000 2329.80000 2324.70000 2318.60000 2312.90000 2310.80000 2304.30000 2298.10000 2295.20000 2294.50000 2294.20000 2294.40000 2294.60000 2295.90000 2297.80000 2298.00000 2302.20000
2493.90000 2497.30000 2498.10000 2496.90000 2488.90000 2481.70000 2474.80000 2462.80000 2444.70000 2442.70000 2444.20000 2441.50000 2445.10000 2454.70000 2460.50000 2454.60000 2449.80000 2445.90000 2443.20000 2439.20000 2431.90000 2425.20000 2422.20000 2419.60000 2420.50000 2414.50000 2409.00000 2408.10000 2404.30000 2400.90000 2396.00000 2387.80000 2382.50000 2379.10000 2374.50000 2369.10000 2366.00000 2361.60000 2352.20000 2339.50000 2330.70000 2325.00000 2322.60000 2315.50000 2307.10000 2299.40000 2296.80000 2294.00000 2292.30000 2291.60000 2291.00000 2290.40000 2290.10000 2290.30000 2291.10000 2292.20000 2295.30000
