wepppy/nodb/tests/test2/dem/topaz/RELIEF.ARC
ncols   131
nrows   122
xllcorner  746918
yllcorner 4313698
cellsize   30.00
nodata_value     0.0
[rows 25 to 49 of 122, columns 57 to 113 of 131]
2624.20000 2629.50000 2624.80000 2616.20000 2611.00000 2612.70000 2619.70000 2626.50000 2634.40000 2643.20000 2652.50000 2662.50000 2674.60000 2684.70000 2691.40000 2695.30000 2697.30000 2699.50000 2701.50000 2704.40000 2706.20000 2711.00000 2717.60000 2725.10000 2729.30000 2727.50000 2726.10000 2726.20000 2726.80000 2719.80000 2705.00000 2681.10000 2657.80000 2642.70000 2625.30000 2606.40000 2595.90000 2593.70000 2584.50000 2576.40000 2576.90000 2579.30000 2578.30000 2563.70000 2550.20000 2537.00000 2521.40000 2505.70000 2492.10000 2475.40000 2460.10000 2444.10000 2427.30000 2406.70000 2390.60000 2375.50000 2359.90000
2616.30000 2623.10000 2618.70000 2611.20000 2607.40000 2610.90000 2620.60000 2631.50000 2641.60000 2650.70000 2658.50000 2667.90000 2680.00000 2689.90000 2699.00000 2704.40000 2707.90000 2709.70000 2712.20000 2713.20000 2712.30000 2711.50000 2713.70000 2717.70000 2717.90000 2713.50000 2708.10000 2708.70000 2708.70000 2696.00000 2682.80000 2665.50000 2647.90000 2628.30000 2611.30000 2590.90000 2574.80000 2568.70000 2560.80000 2552.70000 2552.10000 2553.90000 2557.30000 2545.60000 2529.00000 2517.30000 2506.90000 2490.00000 2474.10000 2457.60000 2445.40000 2430.30000 2414.70000 2396.40000 2380.30000 2364.60000 2349.00000
2610.40000 2617.00000 2614.00000 2608.20000 2604.40000 2609.50000 2623.00000 2637.40000 2649.20000 2657.80000 2665.50000 2675.10000 2684.60000 2694.70000 2703.30000 2710.70000 2716.50000 2720.60000 2722.40000 2722.70000 2719.00000 2713.30000 2708.80000 2708.80000 2705.90000 2699.10000 2692.70000 2690.70000 2687.50000 2672.90000 2655.20000 2640.50000 2627.00000 2612.40000 2600.70000 2579.30000 2560.00000 2546.80000 2536.80000 2530.50000 2528.90000 2529.50000 2531.10000 2526.10000 2511.50000 2496.50000 2486.00000 2473.50000 2458.60000 2442.00000 2427.30000 2414.00000 2401.50000 2384.30000 2369.50000 2353.70000 2337.40000
2605.60000 2613.10000 2611.90000 2606.20000 2600.60000 2608.30000 2624.30000 2642.00000 2657.10000 2665.60000 2672.60000 2681.60000 2692.10000 2702.80000 2712.10000 2721.20000 2727.70000 2732.30000 2735.00000 2734.80000 2728.50000 2719.90000 2710.10000 2699.40000 2692.20000 2684.40000 2676.50000 2670.60000 2666.10000 2655.50000 2637.90000 2617.80000 2601.50000 2592.40000 2585.40000 2566.30000 2546.20000 2528.40000 2515.50000 2509.20000 2507.20000 2507.00000 2507.20000 2506.00000 2495.40000 2477.60000 2463.90000 2456.20000 2442.80000 2425.70000 2411.60000 2399.10000 2383.80000 2371.20000 2357.90000 2342.50000 2326.10000
2600.80000 2610.10000 2612.20000 2607.70000 2598.80000 2606.10000 2623.10000 2642.80000 2659.60000 2672.30000 2681.70000 2690.40000 2700.30000 2711.00000 2721.40000 2730.90000 2738.40000 2744.90000 2749.00000 2747.00000 2738.60000 2727.30000 2713.50000 2697.60000 2683.60000 2672.00000 2662.30000 2652.50000 2644.00000 2635.40000 2626.30000 2602.50000 2582.10000 2571.60000 2564.90000 2548.00000 2531.60000 2514.20000 2498.80000 2489.10000 2484.60000 2483.40000 2483.40000 2482.40000 2480.80000 2463.30000 2448.20000 2432.50000 2417.70000 2409.20000 2396.70000 2384.00000 2370.20000 2356.80000 2343.70000 2330.90000 2315.70000
2597.40000 2609.00000 2613.50000 2608.80000 2596.90000 2604.00000 2621.00000 2639.70000 2657.90000 2675.40000 2688.80000 2700.70000 2709.80000 2718.60000 2728.20000 2739.20000 2748.60000 2756.90000 2761.50000 2758.60000 2745.70000 2728.10000 2712.50000 2697.20000 2683.50000 2667.80000 2652.80000 2639.30000 2625.30000 2614.20000 2605.50000 2588.30000 2567.00000 2552.30000 2543.60000 2529.90000 2516.60000 2503.60000 2489.00000 2473.10000 2464.10000 2459.90000 2457.30000 2456.20000 2453.50000 2446.10000 2431.20000 2415.80000 2399.90000 2388.70000 2378.50000 2368.30000 2355.30000 2342.00000 2330.60000 2319.00000 2305.90000
2593.10000 2607.00000 2609.50000 2600.00000 2592.30000 2603.10000 2618.00000 2635.20000 2655.80000 2675.20000 2690.70000 2705.80000 2719.60000 2728.40000 2736.30000 2746.70000 2756.70000 2765.60000 2772.20000 2768.90000 2752.40000 2731.20000 2715.20000 2699.80000 2682.60000 2664.10000 2646.70000 2628.60000 2610.70000 2596.30000 2585.40000 2572.50000 2554.40000 2536.90000 2526.10000 2516.70000 2501.40000 2491.30000 2482.50000 2465.00000 2447.00000 2439.30000 2434.40000 2431.50000 2427.60000 2426.00000 2414.90000 2402.90000 2384.50000 2368.90000 2359.10000 2350.90000 2340.50000 2328.30000 2316.00000 2305.60000 2291.70000
2584.60000 2595.60000 2596.50000 2587.10000 2587.10000 2602.20000 2617.70000 2633.30000 2652.30000 2671.40000 2685.70000 2702.60000 2721.50000 2735.90000 2742.20000 2752.10000 2763.20000 2773.10000 2782.00000 2779.60000 2758.10000 2735.40000 2718.60000 2702.70000 2684.30000 2664.40000 2645.50000 2625.00000 2603.60000 2584.60000 2567.40000 2556.40000 2539.50000 2523.00000 2510.20000 2502.70000 2487.60000 2475.10000 2467.80000 2454.00000 2434.10000 2422.70000 2416.60000 2409.40000 2404.60000 2405.10000 2396.40000 2386.40000 2370.20000 2351.90000 2340.80000 2333.00000 2324.60000 2313.10000 2301.80000 2290.90000 2278.20000
2572.10000 2579.30000 2581.80000 2579.50000 2582.50000 2598.30000 2616.40000 2631.70000 2645.50000 2660.80000 2674.70000 2692.30000 2712.60000 2730.60000 2740.60000 2749.20000 2762.00000 2774.90000 2789.00000 2784.50000 2758.10000 2733.80000 2716.60000 2701.80000 2685.60000 2666.50000 2646.90000 2628.80000 2608.10000 2587.50000 2560.40000 2542.40000 2525.70000 2510.30000 2498.00000 2486.80000 2474.50000 2460.20000 2448.20000 2435.70000 2421.60000 2410.40000 2401.10000 2392.50000 2383.00000 2378.40000 2372.50000 2364.30000 2348.10000 2332.50000 2323.10000 2315.10000 2306.30000 2296.50000 2287.00000 2277.20000 2265.50000
2558.50000 2562.20000 2568.60000 2572.80000 2577.40000 2589.60000 2608.10000 2624.40000 2633.30000 2647.30000 2663.50000 2681.60000 2700.50000 2718.30000 2732.50000 2741.70000 2754.70000 2769.40000 2784.10000 2783.00000 2758.30000 2734.40000 2717.10000 2703.70000 2688.20000 2671.50000 2652.20000 2633.90000 2613.70000 2592.80000 2566.20000 2541.90000 2523.50000 2507.60000 2492.90000 2479.90000 2467.50000 2452.40000 2436.40000 2422.60000 2409.70000 2400.20000 2388.90000 2379.40000 2368.40000 2355.70000 2345.10000 2336.70000 2323.10000 2312.60000 2305.20000 2298.40000 2289.90000 2280.80000 2271.50000 2262.30000 2252.20000
2545.50000 2547.70000 2554.30000 2561.10000 2568.10000 2576.80000 2591.90000 2606.00000 2617.70000 2635.80000 2654.80000 2671.30000 2687.90000 2704.10000 2719.80000 2731.70000 2743.60000 2758.60000 2773.20000 2781.80000 2762.60000 2736.80000 2717.20000 2706.20000 2691.90000 2675.10000 2656.00000 2637.10000 2614.00000 2592.60000 2570.10000 2549.90000 2532.00000 2515.00000 2500.00000 2486.90000 2472.80000 2455.80000 2437.50000 2421.70000 2406.00000 2392.40000 2378.70000 2368.70000 2357.60000 2344.70000 2329.80000 2316.10000 2303.40000 2293.40000 2287.20000 2281.70000 2273.20000 2263.60000 2255.30000 2246.30000 2237.50000
2534.90000 2533.80000 2536.70000 2543.90000 2552.90000 2563.10000 2574.50000 2585.80000 2606.40000 2627.60000 2646.20000 2660.10000 2674.80000 2689.40000 2704.70000 2716.90000 2730.80000 2746.90000 2761.50000 2773.80000 2766.80000 2742.20000 2722.00000 2710.40000 2695.90000 2679.00000 2661.50000 2644.20000 2622.90000 2600.10000 2578.50000 2563.30000 2546.90000 2529.10000 2512.40000 2498.60000 2483.20000 2464.80000 2444.20000 2426.10000 2409.00000 2390.40000 2372.70000 2360.10000 2347.70000 2335.50000 2322.50000 2307.30000 2293.80000 2280.40000 2270.70000 2265.00000 2258.10000 2248.10000 2239.20000 2230.00000 2222.20000
2524.70000 2518.40000 2518.50000 2526.40000 2537.50000 2549.80000 2561.20000 2574.40000 2595.00000 2617.90000 2634.40000 2647.80000 2662.00000 2675.40000 2690.10000 2703.90000 2720.70000 2736.80000 2750.40000 2763.90000 2770.40000 2752.50000 2731.30000 2716.50000 2703.20000 2688.30000 2670.70000 2653.30000 2634.60000 2612.70000 2594.00000 2579.60000 2562.00000 2542.80000 2523.40000 2505.50000 2487.50000 2466.80000 2444.90000 2427.10000 2410.00000 2390.60000 2371.70000 2354.00000 2339.00000 2326.80000 2315.40000 2302.40000 2289.50000 2274.10000 2261.30000 2251.40000 2243.90000 2234.70000 2224.70000 2215.50000 2207.10000
2512.20000 2500.90000 2501.30000 2510.20000 2522.10000 2534.60000 2546.80000 2562.50000 2582.00000 2603.50000 2621.20000 2635.70000 2648.70000 2661.90000 2677.80000 2695.30000 2712.50000 2726.10000 2740.50000 2755.60000 2769.60000 2766.70000 2750.30000 2733.40000 2719.40000 2702.20000 2685.10000 2665.20000 2648.80000 2629.40000 2609.60000 2591.00000 2572.70000 2552.70000 2530.90000 2509.30000 2488.40000 2465.50000 2443.80000 2423.80000 2406.10000 2387.60000 2368.40000 2348.50000 2331.40000 2318.30000 2307.30000 2296.80000 2285.30000 2271.80000 2258.40000 2245.70000 2235.50000 2224.90000 2215.30000 2205.10000 2194.60000
2501.10000 2488.30000 2486.70000 2494.60000 2505.80000 2517.80000 2529.60000 2543.60000 2567.70000 2592.40000 2605.40000 2619.20000 2631.50000 2646.80000 2666.10000 2684.40000 2698.40000 2713.30000 2729.70000 2746.10000 2761.80000 2768.00000 2753.70000 2732.70000 2711.50000 2690.20000 2669.60000 2648.60000 2638.00000 2633.20000 2616.50000 2595.20000 2571.60000 2550.90000 2531.00000 2510.60000 2488.00000 2463.30000 2441.10000 2419.30000 2399.90000 2380.60000 2362.30000 2344.20000 2328.90000 2314.20000 2301.10000 2289.60000 2280.60000 2269.50000 2256.40000 2242.30000 2231.60000 2220.50000 2210.00000 2200.40000 2192.00000
2489.40000 2476.60000 2473.30000 2479.20000 2488.40000 2499.60000 2510.70000 2522.50000 2544.80000 2573.40000 2585.00000 2600.30000 2611.50000 2631.70000 2651.60000 2666.30000 2680.40000 2698.70000 2719.00000 2737.70000 2754.80000 2763.70000 2755.40000 2737.10000 2711.60000 2684.60000 2659.10000 2633.40000 2613.50000 2599.40000 2602.80000 2589.00000 2564.40000 2537.40000 2520.10000 2509.00000 2491.10000 2464.20000 2438.20000 2415.50000 2393.80000 2373.50000 2355.60000 2338.90000 2325.60000 2311.70000 2297.80000 2285.70000 2274.00000 2261.90000 2251.40000 2239.60000 2228.10000 2217.30000 2205.60000 2195.10000 2187.70000
2472.30000 2466.10000 2461.60000 2464.00000 2471.90000 2482.20000 2492.90000 2504.50000 2522.40000 2540.50000 2564.30000 2581.90000 2591.10000 2611.70000 2630.50000 2648.10000 2666.20000 2689.70000 2714.70000 2734.70000 2747.40000 2757.00000 2760.20000 2742.70000 2719.80000 2694.50000 2671.00000 2650.30000 2617.00000 2585.60000 2563.30000 2548.50000 2533.90000 2518.20000 2502.80000 2493.90000 2490.00000 2466.80000 2434.90000 2411.50000 2390.80000 2370.40000 2349.80000 2331.40000 2317.90000 2304.30000 2290.30000 2277.80000 2264.40000 2252.60000 2239.30000 2229.20000 2219.60000 2210.30000 2199.60000 2189.00000 2181.20000
2460.60000 2456.20000 2450.40000 2450.40000 2456.20000 2464.80000 2475.40000 2486.00000 2500.00000 2519.70000 2545.60000 2560.20000 2571.90000 2590.90000 2609.70000 2638.20000 2657.00000 2677.80000 2711.90000 2731.70000 2736.60000 2737.60000 2740.90000 2729.50000 2719.20000 2702.50000 2684.10000 2645.60000 2614.20000 2588.00000 2558.30000 2537.00000 2520.60000 2502.60000 2484.20000 2472.80000 2473.50000 2459.00000 2426.90000 2403.70000 2385.70000 2366.20000 2344.10000 2325.50000 2310.50000 2296.20000 2281.50000 2268.50000 2255.70000 2241.60000 2226.60000 2216.60000 2209.70000 2200.70000 2191.30000 2181.30000 2173.70000
2449.80000 2447.10000 2439.90000 2436.60000 2440.40000 2447.90000 2457.70000 2470.30000 2484.60000 2504.00000 2525.10000 2540.40000 2557.70000 2576.30000 2594.20000 2625.20000 2643.80000 2660.40000 2694.80000 2721.90000 2724.70000 2713.80000 2704.60000 2703.30000 2709.80000 2695.40000 2668.80000 2641.80000 2614.10000 2589.60000 2569.40000 2551.40000 2527.40000 2503.30000 2476.40000 2454.70000 2440.40000 2428.00000 2410.50000 2393.50000 2378.50000 2362.90000 2338.10000 2319.20000 2303.00000 2289.30000 2276.10000 2263.40000 2250.20000 2235.70000 2220.40000 2207.40000 2198.70000 2190.70000 2181.10000 2172.80000 2167.00000
2435.70000 2435.00000 2428.00000 2419.70000 2423.60000 2431.00000 2439.40000 2452.30000 2468.90000 2487.50000 2504.50000 2524.60000 2546.00000 2562.70000 2578.00000 2602.70000 2625.30000 2641.90000 2671.00000 2709.20000 2713.60000 2694.20000 2678.10000 2669.30000 2676.90000 2667.40000 2651.50000 2633.20000 2621.70000 2609.20000 2591.30000 2569.70000 2541.10000 2513.50000 2486.20000 2458.90000 2433.90000 2414.40000 2397.70000 2380.90000 2366.40000 2355.90000 2334.90000 2315.00000 2297.10000 2282.80000 2270.70000 2258.70000 2246.10000 2234.60000 2220.30000 2207.00000 2194.90000 2182.80000 2173.00000 2167.10000 2165.10000
2422.50000 2421.50000 2409.70000 2405.30000 2407.70000 2414.90000 2423.50000 2437.40000 2454.40000 2472.30000 2487.70000 2509.10000 2531.50000 2547.30000 2560.60000 2579.80000 2605.80000 2625.00000 2654.90000 2704.70000 2711.40000 2693.00000 2664.90000 2637.90000 2632.00000 2630.50000 2622.50000 2618.30000 2607.60000 2597.10000 2589.00000 2570.50000 2550.10000 2529.40000 2502.30000 2466.90000 2437.60000 2415.20000 2393.20000 2372.80000 2356.20000 2344.00000 2325.50000 2307.30000 2291.20000 2277.40000 2266.00000 2256.40000 2245.70000 2235.50000 2223.00000 2209.10000 2194.50000 2181.00000 2170.90000 2166.60000 2161.60000
2414.30000 2412.20000 2398.10000 2392.80000 2395.70000 2401.40000 2410.90000 2424.70000 2440.20000 2457.20000 2470.40000 2492.40000 2516.70000 2531.30000 2543.80000 2561.20000 2588.10000 2619.00000 2650.20000 2693.60000 2706.70000 2691.40000 2658.60000 2630.10000 2605.90000 2598.60000 2588.80000 2589.10000 2578.80000 2566.40000 2564.70000 2552.20000 2539.10000 2520.20000 2482.40000 2459.40000 2440.30000 2415.10000 2392.80000 2371.40000 2352.60000 2336.50000 2317.00000 2297.70000 2283.90000 2272.50000 2261.10000 2252.80000 2244.20000 2234.10000 2221.10000 2207.10000 2192.40000 2178.20000 2167.20000 2160.60000 2151.10000
2406.70000 2396.90000 2390.10000 2389.10000 2389.50000 2392.90000 2400.80000 2409.90000 2424.50000 2438.80000 2453.90000 2477.60000 2501.10000 2517.10000 2529.90000 2548.50000 2573.20000 2604.30000 2635.70000 2671.50000 2693.60000 2685.40000 2656.70000 2625.80000 2596.30000 2575.20000 2559.60000 2558.40000 2555.70000 2537.40000 2541.00000 2539.00000 2513.00000 2498.00000 2482.20000 2458.60000 2427.50000 2409.50000 2395.50000 2371.70000 2348.80000 2332.20000 2314.70000 2295.80000 2276.70000 2265.60000 2254.70000 2243.60000 2233.60000 2224.00000 2211.90000 2199.40000 2184.80000 2169.60000 2157.60000 2148.40000 2138.40000
2402.20000 2397.70000 2389.20000 2388.20000 2388.20000 2388.60000 2392.60000 2396.70000 2408.20000 2421.70000 2441.10000 2462.20000 2483.70000 2502.60000 2520.40000 2539.70000 2560.40000 2579.80000 2611.30000 2644.70000 2676.50000 2683.20000 2667.50000 2620.20000 2586.90000 2562.80000 2542.70000 2530.60000 2523.60000 2507.30000 2522.90000 2511.50000 2494.00000 2471.60000 2466.20000 2449.80000 2422.40000 2403.90000 2385.40000 2364.00000 2342.10000 2325.10000 2308.40000 2291.00000 2271.20000 2256.80000 2246.20000 2233.90000 2221.10000 2210.70000 2199.20000 2185.30000 2171.10000 2159.00000 2147.70000 2138.40000 2129.40000
2398.80000 2393.90000 2389.20000 2387.50000 2387.20000 2386.70000 2388.40000 2391.20000 2401.60000 2412.30000 2428.50000 2451.40000 2472.10000 2491.70000 2511.80000 2530.30000 2551.00000 2569.40000 2597.10000 2626.30000 2666.90000 2678.90000 2661.60000 2619.80000 2592.20000 2568.00000 2538.80000 2515.00000 2498.80000 2484.30000 2484.30000 2491.40000 2472.90000 2455.40000 2441.70000 2435.70000 2413.60000 2399.30000 2382.60000 2363.70000 2340.50000 2317.80000 2300.00000 2282.30000 2266.10000 2248.10000 2236.00000 2223.60000 2209.90000 2197.20000 2183.40000 2166.30000 2155.70000 2148.20000 2138.40000 2129.60000 2121.10000
