wepppy/nodb/tests/test2/dem/topaz/RELIEF.ARC
ncols   131
nrows   122
xllcorner  746918
yllcorner 4313698
cellsize   30.00
nodata_value     0.0
[rows 25 to 49 of 122, columns 0 to 56 of 131]
2557.20000 2565.40000 2574.10000 2583.80000 2593.40000 2603.80000 2612.60000 2618.80000 2623.90000 2627.40000 2628.20000 2628.70000 2630.00000 2631.20000 2632.20000 2633.00000 2635.80000 2640.70000 2645.90000 2651.20000 2658.80000 2666.30000 2675.40000 2685.40000 2693.10000 2697.20000 2697.70000 2696.80000 2696.80000 2697.10000 2687.20000 2668.90000 2651.50000 2632.30000 2609.00000 2585.00000 2562.30000 2551.40000 2550.60000 2541.20000 2533.60000 2535.80000 2534.30000 2525.50000 2516.40000 2512.50000 2516.20000 2522.20000 2528.30000 2535.20000 2543.70000 2558.10000 2570.10000 2580.30000 2591.90000 2603.30000 2614.40000
2555.90000 2563.50000 2570.60000 2578.30000 2586.80000 2595.70000 2605.80000 2614.00000 2620.10000 2623.20000 2625.30000 2626.20000 2627.30000 2627.90000 2627.90000 2630.00000 2633.20000 2638.50000 2644.10000 2650.20000 2658.70000 2666.70000 2675.40000 2685.40000 2694.80000 2700.20000 2699.20000 2697.10000 2691.40000 2685.40000 2674.40000 2657.60000 2638.20000 2618.40000 2600.90000 2578.70000 2558.30000 2541.00000 2537.20000 2533.00000 2522.10000 2518.70000 2521.90000 2520.00000 2510.30000 2505.80000 2509.30000 2515.20000 2522.40000 2529.00000 2536.70000 2547.30000 2557.90000 2570.60000 2582.00000 2591.60000 2603.50000
2551.90000 2560.50000 2569.00000 2577.20000 2585.30000 2592.20000 2602.10000 2612.10000 2619.10000 2622.20000 2624.00000 2624.30000 2625.20000 2625.40000 2626.20000 2628.40000 2632.30000 2637.20000 2643.60000 2650.40000 2658.90000 2667.00000 2675.00000 2685.30000 2695.60000 2701.10000 2698.60000 2694.00000 2684.30000 2671.10000 2664.30000 2653.90000 2633.30000 2616.30000 2605.00000 2584.40000 2554.90000 2529.80000 2524.00000 2518.70000 2514.80000 2511.00000 2506.60000 2505.00000 2501.10000 2498.20000 2503.30000 2510.90000 2518.60000 2524.20000 2529.90000 2538.50000 2547.40000 2559.00000 2569.70000 2581.20000 2595.30000
2548.30000 2556.90000 2567.40000 2577.40000 2587.00000 2594.20000 2602.50000 2612.40000 2620.20000 2622.70000 2623.30000 2622.90000 2622.80000 2623.80000 2624.20000 2625.50000 2629.40000 2635.60000 2641.90000 2649.50000 2658.20000 2667.40000 2676.30000 2688.00000 2697.30000 2701.40000 2698.10000 2690.70000 2680.80000 2665.40000 2661.70000 2653.70000 2632.70000 2617.30000 2601.20000 2573.00000 2542.80000 2532.90000 2524.00000 2511.30000 2507.30000 2507.10000 2500.60000 2493.00000 2490.90000 2493.60000 2499.50000 2507.10000 2514.50000 2519.90000 2524.20000 2531.80000 2541.10000 2551.60000 2562.10000 2574.40000 2589.60000
2549.30000 2558.40000 2567.50000 2577.00000 2588.90000 2599.60000 2608.10000 2616.10000 2621.80000 2622.30000 2621.70000 2620.90000 2618.00000 2618.60000 2619.10000 2621.20000 2626.60000 2632.10000 2637.00000 2645.20000 2656.50000 2668.00000 2678.50000 2690.10000 2696.80000 2699.90000 2697.30000 2688.90000 2677.30000 2667.70000 2661.10000 2645.50000 2625.90000 2608.20000 2586.30000 2553.50000 2536.00000 2528.70000 2517.80000 2507.60000 2503.50000 2498.70000 2492.40000 2489.90000 2489.60000 2490.80000 2495.90000 2503.10000 2509.50000 2514.90000 2520.60000 2528.50000 2537.20000 2548.00000 2559.70000 2570.50000 2585.30000
2550.60000 2560.60000 2569.50000 2578.70000 2589.30000 2599.50000 2607.30000 2612.80000 2614.50000 2613.20000 2611.90000 2610.90000 2608.80000 2612.00000 2615.60000 2621.30000 2628.30000 2633.60000 2637.20000 2645.20000 2656.70000 2667.80000 2677.40000 2687.30000 2692.40000 2696.80000 2695.80000 2683.40000 2673.20000 2668.80000 2654.30000 2634.30000 2614.90000 2592.10000 2569.80000 2551.80000 2543.90000 2534.60000 2519.40000 2505.90000 2498.40000 2491.60000 2487.30000 2488.30000 2488.70000 2490.10000 2494.00000 2499.80000 2503.60000 2510.10000 2517.20000 2526.00000 2535.00000 2543.80000 2556.30000 2567.60000 2581.20000
2547.80000 2558.50000 2568.50000 2578.60000 2587.80000 2594.60000 2600.30000 2605.70000 2605.70000 2604.90000 2605.20000 2605.20002 2605.50000 2606.90000 2610.10000 2617.20000 2627.00000 2635.00000 2640.70000 2648.40000 2657.90000 2667.30000 2675.40000 2683.80000 2689.10000 2694.40000 2691.00000 2676.80000 2667.30000 2662.00000 2645.90000 2626.60000 2605.30000 2580.90000 2565.00000 2553.60000 2547.60000 2535.40000 2513.10000 2499.00000 2493.60000 2488.60000 2487.00000 2486.50000 2486.60000 2488.70000 2493.80000 2496.40000 2498.20000 2504.80000 2513.40000 2522.20000 2531.40000 2540.40000 2552.60000 2564.00000 2576.30000
2547.60000 2557.50000 2566.20000 2577.40000 2587.80000 2594.00000 2596.80000 2601.60000 2604.10000 2605.00000 2605.40000 2605.20002 2605.60000 2605.90000 2606.60000 2609.20000 2617.50000 2628.60000 2638.30000 2647.90000 2657.70000 2667.80000 2676.10000 2685.00000 2689.30000 2689.50000 2683.60000 2674.80000 2661.80000 2653.50000 2640.40000 2622.50000 2601.80000 2576.60000 2556.20000 2548.40000 2540.80000 2524.30000 2504.50000 2493.20000 2489.00000 2487.10000 2486.50000 2486.40002 2486.50000 2488.10000 2490.90000 2492.50000 2495.60000 2499.80000 2508.30000 2517.30000 2526.30000 2537.40000 2549.60000 2561.30000 2571.90000
2553.10000 2561.50000 2570.00000 2581.00000 2590.50000 2597.40000 2601.60000 2602.80000 2604.90000 2606.00000 2606.10000 2605.50000 2605.60000 2605.80000 2606.40000 2607.40000 2613.60000 2623.40000 2633.80000 2645.80000 2657.00000 2668.10000 2678.50000 2688.80000 2691.20000 2687.70000 2680.00000 2670.90000 2657.70000 2645.40000 2632.60000 2618.70000 2598.90000 2570.50000 2543.50000 2541.00000 2530.30000 2513.90000 2495.80000 2490.10000 2488.70000 2487.70000 2486.40004 2486.40002 2486.40000 2487.30000 2490.40000 2493.10000 2494.60000 2497.90000 2504.60000 2513.60000 2523.40000 2534.70000 2548.00000 2560.10000 2565.60000
2561.70000 2571.10000 2581.10000 2592.40000 2600.90000 2607.40000 2609.70000 2606.20000 2603.30000 2604.50000 2604.00000 2603.50000 2603.50000 2603.50000 2603.40000 2603.40002 2608.10000 2616.20000 2624.90000 2636.20000 2652.10000 2667.80000 2682.60000 2692.80000 2692.00000 2683.80000 2675.00000 2663.70000 2651.70000 2635.60000 2618.60000 2604.20000 2582.10000 2554.10000 2535.10000 2529.80000 2517.90000 2502.70000 2491.80000 2490.00000 2489.30000 2488.00000 2486.70000 2487.20000 2488.60000 2486.20000 2486.80000 2489.40000 2492.70000 2497.60000 2506.50000 2513.20000 2524.00000 2533.70000 2545.50000 2554.60000 2557.70000
2570.90000 2583.50000 2596.10000 2607.90000 2616.60000 2619.50000 2615.90000 2608.40000 2604.50000 2603.30002 2603.70000 2603.30006 2603.30008 2603.30010 2604.50000 2607.50000 2610.60000 2614.10000 2622.10000 2632.50000 2647.60000 2665.70000 2683.00000 2691.70000 2688.00000 2677.30000 2668.40000 2659.80000 2648.30000 2628.00000 2608.30000 2594.00000 2572.90000 2544.30000 2528.50000 2521.60000 2509.20000 2496.50000 2491.10000 2490.30000 2489.50000 2489.90000 2489.40000 2490.10000 2488.60000 2486.60000 2485.10004 2486.10000 2490.10000 2498.80000 2506.00000 2513.70000 2524.40000 2534.80000 2542.10000 2547.20000 2549.40000
2580.40000 2597.50000 2611.70000 2621.80000 2627.60000 2627.30000 2620.80000 2611.40000 2604.90000 2603.50000 2603.30004 2603.30006 2603.30008 2605.30000 2607.80000 2610.40000 2612.50000 2615.30000 2622.60000 2631.90000 2649.80000 2665.10000 2683.10000 2691.40000 2685.20000 2672.20000 2663.10000 2656.50000 2642.90000 2620.20000 2605.20000 2594.50000 2578.30000 2546.90000 2526.40000 2519.60000 2508.20000 2497.90000 2492.80000 2491.60000 2490.10000 2495.20000 2496.20000 2493.10000 2489.30000 2486.90000 2486.00000 2485.10002 2487.20000 2495.70000 2503.50000 2510.20000 2521.70000 2530.40000 2539.00000 2541.40000 2538.70000
2591.90000 2611.30000 2625.00000 2632.30000 2634.80000 2633.80000 2627.40000 2616.20000 2605.30000 2603.30006 2603.30006 2603.30006 2603.40000 2607.50000 2615.20000 2616.20000 2617.50000 2621.60000 2628.50000 2635.20000 2653.20000 2669.40000 2688.90000 2698.60000 2692.90000 2678.60000 2660.60000 2650.60000 2634.40000 2616.80000 2605.70000 2591.00000 2571.40000 2545.00000 2529.20000 2522.10000 2511.40000 2500.80000 2496.80000 2494.70000 2490.10000 2492.80000 2497.90000 2495.10000 2491.60000 2488.60000 2485.90000 2485.10000 2487.60000 2489.10000 2493.60000 2505.70000 2517.90000 2529.50000 2537.70000 2539.00000 2531.30000
2603.70000 2621.60000 2633.90000 2639.40000 2641.30000 2640.90000 2636.40000 2622.70000 2609.60000 2606.00000 2604.40000 2608.40000 2608.70000 2611.40000 2621.50000 2623.10000 2627.80000 2634.70000 2638.70000 2641.80000 2656.90000 2675.10000 2696.30000 2703.40000 2695.70000 2679.00000 2661.80000 2649.60000 2634.40000 2619.40000 2606.40000 2585.60000 2562.60000 2543.50000 2532.80000 2526.40000 2514.60000 2501.50000 2496.20000 2492.80000 2488.40000 2491.30000 2496.70000 2498.90000 2494.90000 2487.00000 2482.70000 2487.20000 2488.70000 2482.50000 2489.40000 2500.30000 2514.50000 2530.10000 2540.50000 2537.10000 2524.00000
2611.60000 2628.20000 2639.80000 2645.30000 2647.80000 2647.90000 2643.10000 2630.50000 2617.00000 2612.30000 2613.20000 2616.90000 2623.00000 2625.50000 2625.80000 2632.20000 2641.00000 2646.10000 2651.00000 2651.20000 2664.30000 2680.70000 2704.70000 2708.20000 2700.50000 2683.60000 2664.70000 2650.10000 2631.90000 2609.80000 2594.10000 2578.60000 2564.20000 2550.60000 2541.20000 2532.20000 2518.10000 2501.10000 2492.50000 2489.00000 2487.00000 2490.50000 2495.40000 2496.10000 2490.90000 2482.10000 2478.60000 2486.40000 2487.60000 2478.20000 2479.10000 2491.80000 2508.20000 2524.70000 2535.80000 2535.00000 2518.30000
2616.30000 2633.20000 2645.20000 2651.40000 2655.70000 2656.40000 2649.60000 2639.10000 2628.10000 2625.00000 2626.00000 2628.20000 2634.80000 2637.60000 2637.60000 2642.20000 2652.20000 2659.40000 2659.50000 2663.30000 2674.40000 2692.50000 2709.10000 2708.90000 2702.20000 2683.10000 2664.60000 2650.30000 2629.60000 2606.70000 2592.20000 2580.10000 2567.80000 2558.00000 2550.70000 2537.00000 2521.50000 2502.20000 2490.40000 2487.50000 2486.90000 2488.20000 2489.70000 2486.30000 2479.80000 2472.60000 2472.30000 2479.10000 2476.50000 2469.10000 2471.60000 2480.70000 2496.50000 2508.60000 2521.20000 2522.80000 2506.70000
2620.20000 2638.80000 2650.20000 2657.20000 2665.40000 2667.10000 2659.30000 2650.50000 2641.00000 2637.50000 2637.60000 2638.70000 2642.60000 2645.20000 2645.40000 2650.50000 2659.50000 2667.10000 2668.10000 2675.50000 2684.60000 2699.80000 2705.90000 2702.60000 2693.80000 2678.50000 2663.90000 2651.70000 2633.00000 2613.80000 2603.70000 2590.50000 2578.60000 2567.50000 2555.30000 2538.30000 2524.10000 2506.80000 2492.10000 2485.60000 2484.90000 2483.30000 2483.30000 2476.00000 2465.90000 2460.10000 2464.50000 2465.90000 2460.00000 2454.30000 2461.50000 2477.20000 2484.10000 2486.20000 2490.80000 2487.80000 2479.70000
2625.10000 2644.60000 2655.20000 2664.80000 2676.00000 2677.90000 2672.00000 2663.10000 2653.70000 2649.60000 2648.60000 2649.10000 2651.90000 2654.40000 2655.90000 2656.20000 2663.70000 2673.90000 2678.50000 2684.10000 2692.30000 2700.30000 2696.80000 2690.90000 2684.90000 2672.80000 2661.80000 2653.00000 2641.80000 2630.80000 2624.20000 2607.80000 2593.40000 2579.50000 2564.70000 2545.60000 2531.80000 2513.60000 2494.20000 2482.50000 2481.10000 2477.90000 2477.40000 2473.40000 2460.80000 2453.50000 2456.00000 2453.60000 2445.10000 2444.50000 2455.10000 2473.20000 2473.70000 2467.50000 2464.70000 2460.10000 2459.60000
2631.90000 2652.80000 2662.90000 2674.40000 2684.50000 2687.60000 2685.80000 2676.80000 2665.80000 2660.40000 2658.90000 2659.20000 2660.60000 2664.40000 2668.00000 2667.50000 2670.50000 2678.90000 2688.00000 2692.90000 2693.60000 2689.60000 2685.10000 2682.10000 2675.10000 2666.20000 2657.90000 2654.90000 2653.60000 2653.60000 2642.60000 2626.40000 2610.30000 2593.30000 2577.90000 2561.60000 2545.70000 2520.60000 2494.50000 2480.00000 2476.50000 2470.00000 2468.00000 2467.70000 2455.70000 2448.40000 2446.40000 2445.00000 2441.10000 2441.20000 2448.50000 2455.10000 2455.50000 2456.10000 2455.00000 2451.70000 2449.30000
2641.50000 2664.60000 2674.40000 2684.20000 2690.50000 2696.10000 2697.60000 2690.20000 2679.10000 2670.40000 2667.60000 2669.40000 2669.60000 2672.40000 2677.30000 2679.50000 2683.20000 2688.20000 2695.20000 2695.40000 2692.00000 2684.80000 2679.30000 2674.10000 2668.80000 2664.50000 2660.60000 2661.40000 2665.30000 2665.40000 2654.70000 2638.80000 2624.70000 2608.40000 2589.50000 2576.00000 2558.90000 2527.40000 2497.50000 2479.80000 2470.90000 2462.20000 2458.20000 2454.60000 2446.70000 2443.80000 2441.50000 2440.70000 2439.80000 2440.00000 2442.30000 2445.00000 2444.90000 2445.40000 2443.40000 2439.80000 2436.90000
2648.10000 2673.30000 2686.00000 2696.90000 2699.30000 2703.50000 2705.90000 2701.80000 2691.30000 2681.10000 2676.70000 2679.60000 2680.70000 2680.60000 2685.70000 2690.80000 2695.00000 2697.10000 2698.80000 2693.70000 2686.20000 2679.60000 2673.80000 2669.10000 2666.00000 2662.60000 2661.20000 2667.70000 2677.10000 2679.90000 2667.40000 2649.50000 2635.40000 2621.10000 2604.00000 2589.90000 2569.70000 2535.30000 2503.30000 2481.80000 2466.40000 2456.30000 2450.90000 2444.80000 2441.30000 2440.90000 2439.90000 2438.90000 2438.90000 2438.80000 2439.10000 2438.10000 2437.60000 2437.90000 2434.70000 2427.30000 2422.20000
2652.50000 2679.80000 2694.30000 2705.50000 2709.00000 2711.50000 2713.50000 2713.10000 2702.10000 2692.40000 2688.80000 2690.00000 2689.80000 2689.30000 2694.00000 2701.20000 2705.40000 2707.40000 2703.30000 2694.50000 2686.00000 2677.60000 2669.50000 2664.60000 2662.20000 2658.40000 2659.30000 2669.00000 2679.10000 2686.00000 2677.80000 2658.00000 2644.10000 2627.30000 2613.10000 2598.70000 2575.70000 2543.60000 2508.00000 2482.90000 2464.30000 2453.30000 2447.30000 2441.70000 2440.00000 2439.20000 2438.70000 2438.30002 2438.30000 2437.50000 2433.90000 2431.30000 2427.10000 2428.50000 2421.00000 2413.70000 2412.40000
2662.60000 2688.90000 2699.30000 2709.60000 2715.50000 2720.50000 2724.50000 2724.10000 2713.90000 2704.70000 2701.70000 2700.80000 2699.50000 2698.80000 2701.70000 2707.00000 2713.30000 2713.10000 2702.50000 2693.10000 2685.00000 2675.20000 2667.10000 2661.40000 2657.30000 2655.00000 2657.80000 2667.80000 2678.90000 2685.40000 2671.40000 2653.20000 2640.90000 2625.80000 2613.40000 2597.90000 2578.00000 2548.10000 2512.10000 2484.60000 2464.90000 2454.50000 2447.80000 2441.30000 2439.60000 2438.50000 2438.30004 2438.90000 2440.80000 2439.40000 2434.50000 2425.90000 2420.60000 2416.00000 2408.90000 2407.70000 2409.50000
2669.80000 2695.50000 2707.60000 2716.30000 2724.80000 2733.50000 2737.30000 2735.40000 2727.20000 2718.10000 2713.80000 2711.80000 2709.80000 2708.40000 2709.80000 2713.10000 2714.30000 2708.20000 2696.70000 2687.50000 2679.20000 2672.30000 2665.60000 2659.10000 2654.30000 2652.30000 2655.80000 2665.00000 2677.20000 2682.00000 2665.10000 2645.40000 2633.70000 2619.90000 2605.70000 2591.20000 2574.20000 2550.70000 2520.00000 2492.20000 2471.10000 2459.30000 2450.50000 2441.90000 2439.40000 2438.30006 2438.50000 2443.40000 2446.10000 2445.30000 2440.20000 2430.70000 2420.40000 2412.80000 2407.10000 2405.60000 2405.60000
2670.70000 2691.70000 2716.50000 2728.60000 2737.20000 2743.90000 2747.10000 2746.20000 2741.20000 2733.70000 2728.50000 2725.40000 2720.90000 2719.00000 2717.90000 2717.20000 2710.80000 2700.60000 2689.30000 2680.00000 2674.40000 2669.90000 2663.50000 2657.10000 2651.20000 2648.10000 2650.60000 2660.00000 2672.50000 2679.90000 2665.60000 2641.60000 2628.10000 2614.90000 2595.80000 2583.00000 2572.40000 2554.60000 2529.70000 2505.30000 2480.60000 2466.90000 2452.80000 2443.60000 2439.60000 2438.50000 2439.80000 2450.30000 2454.10000 2453.40000 2448.30000 2439.70000 2429.60000 2422.10000 2411.00000 2401.00000 2401.00000
