wepppy/nodb/tests/test2/dem/topaz/RELIEF.ARC
ncols   131
nrows   122
xllcorner  746918
yllcorner 4313698
cellsize   30.00
nodata_value     0.0
[rows 75 to 99 of 122, columns 57 to 113 of 131]
2431.00000 2414.50000 2393.50000 2371.10000 2352.50000 2334.80000 2320.20000 2312.60000 2305.10000 2300.10000 2294.30000 2290.30000 2287.10000 2280.00000 2271.00000 2265.00000 2258.70000 2246.70000 2231.00000 2216.70000 2201.50000 2185.60000 2172.80000 2161.60000 2136.30000 2115.60000 2097.40000 2091.30000 2090.00000 2089.00000 2091.10000 2089.00000 2086.70000 2085.70002 2091.40000 2090.00000 2087.10000 2086.20000 2080.90000 2074.50000 2065.30000 2054.00000 2052.20000 2052.00000 2056.80000 2065.80000 2076.30000 2090.30000 2106.50000 2128.40000 2136.60000 2142.80000 2146.30000 2140.60000 2130.70000 2121.90000 2115.20000
2442.00000 2420.80000 2399.70000 2376.60000 2357.30000 2340.70000 2326.20000 2313.60000 2304.70000 2298.90000 2290.80000 2281.10000 2273.60000 2265.30000 2257.60000 2254.40000 2246.90000 2232.30000 2215.80000 2198.90000 2181.30000 2168.20000 2160.00000 2142.80000 2120.00000 2101.40000 2091.90000 2089.90000 2089.00000 2088.30000 2087.90000 2087.00000 2085.70004 2088.00000 2094.10000 2093.60000 2089.20000 2087.50000 2083.70000 2078.90000 2074.90000 2068.70000 2064.60000 2065.90000 2072.30000 2080.80000 2091.20000 2107.50000 2130.90000 2155.10000 2158.10000 2161.70000 2165.50000 2162.70000 2147.30000 2128.70000 2119.60000
2445.80000 2424.90000 2404.40000 2383.70000 2363.80000 2346.90000 2330.70000 2317.20000 2309.60000 2303.30000 2292.40000 2280.30000 2266.30000 2256.80000 2250.80000 2249.80000 2238.00000 2221.50000 2203.50000 2184.60000 2166.70000 2156.40000 2144.40000 2124.10000 2108.30000 2100.80000 2094.80000 2090.00000 2088.70000 2088.20000 2087.40000 2086.40000 2085.70006 2091.90000 2104.40000 2107.10000 2102.40000 2098.20000 2092.10000 2085.10000 2078.90000 2076.20000 2073.90000 2077.40000 2086.30000 2097.30000 2110.40000 2131.80000 2151.80000 2177.20000 2182.30000 2178.40000 2176.90000 2174.90000 2166.60000 2143.70000 2123.70000
2444.40000 2424.40000 2405.30000 2385.90000 2367.20000 2350.90000 2333.90000 2321.20000 2314.80000 2309.40000 2297.60000 2281.80000 2264.30000 2250.80000 2244.80000 2246.90000 2236.60000 2216.20000 2194.10000 2175.90000 2157.50000 2145.50000 2133.50000 2119.50000 2109.90000 2103.80000 2096.60000 2092.20000 2088.50000 2087.70000 2086.90000 2085.70008 2087.40000 2098.80000 2109.70000 2116.30000 2122.20000 2117.60000 2111.10000 2098.60000 2088.80000 2085.70000 2090.00000 2095.20000 2103.00000 2115.50000 2132.20000 2157.60000 2175.70000 2196.00000 2204.00000 2199.50000 2190.30000 2181.20000 2174.20000 2158.60000 2133.40000
2441.40000 2423.90000 2407.00000 2388.20000 2369.10000 2353.00000 2337.10000 2323.60000 2317.30000 2311.50000 2299.00000 2280.90000 2263.20000 2244.20000 2233.30000 2234.00000 2227.80000 2208.50000 2183.60000 2163.00000 2149.40000 2140.20000 2130.80000 2121.70000 2114.60000 2106.30000 2097.00000 2090.00000 2087.80000 2087.10000 2086.60000 2086.20000 2095.70000 2106.50000 2118.10000 2128.00000 2142.80000 2136.80000 2128.10000 2119.00000 2107.70000 2101.80000 2115.70000 2125.20000 2127.80000 2134.10000 2150.40000 2173.10000 2197.20000 2212.00000 2218.50000 2214.20000 2201.50000 2188.00000 2177.00000 2164.80000 2145.60000
2433.90000 2422.70000 2406.60000 2388.00000 2369.70000 2353.20000 2338.00000 2324.90000 2319.40000 2312.10000 2299.60000 2281.30000 2261.30000 2241.00000 2225.00000 2213.50000 2205.90000 2192.20000 2167.90000 2151.90000 2143.20000 2136.50000 2129.30000 2122.30000 2116.10000 2105.50000 2095.20000 2089.00000 2087.60000 2086.80000 2086.20002 2086.30000 2095.40000 2112.00000 2124.90000 2142.20000 2156.10000 2154.30000 2143.40000 2135.00000 2124.60000 2122.80000 2140.80000 2155.80000 2156.30000 2153.70000 2166.70000 2185.10000 2208.60000 2223.30000 2227.70000 2219.60000 2208.20000 2194.50000 2178.90000 2166.20000 2151.40000
2439.20000 2422.90000 2405.60000 2388.30000 2370.50000 2351.80000 2335.60000 2326.90000 2322.80000 2315.80000 2303.00000 2282.80000 2260.60000 2241.50000 2225.00000 2203.10000 2186.20000 2173.30000 2158.70000 2149.80000 2141.60000 2132.40000 2127.10000 2122.20000 2115.30000 2103.60000 2097.70000 2091.70000 2087.80000 2087.10000 2086.40000 2087.20000 2097.30000 2111.60000 2130.00000 2152.90000 2163.60000 2160.50000 2158.40000 2155.90000 2140.70000 2148.60000 2167.30000 2175.10000 2179.90000 2177.90000 2184.90000 2198.90000 2216.30000 2231.50000 2236.20000 2226.20000 2212.90000 2200.40000 2187.00000 2178.10000 2168.80000
2442.20000 2424.90000 2409.70000 2390.50000 2370.20000 2351.30000 2338.40000 2333.60000 2328.70000 2324.70000 2313.70000 2290.70000 2262.80000 2242.90000 2225.60000 2203.00000 2176.70000 2160.30000 2154.30000 2148.10000 2138.30000 2127.80000 2124.30000 2122.70000 2116.50000 2112.30000 2107.80000 2098.60000 2090.90000 2088.40000 2088.40000 2091.20000 2099.90000 2114.80000 2135.90000 2156.20000 2166.90000 2166.00000 2166.30000 2161.50000 2154.50000 2172.70000 2187.00000 2193.00000 2198.60000 2199.40000 2202.50000 2209.60000 2222.70000 2237.60000 2243.90000 2237.50000 2223.40000 2210.60000 2200.10000 2193.20000 2183.90000
2444.60000 2426.60000 2410.40000 2392.80000 2373.80000 2355.50000 2345.90000 2342.90000 2340.30000 2337.80000 2330.30000 2304.60000 2268.00000 2243.20000 2224.10000 2197.60000 2171.10000 2156.10000 2147.50000 2141.20000 2132.50000 2124.00000 2122.20000 2122.10000 2120.30000 2118.10000 2115.30000 2109.50000 2099.40000 2090.70000 2094.20000 2098.30000 2105.20000 2117.30000 2139.80000 2157.70000 2167.30000 2167.20000 2171.20000 2170.90000 2173.40000 2193.30000 2205.50000 2211.30000 2211.90000 2213.00000 2214.70000 2218.40000 2231.50000 2242.90000 2247.40000 2245.40000 2235.20000 2221.70000 2211.20000 2203.70000 2195.00000
2443.20000 2424.20000 2409.10000 2394.40000 2378.30000 2362.20000 2353.70000 2353.20000 2351.00000 2348.00000 2340.60000 2316.30000 2274.70000 2242.60000 2220.20000 2190.50000 2171.30000 2157.20000 2144.70000 2135.30000 2128.10000 2122.30000 2121.00000 2120.70000 2125.40000 2123.50000 2118.50000 2113.50000 2104.20000 2096.10000 2102.10000 2103.90000 2110.30000 2120.60000 2141.00000 2158.80000 2168.70000 2172.50000 2175.50000 2177.80000 2189.90000 2206.80000 2221.80000 2226.20000 2225.60000 2229.20000 2230.40000 2232.50000 2243.40000 2248.10000 2247.90000 2245.90000 2240.40000 2231.90000 2222.60000 2214.20000 2206.00000
2439.40000 2424.40000 2412.00000 2398.20000 2383.30000 2366.10000 2365.20000 2365.10000 2361.70000 2358.40000 2348.30000 2322.80000 2275.90000 2242.60000 2217.50000 2195.60000 2176.90000 2160.90000 2146.70000 2135.20000 2126.50000 2122.00000 2120.70002 2126.10000 2131.30000 2127.60000 2120.70000 2113.00000 2107.90000 2099.50000 2103.40000 2105.50000 2110.40000 2121.50000 2143.40000 2160.60000 2167.80000 2171.70000 2175.30000 2185.00000 2202.60000 2222.90000 2237.40000 2243.00000 2243.20000 2243.00000 2246.30000 2250.60000 2256.70000 2256.50000 2251.60000 2245.90000 2242.60000 2239.40000 2233.60000 2227.50000 2221.60000
2442.00000 2429.50000 2417.30000 2404.30000 2385.30000 2376.70000 2379.20000 2377.30000 2372.10000 2365.20000 2352.90000 2322.10000 2277.50000 2247.00000 2224.80000 2203.50000 2182.50000 2166.60000 2152.40000 2140.20000 2127.70000 2121.90000 2122.30000 2133.20000 2138.70000 2132.50000 2123.10000 2114.30000 2109.30000 2102.40000 2102.20000 2105.50000 2110.30000 2126.10000 2149.80000 2158.80000 2164.80000 2170.10000 2179.70000 2196.20000 2214.20000 2232.30000 2245.50000 2253.70000 2260.60000 2261.30000 2265.20000 2271.10000 2273.80000 2271.00000 2262.40000 2253.50000 2249.20000 2245.10000 2242.40000 2242.30000 2239.70000
2449.10000 2436.50000 2423.80000 2412.70000 2396.10000 2392.80000 2392.80000 2388.00000 2378.40000 2364.20000 2340.20000 2312.00000 2278.30000 2253.90000 2233.40000 2211.40000 2189.00000 2172.20000 2158.70000 2147.00000 2129.60000 2123.20000 2128.30000 2140.10000 2147.90000 2139.00000 2125.60000 2118.80000 2111.50000 2105.70000 2103.10000 2105.00000 2111.60000 2130.00000 2149.00000 2164.10000 2171.00000 2176.00000 2193.40000 2209.80000 2225.00000 2244.00000 2257.30000 2266.60000 2274.50000 2278.10000 2280.30000 2284.30000 2285.50000 2282.50000 2274.90000 2267.90000 2261.70000 2255.50000 2252.90000 2254.90000 2254.30000
2455.00000 2443.50000 2431.80000 2422.60000 2410.20000 2407.60000 2401.70000 2394.00000 2379.60000 2357.40000 2329.40000 2303.60000 2279.30000 2258.10000 2238.10000 2219.00000 2196.50000 2178.00000 2163.70000 2151.90000 2133.10000 2126.60000 2135.20000 2146.40000 2156.80000 2144.80000 2131.00000 2127.80000 2116.90000 2109.70000 2105.90000 2104.70000 2111.80000 2128.70000 2150.40000 2172.30000 2182.20000 2193.80000 2211.90000 2230.70000 2242.10000 2254.20000 2268.30000 2278.20000 2284.80000 2290.40000 2295.00000 2297.90000 2297.00000 2291.90000 2284.40000 2280.80000 2276.90000 2271.60000 2266.90000 2266.00000 2265.70000
2459.40000 2450.50000 2439.50000 2424.90000 2420.00000 2414.20000 2404.20000 2395.40000 2375.60000 2350.60000 2328.50000 2305.80000 2285.20000 2265.20000 2245.50000 2227.00000 2206.50000 2184.70000 2168.90000 2156.00000 2139.40000 2131.70000 2137.10000 2149.90000 2159.70000 2143.70000 2131.70000 2132.40000 2124.00000 2118.60000 2115.10000 2110.90000 2112.90000 2130.20000 2153.50000 2174.10000 2186.50000 2207.10000 2226.00000 2244.20000 2256.70000 2267.10000 2280.20000 2290.10000 2297.40000 2302.90000 2307.60000 2308.20000 2306.30000 2300.80000 2295.20000 2295.10000 2294.10000 2290.20000 2283.90000 2278.10000 2275.90000
2456.00000 2452.80000 2445.70000 2434.80000 2428.10000 2416.80000 2404.90000 2392.60000 2371.60000 2351.30000 2330.90000 2313.90000 2295.40000 2275.80000 2254.70000 2235.70000 2215.60000 2193.60000 2174.60000 2161.20000 2147.80000 2139.30000 2137.10000 2151.30000 2156.50000 2142.10000 2131.60000 2130.40000 2126.60000 2125.80000 2124.40000 2118.40000 2116.40000 2131.80000 2152.60000 2172.50000 2190.10000 2216.70000 2237.90000 2254.60000 2268.50000 2282.20000 2293.90000 2304.90000 2310.80000 2313.30000 2317.40000 2320.00000 2319.10000 2317.20000 2315.00000 2310.80000 2308.30000 2306.40000 2299.90000 2291.80000 2288.80000
2437.70000 2439.90000 2441.20000 2439.70000 2433.50000 2421.70000 2406.40000 2391.50000 2372.90000 2356.10000 2343.00000 2330.60000 2310.70000 2287.80000 2263.60000 2245.00000 2225.80000 2203.60000 2184.80000 2170.40000 2158.40000 2145.50000 2137.50000 2151.10000 2153.90000 2146.00000 2137.80000 2133.30000 2131.70000 2131.60000 2128.80000 2121.60000 2118.60000 2133.10000 2152.40000 2174.90000 2195.60000 2224.70000 2249.30000 2266.00000 2281.80000 2296.60000 2309.40000 2322.20000 2328.40000 2330.70000 2335.30000 2337.00000 2336.90000 2336.40000 2334.00000 2327.80000 2323.20000 2319.70000 2316.50000 2314.20000 2310.20000
2413.00000 2419.00000 2425.80000 2433.20000 2434.40000 2423.60000 2406.90000 2392.00000 2378.40000 2364.70000 2353.50000 2339.80000 2320.60000 2298.70000 2275.20000 2254.90000 2237.00000 2216.80000 2197.80000 2180.10000 2164.90000 2149.10000 2138.60000 2149.70000 2153.40000 2147.80000 2143.50000 2142.60000 2140.20000 2136.70000 2131.10000 2123.60000 2123.40000 2136.10000 2154.60000 2178.00000 2200.00000 2231.10000 2256.00000 2273.50000 2291.60000 2308.50000 2322.80000 2336.20000 2344.00000 2350.10000 2353.90000 2356.00000 2355.30000 2356.00000 2352.20000 2346.40000 2340.80000 2337.40000 2342.70000 2345.30000 2336.90000
2392.20000 2399.90000 2411.80000 2419.80000 2423.40000 2421.40000 2411.90000 2399.60000 2390.10000 2377.10000 2362.40000 2348.90000 2331.30000 2312.50000 2290.80000 2266.10000 2252.10000 2231.20000 2206.00000 2184.30000 2167.60000 2153.60000 2140.20000 2150.30000 2153.50000 2148.60000 2147.80000 2148.30000 2145.70000 2140.50000 2133.30000 2125.30000 2131.10000 2139.60000 2157.30000 2182.50000 2204.80000 2232.40000 2255.90000 2277.40000 2293.80000 2311.50000 2334.20000 2350.80000 2363.10000 2370.30000 2373.10000 2373.80000 2373.10000 2372.40000 2369.50000 2367.30000 2364.00000 2364.00000 2371.50000 2371.70000 2362.80000
2373.80000 2383.30000 2398.00000 2402.30000 2404.50000 2406.70000 2405.00000 2401.60000 2398.40000 2389.00000 2373.90000 2358.20000 2341.50000 2327.00000 2308.30000 2283.80000 2262.70000 2231.10000 2209.80000 2188.70000 2169.60000 2155.60000 2142.30000 2148.10000 2153.20000 2153.80000 2153.90000 2148.10000 2145.60000 2141.80000 2134.90000 2127.70000 2135.00000 2142.70000 2160.60000 2185.40000 2211.40000 2235.80000 2258.00000 2277.80000 2295.00000 2317.60000 2344.70000 2370.40000 2382.40000 2398.20000 2395.40000 2392.20000 2390.70000 2388.90000 2388.40000 2390.90000 2392.10000 2396.80000 2397.40000 2393.20000 2384.80000
2356.20000 2364.80000 2375.50000 2385.50000 2388.50000 2391.80000 2396.50000 2396.40000 2390.90000 2388.30000 2382.80000 2370.80000 2357.50000 2338.70000 2317.80000 2294.30000 2263.20000 2235.70000 2214.90000 2187.20000 2165.80000 2154.90000 2145.90000 2144.70000 2150.70000 2157.00000 2155.90000 2147.90000 2143.90000 2138.40000 2132.80000 2127.70006 2137.50000 2146.30000 2164.90000 2186.10000 2210.70000 2234.50000 2256.90000 2277.20000 2296.70000 2319.60000 2353.40000 2387.00000 2413.10000 2422.80000 2416.90000 2410.50000 2408.00000 2407.20000 2409.40000 2415.60000 2418.20000 2422.50000 2420.10000 2411.60000 2400.90000
2338.00000 2345.60000 2353.70000 2364.00000 2372.30000 2379.50000 2384.90000 2387.60000 2384.00000 2380.80000 2377.10000 2373.20000 2366.80000 2349.60000 2324.10000 2298.20000 2272.70000 2233.80000 2204.60000 2176.80000 2161.00000 2153.50000 2148.00000 2143.90000 2147.50000 2153.10000 2148.50000 2146.60000 2142.20000 2133.00000 2127.70008 2132.60000 2137.60000 2146.90000 2164.70000 2183.20000 2206.60000 2230.60000 2255.20000 2277.40000 2298.50000 2319.80000 2345.70000 2377.30000 2408.40000 2428.50000 2436.80000 2430.30000 2427.80000 2428.70000 2430.90000 2440.80000 2444.00000 2440.90000 2436.10000 2428.10000 2414.30000
2322.10000 2330.90000 2339.20000 2345.20000 2354.30000 2361.00000 2365.30000 2367.00000 2366.90000 2362.50000 2358.80000 2360.30000 2358.30000 2349.90000 2324.70000 2293.60000 2252.90000 2214.30000 2192.30000 2174.10000 2161.70000 2156.30000 2150.60000 2138.00000 2138.70000 2139.40000 2137.20000 2137.20000 2134.00000 2128.40000 2127.70010 2129.00000 2134.10000 2143.80000 2159.70000 2176.80000 2198.90000 2220.00000 2244.10000 2267.90000 2290.40000 2322.10000 2351.90000 2380.00000 2410.20000 2433.50000 2450.60000 2450.70000 2448.70000 2450.40000 2456.10000 2462.50000 2462.60000 2458.10000 2451.50000 2440.80000 2427.30000
2309.80000 2319.30000 2328.20000 2333.10000 2340.70000 2349.80000 2353.20000 2353.30000 2351.20000 2343.50000 2339.00000 2340.90000 2338.40000 2327.90000 2285.20000 2256.20000 2234.00000 2215.10000 2194.80000 2175.20000 2159.70000 2154.10000 2148.40000 2129.90000 2128.40000 2128.90000 2127.70018 2127.70016 2127.70014 2127.70012 2127.70012 2127.70012 2131.60000 2140.00000 2152.80000 2169.80000 2190.90000 2209.40000 2233.90000 2255.00000 2279.80000 2313.40000 2357.10000 2392.90000 2418.60000 2446.20000 2474.30000 2475.80000 2476.40000 2478.20000 2490.80000 2489.30000 2480.40000 2473.70000 2464.40000 2450.90000 2437.10000
2299.70000 2308.20000 2317.10000 2323.10000 2331.40000 2340.10000 2342.70000 2342.60000 2340.70000 2335.00000 2330.60000 2328.60000 2320.30000 2306.50000 2288.80000 2263.20000 2238.90000 2214.80000 2191.50000 2172.30000 2154.30000 2146.70000 2134.30000 2127.70024 2127.70022 2127.70020 2127.70018 2127.70014 2127.70013 2127.70013 2127.70013 2127.70014 2131.30000 2138.20000 2148.20000 2164.90000 2185.50000 2203.80000 2226.10000 2247.70000 2280.70000 2311.70000 2356.00000 2394.10000 2431.50000 2468.80000 2503.60000 2510.90000 2502.70000 2503.40000 2522.00000 2514.40000 2503.40000 2484.20000 2473.70000 2459.30000 2443.20000
