wepppy/nodb/tests/test2/dem/topaz/TASPEC.ARC
ncols   131
nrows   122
xllcorner  746918
yllcorner 4313698
cellsize   30.00
nodata_value    -1.0
[rows 0 to 44 of 122, columns 0 to 95 of 131]
180 225 90 90 90 90 90 90 90 90 90 90 90 90 90 90 90 90 90 90 90 90 90 90 90 90 90 90 90 90 90 90 90 90 90 90 90 90 0 270 270 270 270 270 270 270 270 270 270 270 270 270 270 270 270 270 270 225 225 180 225 225 225 225 225 225 225 225 225 225 225 270 225 225 225 270 270 225 180 225 90 90 90 90 90 90 90 90 90 90 90 90 90 90 90 90
180 215 156 111 92 76 72 80 88 96 98 93 82 74 71 71 64 53 49 55 55 19 11 14 18 31 34 31 41 51 49 42 38 36 37 41 39 21 356 336 331 328 318 316 324 321 308 305 304 303 304 297 290 282 271 257 230 204 210 222 227 227 232 239 245 247 245 242 242 245 247 249 251 253 249 236 223 210 206 223 212 74 67 61 56 52 43 32 32 33 29 28 29 29 30 33
180 217 182 131 108 87 81 86 91 98 104 106 101 87 77 75 74 61 57 59 55 28 5 4 8 21 36 41 50 59 54 41 38 37 41 45 42 21 358 342 331 324 318 321 328 324 317 312 303 286 267 265 269 268 258 239 214 203 213 222 227 227 232 241 247 249 244 242 244 247 248 250 252 250 238 220 215 218 228 244 257 59 58 52 52 47 33 25 30 30 25 24 25 27 29 31
180 226 198 150 141 131 98 90 89 98 107 114 117 107 91 78 74 60 46 50 45 27 8 353 356 21 44 56 64 66 58 46 47 50 54 54 45 22 4 351 332 318 315 322 327 323 324 327 318 289 260 258 261 263 255 240 229 229 236 235 232 233 235 240 243 243 239 240 243 245 245 245 242 233 218 210 219 234 243 245 237 171 73 56 48 33 19 21 30 29 23 21 22 24 26 29
180 228 204 164 157 153 124 100 95 101 108 114 122 123 110 92 82 71 41 41 38 26 10 353 352 31 66 76 77 71 63 63 71 75 68 59 44 24 9 0 340 318 311 319 322 320 330 352 333 281 267 265 268 270 273 271 275 281 282 272 270 274 273 260 248 240 233 234 238 239 237 236 231 224 216 218 232 244 245 237 225 206 163 71 46 26 11 22 33 29 20 18 19 20 24 27
180 226 207 178 161 157 150 119 109 108 107 110 120 127 119 106 95 88 54 29 25 13 5 359 8 47 78 85 85 79 79 89 95 94 76 63 45 22 10 5 351 325 313 316 321 323 346 56 58 269 272 275 278 281 290 296 291 296 314 311 302 303 307 302 276 251 236 231 231 230 229 226 225 225 228 236 241 241 236 226 220 221 237 353 35 29 20 39 39 23 12 12 15 18 24 28
180 226 211 189 166 158 153 129 119 114 109 110 118 131 128 114 104 96 48 345 349 358 2 5 40 73 85 86 84 85 96 103 102 96 88 80 49 11 6 8 359 331 315 317 332 349 49 85 80 285 289 292 290 292 299 310 306 314 330 322 308 306 315 327 325 295 262 244 236 229 224 223 227 232 238 241 239 234 229 225 230 243 264 297 44 57 43 48 29 3 358 4 13 19 26 29
180 230 216 193 169 161 150 132 124 120 111 108 114 129 129 116 107 104 9 311 306 307 6 90 92 92 88 83 77 87 96 99 97 100 103 97 28 343 355 7 0 336 318 316 348 75 99 100 50 294 297 298 298 303 311 318 318 329 342 330 310 307 317 332 345 347 329 294 265 242 229 227 234 240 242 238 232 232 236 241 252 259 255 223 154 137 141 85 355 321 331 351 11 23 28 31
180 234 220 193 170 161 149 137 131 125 113 106 108 121 125 114 107 115 222 269 275 265 134 128 110 99 89 80 70 76 81 83 90 102 104 91 329 308 333 355 351 337 318 292 148 146 143 133 281 288 290 288 293 301 312 318 322 337 350 343 318 310 317 329 344 358 359 341 315 289 253 240 243 244 242 236 234 242 252 258 263 260 234 194 174 172 190 176 231 272 287 318 8 26 32 40
180 235 223 195 169 158 149 144 140 133 119 107 105 114 119 111 108 122 235 265 268 242 114 117 106 92 86 78 69 69 69 69 76 81 77 39 321 299 306 322 325 311 272 148 146 151 148 152 296 296 294 290 294 304 314 319 323 334 348 347 328 317 319 325 337 356 7 1 348 344 337 280 256 251 245 241 245 254 258 257 254 245 216 188 189 198 211 203 234 257 258 253 259 53 55 60
180 235 227 199 168 153 148 148 146 140 127 110 104 109 119 116 117 144 242 263 265 194 96 94 87 75 74 73 76 71 58 54 57 55 39 7 341 336 336 336 335 298 134 126 135 142 135 299 295 298 300 298 301 306 312 319 323 325 339 344 332 322 321 326 332 348 5 5 357 358 359 343 295 269 259 254 254 254 251 245 239 231 218 218 252 265 251 236 250 258 252 240 219 167 106 90
180 236 231 204 167 150 147 151 148 143 133 113 107 112 126 125 131 173 233 247 239 183 117 95 73 69 73 75 74 61 41 40 49 45 25 356 347 357 358 351 1 28 72 90 116 0 304 287 286 289 293 295 298 302 306 316 324 324 332 339 335 328 326 328 333 343 0 6 3 4 359 348 329 294 274 261 254 251 247 244 239 236 241 259 293 329 336 256 251 256 252 241 223 186 113 80
180 238 235 209 166 150 149 152 148 144 138 122 113 118 129 131 141 187 226 233 221 183 144 100 56 75 83 79 65 42 26 35 52 45 15 350 351 8 15 11 24 47 66 73 67 45 252 275 277 281 285 287 291 295 299 312 323 323 328 333 334 332 332 334 338 350 7 19 34 47 322 315 322 308 290 271 261 257 256 255 252 247 249 252 245 190 172 206 231 249 255 252 244 247 11 48
180 233 230 209 175 157 153 154 151 148 143 132 121 121 127 133 147 201 233 236 223 189 166 198 56 71 75 66 51 33 20 33 51 39 8 354 358 17 25 29 43 66 76 76 57 47 252 270 271 275 279 281 281 285 291 306 318 318 320 326 330 334 337 340 349 14 61 96 129 141 236 267 286 299 300 297 292 284 275 266 258 248 241 232 209 185 183 207 233 257 270 276 282 293 324 95
180 228 223 211 190 167 158 156 157 155 148 139 128 123 126 137 153 213 240 239 227 210 211 246 338 57 59 51 38 25 13 32 45 30 7 1 9 30 41 49 56 64 72 74 63 59 312 278 272 273 275 277 277 278 280 292 308 314 319 322 325 332 340 355 23 74 104 123 140 149 250 272 278 289 298 306 311 310 300 285 274 264 249 231 210 201 220 257 278 283 285 289 296 264 164 130
180 227 223 219 204 179 163 157 160 160 153 145 136 125 126 144 159 213 231 222 222 226 239 258 273 67 66 55 39 22 14 33 37 21 10 13 20 43 62 72 71 66 66 69 66 63 314 285 278 275 275 277 278 276 275 280 293 305 318 327 329 336 351 33 87 116 128 138 146 167 264 278 286 292 295 299 306 314 315 305 299 297 291 277 264 272 290 303 308 306 297 278 184 179 160 134
180 228 227 224 212 188 168 158 158 161 157 152 145 131 130 154 168 204 220 217 230 241 248 236 203 145 100 71 49 26 14 29 22 11 9 12 31 61 78 84 78 72 67 63 58 44 345 300 286 278 278 280 282 279 276 279 286 295 311 328 332 336 18 87 107 122 139 151 157 208 265 271 276 283 285 284 287 297 309 313 313 313 316 327 325 309 305 307 308 311 304 181 152 161 160 142
180 227 228 223 214 197 175 161 156 158 157 153 153 145 144 166 177 199 219 229 243 249 243 221 184 146 104 78 57 32 2 8 8 7 11 26 61 83 90 89 85 81 74 59 49 31 1 328 300 284 280 281 286 282 279 280 282 285 291 305 304 191 134 119 116 124 144 166 191 256 265 263 262 267 272 273 271 274 287 305 317 322 325 335 338 322 308 298 288 275 224 132 134 149 157 149
180 226 225 220 214 203 184 166 157 156 156 152 154 154 158 177 184 200 223 237 244 243 237 227 207 87 69 71 63 17 335 343 356 15 56 92 101 100 97 92 89 87 83 63 43 24 5 348 323 295 284 281 284 283 281 281 280 279 275 257 170 152 148 136 128 133 152 201 256 281 271 263 261 263 266 263 257 255 262 277 299 318 327 337 342 337 310 276 232 196 177 143 136 145 154 152
180 228 226 219 214 206 191 174 161 159 158 152 150 156 175 191 195 211 231 238 240 238 236 233 238 309 28 46 39 352 318 320 5 94 118 121 117 108 101 87 74 76 80 78 44 10 3 358 335 304 285 278 278 281 282 281 279 276 268 216 147 143 148 142 134 140 175 264 292 309 311 297 281 267 259 253 248 250 253 255 265 283 307 326 338 1 20 215 175 167 174 159 143 143 157 161
180 227 223 216 211 206 196 182 170 166 164 157 144 151 197 214 216 230 242 243 244 245 245 246 251 281 351 32 23 345 302 241 147 130 126 125 124 118 103 66 49 63 72 85 122 287 334 358 331 303 285 275 273 275 278 278 277 274 260 172 135 134 142 145 143 159 262 293 306 319 324 323 309 286 268 262 264 266 264 258 255 256 264 282 310 24 89 149 156 156 166 170 158 148 158 170
180 226 223 218 215 212 204 191 178 173 174 168 137 148 213 214 211 226 239 246 251 258 263 271 280 297 322 20 16 348 353 145 142 137 132 130 130 122 94 27 37 59 70 81 139 224 244 287 309 289 278 275 272 270 271 273 273 267 236 149 132 131 138 148 158 223 283 297 307 314 319 325 326 319 302 289 286 286 283 278 273 269 268 273 290 45 93 119 139 146 156 170 168 158 163 174
180 228 229 228 227 227 219 204 189 181 181 178 159 167 209 211 215 231 244 253 259 266 272 282 293 304 322 0 355 352 57 96 110 114 117 120 126 137 163 74 93 94 93 97 127 211 235 236 234 252 264 272 272 268 265 265 263 249 202 143 132 133 142 167 209 277 293 302 313 319 324 328 333 335 326 309 296 293 293 290 289 287 285 282 274 107 104 113 127 138 141 156 170 166 165 174
180 233 235 236 233 230 224 211 195 184 181 182 175 180 204 217 228 243 252 259 266 271 276 285 300 318 336 349 341 4 78 93 98 99 102 110 130 167 180 170 160 144 132 125 137 198 228 222 206 227 253 261 262 258 255 253 246 228 183 141 134 139 158 214 267 296 299 306 315 322 328 331 336 342 338 323 306 295 288 285 281 275 250 222 202 159 122 114 123 135 134 136 158 170 165 169
180 244 243 239 235 230 222 212 203 191 181 184 196 199 200 217 231 241 251 261 270 275 278 285 299 324 349 351 326 100 112 118 121 119 116 117 133 168 174 166 165 156 141 129 136 188 220 216 207 223 243 246 242 242 243 240 231 219 180 139 135 146 195 262 294 304 302 303 307 316 327 335 340 346 345 336 321 299 278 266 252 222 192 189 185 168 139 119 118 130 134 131 147 168 164 164
180 253 247 240 234 230 226 222 214 202 191 196 202 194 197 217 235 244 252 263 270 273 274 278 289 320 10 72 149 140 127 125 124 123 117 113 121 150 162 154 159 167 154 128 130 183 217 219 217 226 235 235 229 230 232 230 228 222 183 136 132 154 243 278 298 307 305 303 301 306 316 327 339 348 348 344 342 323 278 245 222 190 173 178 182 168 148 131 122 126 131 130 140 161 164 161
180 253 252 249 243 241 242 243 239 225 205 200 199 193 203 227 245 254 259 266 270 270 270 272 278 301 79 122 140 143 131 119 113 109 100 95 103 131 157 149 157 174 168 151 146 181 220 230 231 230 231 229 226 226 225 228 234 231 190 133 126 172 261 280 295 306 310 307 300 297 300 312 329 341 347 350 358 8 338 215 195 170 163 172 178 163 150 144 138 134 132 128 129 148 160 161
180 251 258 266 267 265 264 264 266 260 222 195 197 194 209 234 248 256 261 266 269 271 274 276 278 288 107 115 122 128 123 103 95 94 93 98 102 117 137 140 151 162 163 158 161 193 230 239 238 230 230 231 231 230 230 236 244 242 204 128 120 192 264 278 290 303 312 310 304 302 303 311 323 336 345 353 9 29 52 126 161 158 156 165 172 159 146 143 144 145 144 132 124 135 149 158
270 263 266 272 281 288 288 285 284 274 189 167 179 189 199 223 239 243 247 254 263 272 279 279 277 253 105 105 103 104 106 101 102 109 114 113 113 111 109 125 149 145 145 156 171 213 240 241 235 229 234 240 242 245 245 249 252 249 229 117 103 191 262 271 279 292 307 312 310 308 310 315 323 332 342 355 16 37 54 82 120 140 148 156 163 157 145 135 136 146 154 143 130 132 139 152
0 278 277 275 278 283 282 269 229 181 174 169 180 195 209 241 258 256 254 259 265 270 271 265 253 202 112 106 101 102 109 113 118 123 119 111 103 92 97 110 137 143 142 151 198 241 245 238 231 231 241 250 251 253 254 255 256 255 252 89 89 141 261 265 267 275 291 307 312 311 310 310 316 326 337 355 26 53 70 84 96 111 126 139 150 153 150 137 129 138 154 149 137 133 132 139
180 270 273 271 266 254 240 217 188 176 176 172 181 201 222 251 269 282 284 278 273 268 260 250 237 197 120 113 119 119 113 115 118 119 112 96 73 80 94 113 130 131 143 171 210 249 250 234 227 234 243 250 250 252 253 253 255 257 253 145 110 169 259 261 262 265 275 290 303 310 313 309 310 317 328 354 38 66 79 85 88 94 106 120 132 142 151 143 131 132 146 148 140 135 131 128
180 261 262 264 261 246 230 212 186 176 175 170 193 214 220 232 241 251 268 275 273 270 266 261 243 179 122 115 125 123 112 108 107 108 109 109 106 107 112 123 131 126 140 192 223 247 240 225 225 237 241 244 247 252 255 253 251 247 226 163 138 202 260 263 262 262 263 267 277 293 308 309 304 307 317 349 48 70 77 79 83 88 95 104 112 124 138 142 135 130 138 145 140 137 140 131
270 280 277 276 279 282 273 261 246 301 0 0 255 234 226 232 237 240 249 260 267 273 279 284 272 136 116 111 118 120 112 104 100 105 118 138 127 118 118 126 128 119 111 156 250 252 246 232 236 243 244 245 249 255 259 253 241 229 206 169 156 227 260 264 261 255 247 245 250 259 270 280 281 285 297 335 63 80 85 86 86 86 87 89 91 96 108 123 132 130 134 143 140 138 145 143
0 308 306 305 311 324 339 346 304 230 160 171 189 192 203 231 240 239 239 246 257 271 283 296 49 109 116 114 118 122 123 119 113 113 127 144 129 121 119 122 101 79 56 329 302 239 236 236 248 259 261 261 261 262 258 244 220 210 200 182 180 234 251 253 247 240 235 235 240 241 239 237 246 253 262 273 86 89 91 91 88 84 81 79 78 78 83 93 107 115 119 128 130 129 134 139
0 317 319 322 330 343 9 37 55 191 168 169 182 196 233 255 251 244 241 246 254 265 274 279 114 118 121 116 114 117 126 125 117 115 128 138 126 119 117 108 56 40 12 353 35 161 213 222 248 267 273 273 271 266 252 227 194 192 198 197 201 223 236 234 226 226 233 237 239 236 232 227 230 237 240 233 102 88 86 85 82 79 78 77 79 81 82 81 78 80 82 85 90 94 100 108
0 315 321 327 337 359 38 62 68 93 148 141 305 317 325 316 293 272 262 264 265 267 267 245 115 117 120 114 108 109 113 105 98 98 109 118 108 103 95 63 353 349 7 20 56 86 192 229 250 257 260 261 262 258 243 206 176 178 194 201 204 213 222 221 220 228 239 240 237 232 229 224 223 230 232 230 127 87 81 78 76 77 77 76 76 78 78 73 63 57 56 55 57 63 71 77
0 311 319 327 342 19 53 68 72 85 153 135 305 311 323 334 324 303 289 281 277 278 281 328 76 91 104 115 109 105 101 94 92 90 89 86 84 76 52 46 351 311 359 40 58 65 73 251 244 237 237 246 253 254 241 181 154 164 183 198 206 212 218 221 227 238 242 238 232 229 227 224 225 231 233 231 204 86 74 68 66 69 69 68 66 66 63 57 51 50 52 54 58 67 74 78
0 306 315 328 349 24 52 64 64 47 346 339 331 311 322 342 335 328 321 295 285 286 293 351 65 80 91 103 99 95 96 103 102 96 82 70 76 75 69 80 183 257 287 52 65 84 102 272 226 222 233 245 257 265 264 127 132 150 170 195 209 216 219 223 233 240 238 232 228 227 227 230 234 237 236 234 236 74 62 53 49 52 55 58 58 58 55 51 50 55 59 65 72 82 88 91
0 299 309 328 352 22 50 61 54 20 348 342 343 330 329 335 334 336 338 311 292 288 293 1 72 81 85 89 95 103 109 106 97 84 65 64 78 87 110 123 170 252 256 100 101 116 185 250 137 176 231 244 252 257 248 115 119 135 160 194 212 217 217 220 230 238 235 227 223 223 228 234 236 235 233 235 240 243 66 63 65 75 85 92 91 78 65 62 67 74 78 80 84 89 93 97
0 292 303 326 348 20 50 57 42 11 350 341 344 345 339 329 328 338 346 322 302 293 296 25 78 83 85 91 98 107 109 98 81 62 53 63 79 89 106 127 184 239 206 155 137 141 198 212 146 164 220 235 237 233 210 136 121 128 151 192 211 214 214 215 223 233 229 220 216 220 228 231 228 226 230 237 241 239 115 87 90 100 112 120 129 139 135 114 98 101 105 103 94 90 92 96
0 289 301 320 340 18 43 48 33 7 353 340 338 352 344 322 320 335 344 324 308 293 287 116 103 97 93 89 87 82 73 66 59 54 62 73 80 83 88 110 180 204 175 151 147 161 196 188 158 170 221 234 222 209 191 162 144 141 152 185 206 212 212 213 220 225 221 216 214 218 226 225 223 228 239 247 248 242 196 86 79 81 84 87 98 120 145 150 141 133 130 130 117 95 90 94
0 289 301 313 333 14 36 39 29 8 357 344 339 350 347 320 308 326 337 322 304 282 204 147 124 109 97 82 69 51 41 43 44 49 62 71 73 76 81 106 164 175 159 135 136 166 192 171 159 185 232 235 204 191 183 170 161 154 153 176 200 209 211 212 217 222 223 219 214 217 224 227 230 237 250 256 251 227 197 135 98 82 70 70 77 89 115 138 143 138 136 142 150 125 102 100
0 293 306 310 327 8 30 36 30 13 0 351 344 347 350 334 311 316 326 322 294 218 165 150 132 118 105 72 44 30 33 40 42 46 53 55 61 73 83 107 148 160 159 126 119 159 183 160 155 203 234 217 183 178 174 168 169 165 154 165 192 205 210 212 217 224 228 225 217 221 227 234 238 237 245 249 238 194 179 167 152 120 95 94 94 92 87 84 89 99 112 128 153 152 131 119
0 301 314 312 324 356 24 36 34 20 3 353 346 342 349 346 327 319 323 330 207 153 151 147 133 118 92 33 16 24 39 45 45 49 49 49 60 74 83 99 132 151 165 142 130 153 170 151 149 221 226 202 177 171 165 165 175 174 158 157 181 201 207 212 219 227 229 226 224 229 231 235 236 228 234 241 228 169 158 165 174 165 137 119 104 83 65 56 56 65 77 90 117 139 135 128
0 300 316 320 329 344 17 37 39 27 4 352 351 340 340 345 338 328 329 68 121 131 140 140 129 107 37 338 347 23 49 52 50 51 49 51 65 75 80 90 113 138 158 148 143 151 157 152 157 216 212 190 181 175 162 161 172 177 160 154 176 198 206 213 222 228 228 228 231 232 228 228 231 225 232 246 241 146 126 144 171 175 158 143 128 103 78 66 65 65 64 69 77 92 107 115
