wepppy/nodb/tests/test2/dem/topaz/TASPEC.ARC
ncols   131
nrows   122
xllcorner  746918
yllcorner 4313698
cellsize   30.00
nodata_value    -1.0
[rows 45 to 89 of 122, columns 0 to 95 of 131]
0 292 309 324 336 340 6 36 42 31 4 354 357 343 332 336 341 345 19 88 109 119 128 135 135 131 271 296 322 21 53 57 57 58 55 58 71 77 80 86 100 120 137 137 145 151 149 155 166 172 176 172 177 170 155 159 173 178 154 147 174 199 209 218 227 230 227 228 234 231 223 224 230 234 243 255 254 131 103 114 146 167 166 162 160 152 151 137 112 96 90 89 89 87 89 97
0 290 301 314 333 339 357 30 42 29 6 358 2 348 329 327 340 13 62 88 97 105 117 133 141 160 249 268 279 59 82 82 81 78 76 77 80 81 82 85 90 97 103 108 130 145 148 285 9 101 128 147 166 162 153 161 174 166 143 144 175 201 214 221 226 227 224 228 235 232 223 225 235 242 247 252 248 180 104 99 111 139 158 168 171 159 163 164 142 131 123 110 103 99 96 92
0 292 301 310 325 337 354 24 38 27 10 4 6 353 332 323 341 84 103 111 111 108 110 121 135 177 249 261 259 132 107 110 110 106 105 99 91 85 81 79 77 74 77 84 98 116 311 323 356 37 69 91 127 139 141 162 172 148 128 127 169 207 219 219 221 222 224 230 236 232 227 233 240 240 239 238 237 210 107 93 96 115 136 157 168 159 169 177 147 140 134 121 107 106 107 102
0 283 296 317 326 335 353 20 32 25 13 11 10 1 347 339 107 119 122 126 124 115 108 113 128 184 240 252 250 124 102 107 114 115 116 113 97 84 75 70 64 63 70 77 79 53 307 317 352 24 45 55 58 68 88 140 164 125 107 103 143 199 219 218 224 228 230 237 239 236 235 240 244 241 239 238 240 233 119 92 91 96 103 125 153 154 170 185 155 138 144 143 121 110 110 105
0 287 300 320 327 334 352 15 24 21 14 13 15 13 15 66 114 120 124 128 130 122 114 116 128 181 240 254 255 115 99 103 111 113 115 113 98 83 71 65 61 60 65 68 62 352 298 307 343 16 38 48 47 52 68 94 144 131 112 114 141 178 214 232 243 242 234 239 241 242 241 241 244 245 248 251 252 248 158 101 94 88 89 100 122 137 162 181 165 142 142 150 141 130 125 108
0 298 306 320 328 335 348 6 15 17 15 17 26 34 62 100 116 120 119 126 135 134 128 125 131 174 245 262 273 67 84 88 95 99 100 101 97 85 72 64 60 54 58 60 53 336 299 304 333 8 33 47 52 58 68 78 102 126 108 109 147 183 228 267 261 248 235 240 241 238 239 244 249 254 258 261 257 249 169 108 102 99 97 95 99 109 135 166 169 156 147 151 149 146 146 137
0 304 311 322 330 337 347 358 7 13 16 29 53 74 100 112 121 121 116 125 138 143 142 138 137 174 245 261 274 8 65 65 61 59 63 75 89 93 86 73 62 54 58 60 46 336 305 305 326 358 28 46 53 59 67 74 87 113 102 91 117 218 258 269 260 240 240 248 249 245 246 251 256 259 262 261 257 241 163 121 114 112 108 102 96 101 115 140 157 159 153 150 150 150 154 163
0 310 319 325 330 339 348 353 0 12 28 59 85 101 113 113 120 119 119 127 137 146 150 150 149 185 250 262 267 308 52 53 50 52 61 71 82 94 100 91 73 61 58 53 31 351 314 299 304 324 28 52 58 62 68 74 83 110 131 101 108 224 243 241 238 227 240 250 250 252 255 258 260 259 257 256 254 231 153 131 126 123 123 124 109 106 110 118 132 146 153 151 152 153 153 166
0 312 320 322 328 341 352 353 355 17 64 89 98 105 109 109 118 121 126 132 137 145 154 157 163 211 256 263 262 268 38 58 63 70 75 76 79 85 93 92 82 68 56 43 20 3 346 317 249 206 166 92 77 76 76 78 82 107 172 139 106 214 230 230 237 243 254 254 247 248 251 255 257 254 249 249 246 214 144 134 134 129 139 145 119 109 110 109 112 122 136 144 153 159 152 153
0 316 324 325 331 348 3 2 3 55 94 99 101 105 107 112 119 122 128 134 138 144 156 165 182 236 258 259 255 250 230 85 85 83 80 81 83 83 79 72 66 62 56 39 15 12 16 29 114 168 177 164 117 99 95 92 90 101 165 188 122 198 231 232 245 255 260 251 247 248 248 246 245 241 238 243 233 189 148 141 137 131 145 156 134 117 112 107 105 108 118 127 141 158 158 151
0 322 331 333 342 8 34 67 123 126 111 106 106 109 113 118 119 119 127 135 140 147 160 174 204 244 252 247 244 239 229 106 93 92 88 83 77 70 62 53 40 35 35 26 18 30 43 62 97 140 171 174 149 120 111 110 103 99 139 201 172 196 223 225 230 237 234 232 244 253 250 241 238 235 235 236 218 176 152 145 132 127 137 152 147 137 128 117 107 102 107 113 125 147 159 157
0 326 348 355 16 71 106 125 142 136 118 112 111 113 115 120 122 122 131 138 142 151 163 183 214 235 237 232 235 236 235 94 84 83 84 75 65 56 50 42 29 25 23 13 19 43 61 77 90 110 152 166 159 134 120 119 111 99 114 184 193 203 215 224 239 242 229 239 259 264 257 245 240 238 238 226 196 171 162 146 118 114 119 135 144 149 148 146 127 110 111 114 118 128 148 160
0 314 7 52 99 122 132 135 143 135 121 117 117 118 118 123 123 125 135 136 141 155 168 190 217 229 226 222 228 230 227 222 64 60 53 52 52 47 42 32 22 32 45 31 33 54 61 73 82 93 119 146 154 143 129 122 110 99 95 124 207 210 210 224 253 264 249 244 258 259 253 245 242 242 237 209 174 172 182 165 117 102 105 113 123 137 147 160 152 130 121 119 118 119 132 152
0 251 142 126 131 137 141 140 142 134 126 122 122 122 118 121 119 123 132 130 137 155 174 199 226 238 233 223 227 228 224 224 86 44 30 33 41 42 38 26 21 45 71 117 133 95 74 72 76 85 98 123 139 141 138 125 109 103 94 95 182 208 202 216 239 261 273 237 249 246 235 232 236 239 230 190 161 170 193 195 147 114 107 100 97 105 121 150 156 143 133 127 122 118 120 134
180 218 158 142 141 144 144 141 138 133 128 123 123 120 118 117 115 120 125 124 128 149 181 212 241 254 251 241 243 244 235 229 225 49 28 36 46 48 39 26 25 47 63 77 127 132 107 86 81 82 89 100 114 127 146 144 127 121 114 110 136 181 185 203 222 229 214 190 244 242 227 225 233 235 218 175 157 165 187 201 176 138 129 124 106 100 103 126 145 148 145 140 134 126 117 121
180 205 161 147 144 145 144 139 133 130 127 122 121 119 118 115 112 116 119 121 123 144 191 223 244 253 255 260 265 262 247 226 219 218 222 56 58 49 37 33 45 61 65 70 87 129 138 108 89 85 89 93 102 115 141 151 146 142 139 145 154 160 164 188 213 218 210 192 218 231 226 229 237 230 208 168 152 152 175 196 187 158 149 155 151 128 115 121 135 145 151 150 150 141 120 119
180 195 164 150 145 146 144 135 127 127 126 122 118 116 115 109 105 104 109 113 121 153 194 223 243 250 253 253 250 234 215 202 209 218 223 220 51 46 43 59 81 89 80 80 87 113 145 135 97 92 95 103 109 116 130 141 148 150 148 163 182 162 151 179 209 216 220 213 211 231 235 238 238 219 195 173 147 135 156 184 188 170 157 166 172 152 133 131 135 139 149 153 160 157 131 123
180 188 166 154 149 148 142 130 122 124 128 123 118 113 107 100 97 94 95 96 103 149 192 222 243 249 245 229 211 203 197 195 208 222 224 226 235 51 59 75 96 105 104 94 93 96 126 153 114 100 98 103 108 117 125 129 138 144 142 163 187 175 171 187 196 216 231 234 237 254 257 246 227 199 185 181 144 123 134 165 179 171 161 169 179 164 146 140 138 139 148 156 163 161 141 131
180 185 167 157 151 149 141 126 118 119 126 124 120 116 110 104 100 99 95 91 86 103 181 222 236 239 229 208 192 192 194 200 219 230 228 224 225 174 85 83 91 104 110 98 88 82 99 141 125 104 94 90 95 104 115 114 115 121 123 150 183 178 188 203 189 217 248 258 271 279 274 241 199 178 177 179 154 132 127 137 154 161 161 167 175 170 159 152 145 145 152 162 162 156 141 133
180 185 170 158 151 148 141 126 114 111 113 113 116 119 114 106 103 102 101 95 92 93 144 211 222 221 211 193 186 190 194 203 220 227 224 220 222 219 101 81 74 77 81 81 72 70 76 103 115 103 91 86 87 89 94 93 93 94 97 113 155 176 204 213 196 222 255 263 275 282 280 187 166 167 167 164 149 138 133 132 134 141 150 159 166 167 164 159 152 149 156 169 165 148 132 123
180 188 175 162 151 147 139 127 116 112 113 112 114 117 112 105 98 91 87 81 80 65 56 137 182 190 187 182 184 190 193 202 215 217 213 210 217 229 159 81 72 68 71 71 58 54 62 70 88 94 93 91 88 83 76 77 79 79 81 83 94 145 214 223 213 228 249 253 259 267 242 137 147 162 156 143 134 134 137 135 132 131 135 143 149 155 158 156 152 150 161 175 172 152 129 115
180 192 179 165 153 145 135 125 119 119 121 117 115 115 112 104 91 81 72 63 55 39 29 72 125 159 166 171 179 186 193 202 211 211 211 210 219 236 237 88 80 74 74 70 50 42 58 64 70 80 83 80 73 64 57 58 54 61 67 70 75 93 223 250 243 240 251 254 252 238 175 146 156 170 157 137 126 123 124 124 128 130 129 137 142 141 141 146 149 153 168 180 180 163 131 113
180 199 182 167 156 147 133 124 120 119 119 118 120 115 108 94 83 76 65 52 47 40 37 72 103 131 147 155 169 181 194 202 206 205 209 214 225 238 240 105 82 74 68 63 49 39 62 66 62 64 65 59 44 41 42 39 35 47 60 67 71 78 262 266 257 233 248 251 238 206 170 154 153 160 159 146 130 119 116 119 129 131 129 133 140 139 137 139 143 155 175 187 189 171 133 119
180 202 185 170 162 153 138 130 126 121 117 117 120 116 113 100 79 69 58 43 44 45 54 80 96 113 130 139 154 175 197 205 202 200 209 220 230 239 241 170 90 80 69 57 51 52 73 72 62 53 50 45 33 34 38 32 29 41 56 64 70 78 116 259 250 200 240 243 224 185 169 167 148 146 152 147 137 126 119 118 123 128 130 135 143 139 135 131 136 162 188 192 190 174 150 130
180 201 186 173 168 158 142 136 130 122 113 109 105 101 101 102 86 69 62 42 44 49 62 81 90 97 105 115 127 159 198 206 199 199 217 232 239 245 250 239 92 85 78 69 66 72 83 83 69 54 49 43 34 35 40 34 30 39 50 57 64 72 89 250 246 161 231 240 222 171 166 174 158 150 154 150 142 128 116 113 116 125 131 134 136 137 136 135 141 166 182 188 185 175 167 139
180 196 185 175 171 160 143 135 127 118 110 107 104 98 88 85 85 81 73 44 37 48 60 72 76 78 80 86 91 114 186 202 199 204 233 246 250 253 258 258 89 86 86 89 88 87 89 88 73 51 45 39 36 41 43 39 36 43 53 59 65 70 79 225 222 170 204 235 230 171 140 150 152 155 160 156 145 125 117 118 123 129 130 126 124 132 139 141 144 159 174 188 183 171 173 156
180 191 182 175 174 163 145 139 132 123 121 118 116 110 96 90 93 98 85 50 18 38 51 58 61 65 69 73 76 84 123 211 231 235 252 256 257 258 257 256 88 82 80 86 88 89 92 86 65 44 46 41 34 33 42 47 48 55 63 69 72 74 74 122 198 176 193 231 230 191 124 123 137 150 161 163 153 136 123 118 121 126 131 127 127 135 146 147 148 149 154 184 177 162 168 167
180 190 180 173 175 167 153 153 146 135 132 132 131 131 118 102 107 115 115 131 336 23 44 53 56 63 66 70 74 77 84 247 263 257 254 259 260 258 250 242 137 74 64 65 78 89 93 90 71 50 54 53 45 41 45 47 52 62 69 72 75 75 75 82 145 174 196 227 221 184 142 133 137 145 158 160 154 145 129 116 111 114 122 127 129 138 154 151 149 143 136 164 158 145 149 157
180 191 179 170 172 169 158 160 156 142 137 141 144 157 155 126 119 123 129 199 270 340 53 67 69 75 77 79 78 73 71 111 207 210 236 256 259 254 242 233 231 75 63 62 71 81 84 84 90 97 77 64 56 55 61 61 58 67 73 74 76 77 81 86 102 142 186 211 204 173 148 140 138 139 149 149 147 146 134 121 120 127 132 131 132 141 158 141 128 132 127 116 75 65 64 72
180 189 178 165 167 168 160 162 165 154 146 147 150 169 171 146 135 132 142 244 277 302 69 87 93 96 99 104 100 82 65 76 146 199 232 250 251 245 238 236 240 228 73 68 70 73 70 65 62 76 96 96 87 75 67 70 74 80 83 84 84 83 82 82 90 112 153 182 184 164 147 143 139 137 139 140 142 143 138 131 129 132 136 134 136 146 180 156 120 119 45 1 30 30 37 42
180 186 176 159 158 164 159 163 169 163 158 156 158 176 183 162 154 155 178 263 284 309 74 93 104 109 113 123 130 125 88 76 84 167 234 239 237 234 236 241 241 235 88 73 68 66 59 49 40 34 32 39 54 65 70 70 69 74 79 82 82 80 75 73 77 98 122 147 161 156 149 150 147 138 134 136 139 143 142 137 127 126 128 129 136 154 188 170 138 122 300 327 31 41 48 51
180 184 176 153 149 157 157 163 170 168 164 161 161 178 188 177 173 179 207 255 270 279 90 99 107 113 116 115 126 156 133 117 116 133 226 235 233 235 240 241 234 225 214 82 69 60 52 45 35 28 25 26 36 45 57 63 67 70 73 75 74 72 71 71 71 73 82 100 123 137 143 151 147 132 128 130 133 137 142 139 130 126 119 112 108 121 167 156 131 309 300 325 14 23 30 45
180 185 173 150 145 153 156 161 170 171 167 162 160 176 191 191 194 203 219 250 260 258 93 95 100 106 109 107 119 155 149 144 143 145 213 238 237 241 245 239 225 217 220 170 69 55 50 49 42 37 41 47 55 58 63 66 78 84 85 82 78 75 74 74 68 55 60 75 91 108 126 148 134 113 114 119 122 128 137 131 121 111 93 74 69 81 118 120 100 300 300 322 356 9 17 28
180 183 167 149 144 150 152 158 170 173 171 167 163 174 194 206 213 223 232 250 255 245 101 94 93 95 101 110 128 146 145 137 132 147 217 242 243 242 241 233 219 213 221 232 49 50 48 52 56 59 74 78 83 83 85 89 93 95 91 87 84 82 80 78 71 59 67 79 88 99 117 155 149 115 110 114 119 124 126 113 97 80 72 79 87 102 124 114 319 302 301 312 335 359 17 25
180 179 156 144 141 141 143 154 170 177 177 173 169 176 197 222 230 236 243 255 253 224 121 94 91 90 99 106 126 143 154 140 119 139 236 248 248 237 230 223 213 212 222 235 247 44 50 53 64 77 87 87 90 95 98 103 105 103 96 89 87 86 85 83 78 73 80 87 91 97 111 147 159 139 123 120 124 125 116 100 85 77 83 94 102 118 121 106 293 290 296 308 318 347 21 28
180 173 144 139 142 134 134 149 169 180 180 178 181 186 201 223 228 235 241 254 256 224 117 90 86 85 94 102 115 132 155 129 117 145 238 248 245 222 215 215 211 215 225 233 235 226 47 50 60 73 86 92 91 91 90 90 91 92 93 91 90 90 91 90 82 70 77 84 88 92 98 119 142 145 133 124 121 117 112 104 93 92 91 90 85 80 93 58 275 276 282 294 303 338 24 25
180 174 141 138 150 135 126 135 161 183 182 180 193 197 205 225 229 234 240 250 256 214 112 94 86 80 77 84 83 76 69 91 99 115 241 247 239 203 193 206 211 220 227 230 227 218 207 61 62 67 76 90 95 89 82 77 78 79 82 86 87 89 91 84 66 47 57 70 79 84 88 94 110 127 130 123 111 108 114 114 97 81 67 55 53 50 37 345 290 279 281 284 290 321 22 25
180 176 146 140 154 139 121 118 143 181 179 181 205 208 213 230 235 239 243 248 256 227 106 97 90 82 74 71 59 47 73 95 119 140 195 221 225 195 167 190 208 223 229 228 220 211 207 190 91 65 59 61 73 80 79 82 82 83 82 83 84 84 80 61 33 24 34 55 70 78 86 92 99 108 121 126 121 115 120 128 90 60 40 34 42 46 22 335 309 290 283 279 281 299 5 9
135 166 145 138 149 144 124 111 120 166 171 176 204 211 220 236 243 245 246 252 260 276 79 84 86 83 71 60 46 39 66 95 131 154 180 192 204 197 155 158 196 221 226 220 211 205 204 200 175 93 51 39 42 55 67 82 87 89 90 88 84 78 68 41 17 16 26 53 70 79 87 98 99 100 104 117 124 119 121 141 56 33 34 41 50 52 16 332 320 296 282 276 276 288 330 352
90 138 125 126 133 140 125 110 109 142 161 164 188 208 225 238 244 245 247 255 264 287 55 71 79 83 81 73 64 61 68 77 92 127 162 176 190 196 171 153 175 207 215 208 202 201 202 198 195 183 127 59 50 63 76 92 98 97 93 87 80 76 61 23 11 15 29 61 78 83 90 94 91 86 83 92 104 108 112 310 316 359 41 61 68 67 24 320 310 288 278 275 275 283 297 316
135 131 109 104 111 127 131 119 109 125 152 157 180 213 229 233 237 240 243 252 259 269 58 79 82 85 91 107 122 122 114 112 116 136 159 170 182 189 177 166 166 187 201 199 197 200 201 195 194 196 186 166 132 109 104 104 100 91 82 74 75 71 46 8 11 21 40 72 84 87 86 81 78 72 72 73 79 85 88 314 311 354 51 71 76 74 50 295 274 278 278 277 274 260 266 294
180 151 121 99 100 122 144 148 123 119 136 153 189 219 223 226 230 234 236 244 252 255 117 89 86 82 80 92 117 140 148 147 141 144 158 171 176 181 177 171 166 175 190 194 196 199 201 195 193 195 190 179 159 132 117 103 86 74 67 63 66 56 22 4 20 43 79 96 94 89 79 72 71 71 69 66 70 74 46 305 309 0 56 67 71 68 65 303 271 278 278 279 281 288 300 303
180 163 169 132 107 118 148 170 150 127 127 149 195 202 194 208 222 228 225 233 244 245 212 84 74 75 78 81 91 115 145 153 146 146 158 170 174 175 175 172 165 170 184 191 192 194 198 195 193 193 189 182 165 134 107 83 70 64 60 56 55 40 13 14 43 77 102 108 102 92 79 72 72 71 69 66 71 72 11 303 308 4 59 59 55 57 55 14 281 273 272 279 295 321 318 313
180 163 181 163 118 112 133 173 168 153 146 157 187 184 176 190 209 218 219 224 237 236 211 123 83 74 77 83 92 109 139 155 152 149 155 163 173 179 175 166 162 170 184 190 190 190 195 195 192 191 190 188 180 159 121 86 70 63 60 59 53 38 26 43 76 95 102 102 94 85 76 72 70 70 68 68 72 70 3 296 295 19 73 63 48 49 37 24 328 276 273 277 289 310 311 312
180 161 178 180 121 104 120 163 170 170 166 164 170 165 167 178 198 213 216 220 233 233 211 173 138 99 81 77 84 95 116 147 156 156 153 159 174 182 172 160 162 174 187 191 190 189 191 191 189 190 193 194 192 185 170 150 122 87 66 61 53 48 57 79 94 97 95 88 78 70 67 67 66 68 68 68 68 63 20 291 276 84 92 89 64 52 27 23 7 291 275 272 276 287 296 303
