wepppy/nodb/mods/locations/turkey/data/dem.asc
ncols         106
nrows         90
xllcorner     636518,58819277
yllcorner     4281126,2100402
cellsize      112,15558232932
NODATA_value  -9999
[rows 0 to 30 of 90, columns 0 to 68 of 106]
-9999 -9999 -9999 -9999 -9999 -9999 -9999 -9999 -9999 -9999 -9999 -9999 -9999 -9999 -9999 -9999 -9999 -9999 -9999 -9999 -9999 -9999 -9999 -9999 -9999 -9999 -9999 -9999 -9999 -9999 -9999 -9999 -9999 -9999 -9999 -9999 -9999 -9999 -9999 -9999 -9999 -9999 -9999 -9999 -9999 -9999 -9999 -9999 -9999 -9999 -9999 -9999 -9999 -9999 -9999 -9999 -9999 -9999 -9999 -9999 -9999 -9999 -9999 -9999 -9999 -9999 -9999 -9999 -9999
-9999 -9999 -9999 -9999 1020,609 1033,75 1070,575 -9999 -9999 -9999 -9999 -9999 -9999 -9999 -9999 -9999 -9999 -9999 -9999 -9999 -9999 -9999 -9999 -9999 -9999 -9999 -9999 -9999 -9999 -9999 -9999 -9999 -9999 -9999 -9999 -9999 -9999 -9999 -9999 -9999 -9999 -9999 -9999 -9999 -9999 -9999 -9999 -9999 -9999 -9999 -9999 -9999 -9999 -9999 -9999 -9999 -9999 -9999 -9999 -9999 -9999 -9999 -9999 -9999 -9999 -9999 -9999 -9999 -9999
-9999 -9999 -9999 1010 1010,983 1024,439 1050,556 1085,572 1090,758 -9999 -9999 -9999 -9999 -9999 -9999 -9999 -9999 -9999 -9999 -9999 -9999 -9999 -9999 -9999 -9999 -9999 -9999 -9999 -9999 -9999 -9999 -9999 -9999 -9999 -9999 -9999 -9999 -9999 -9999 -9999 -9999 -9999 -9999 -9999 -9999 -9999 -9999 -9999 -9999 -9999 -9999 -9999 -9999 -9999 -9999 -9999 -9999 -9999 -9999 -9999 -9999 -9999 -9999 -9999 -9999 -9999 -9999 -9999 -9999
-9999 -9999 1010 1010 1010 1010 1024,64 1041,863 1053,328 -9999 -9999 -9999 -9999 -9999 -9999 -9999 -9999 -9999 -9999 -9999 -9999 -9999 -9999 -9999 -9999 -9999 -9999 -9999 -9999 -9999 -9999 -9999 -9999 -9999 -9999 -9999 -9999 -9999 -9999 -9999 -9999 -9999 -9999 -9999 -9999 -9999 -9999 -9999 -9999 -9999 -9999 -9999 -9999 -9999 -9999 -9999 -9999 -9999 -9999 -9999 -9999 -9999 -9999 -9999 -9999 -9999 -9999 -9999 -9999
-9999 1024,988 1049,566 1032,586 1038,779 1040,511 1010 1022,9 1020 1075,942 1050,836 1072,628 -9999 -9999 -9999 -9999 -9999 -9999 -9999 -9999 -9999 -9999 -9999 -9999 -9999 -9999 -9999 -9999 -9999 -9999 -9999 -9999 -9999 -9999 -9999 -9999 -9999 -9999 -9999 -9999 -9999 -9999 -9999 -9999 -9999 -9999 -9999 -9999 -9999 -9999 -9999 -9999 -9999 -9999 -9999 -9999 -9999 -9999 -9999 -9999 -9999 -9999 -9999 -9999 -9999 -9999 -9999 -9999 -9999
-9999 -9999 1070 1066,176 1050 1059,617 1045,373 1070 1020 1022,059 1027,755 1043,199 1060,641 1054,776 -9999 -9999 -9999 -9999 -9999 -9999 -9999 -9999 -9999 -9999 -9999 -9999 -9999 -9999 -9999 -9999 -9999 -9999 -9999 -9999 -9999 -9999 -9999 -9999 -9999 -9999 -9999 -9999 -9999 -9999 -9999 -9999 -9999 -9999 -9999 -9999 -9999 -9999 -9999 -9999 -9999 -9999 -9999 -9999 -9999 -9999 -9999 -9999 -9999 -9999 -9999 -9999 -9999 -9999 -9999
-9999 -9999 -9999 1090,894 1082,431 1071,347 1078,864 1088,903 1079,434 1080,814 1077,652 1041,368 1044,065 1070,282 1050 1092,022 -9999 -9999 -9999 -9999 -9999 -9999 -9999 -9999 -9999 -9999 -9999 -9999 -9999 -9999 -9999 -9999 -9999 -9999 -9999 -9999 -9999 -9999 -9999 -9999 -9999 -9999 -9999 -9999 -9999 -9999 -9999 -9999 -9999 -9999 -9999 -9999 -9999 -9999 -9999 -9999 -9999 -9999 -9999 -9999 -9999 -9999 -9999 -9999 -9999 -9999 -9999 -9999 -9999
-9999 -9999 -9999 1111,638 1106,444 1094,024 1120,987 1091,198 1133,938 1143,455 1151,838 1147,674 1105,716 1152,829 1110,21 1056,945 1127,406 -9999 -9999 -9999 -9999 -9999 -9999 -9999 -9999 -9999 -9999 -9999 -9999 -9999 -9999 -9999 -9999 -9999 -9999 -9999 -9999 -9999 -9999 -9999 -9999 -9999 -9999 -9999 -9999 -9999 -9999 -9999 -9999 -9999 -9999 -9999 -9999 -9999 -9999 -9999 -9999 -9999 -9999 -9999 -9999 -9999 -9999 -9999 -9999 -9999 -9999 -9999 -9999
-9999 -9999 -9999 -9999 1128,471 1130 1141,789 1116,689 1143,606 1146,768 1160 1175 1140 1117,483 1060 1084,756 1146,75 1166,157 1197,81 -9999 -9999 -9999 -9999 -9999 -9999 -9999 -9999 -9999 -9999 -9999 -9999 -9999 -9999 -9999 -9999 -9999 -9999 -9999 -9999 -9999 -9999 -9999 -9999 -9999 -9999 -9999 -9999 -9999 -9999 -9999 -9999 -9999 -9999 -9999 -9999 -9999 -9999 -9999 -9999 -9999 -9999 -9999 -9999 -9999 -9999 -9999 -9999 -9999 -9999
-9999 -9999 -9999 -9999 -9999 1143,206 1161,98 1136,062 1166,215 1161,013 1169,937 1178,429 1162,334 1115,332 1090,212 1080 1091,784 1147,714 1179,737 1210 -9999 -9999 -9999 -9999 -9999 -9999 -9999 -9999 -9999 -9999 -9999 -9999 -9999 -9999 -9999 -9999 -9999 -9999 -9999 -9999 -9999 -9999 -9999 -9999 -9999 -9999 -9999 -9999 -9999 -9999 -9999 -9999 -9999 -9999 -9999 -9999 -9999 -9999 -9999 -9999 -9999 -9999 -9999 -9999 -9999 -9999 -9999 -9999 -9999
-9999 -9999 -9999 -9999 -9999 -9999 1150 1160,178 1146,992 1171,331 1173,699 1176,179 1170,807 1178,21 1142,644 1122,042 1100,524 1100,058 1163,559 1205,361 1220 1230 -9999 -9999 -9999 -9999 -9999 -9999 -9999 -9999 -9999 -9999 -9999 -9999 -9999 -9999 -9999 -9999 -9999 -9999 -9999 -9999 -9999 -9999 -9999 -9999 -9999 -9999 -9999 -9999 -9999 -9999 -9999 -9999 -9999 -9999 -9999 -9999 -9999 -9999 -9999 -9999 -9999 -9999 -9999 -9999 -9999 -9999 -9999
-9999 -9999 -9999 -9999 -9999 -9999 -9999 1169,197 1160 1160 1180 1180 1187,096 1180 1195 1175,638 1143,881 1116,129 1144,298 1169,586 1206,381 1222,92 1240 1245,684 1255,282 1266,546 1280 1290 1305,335 -9999 -9999 -9999 -9999 -9999 -9999 -9999 -9999 -9999 -9999 -9999 -9999 1350 1360 1370 -9999 -9999 -9999 -9999 -9999 -9999 -9999 -9999 -9999 -9999 -9999 -9999 -9999 -9999 -9999 -9999 -9999 -9999 -9999 -9999 -9999 -9999 -9999 -9999 -9999
-9999 -9999 -9999 -9999 -9999 -9999 -9999 1175 1175 1176,437 1178,483 1180 1189,613 1192,553 1202,953 1181,079 1171,659 1107,223 1124,911 1150,035 1173,6 1211,063 1216,391 1220,992 1237,209 1254,614 1261,208 1280 1290 1308,732 1311,611 1304,676 1305,197 1310 1314,973 -9999 -9999 -9999 1339,345 1336,222 1341,04 1345,922 1341,742 1356,639 1370 1375,266 1370 -9999 -9999 -9999 -9999 -9999 -9999 -9999 -9999 -9999 -9999 -9999 -9999 -9999 -9999 -9999 -9999 -9999 -9999 -9999 -9999 -9999 -9999
-9999 -9999 -9999 -9999 -9999 -9999 -9999 -9999 1175 1186,635 1193,868 1190,305 1205 1198,678 1204,112 1190 1186,247 1115,229 1150 1110 1155,167 1189,716 1182,612 1229,581 1255,316 1270 1270 1285,545 1295,951 1303,312 1296,121 1300 1300 1300,932 1302,285 1315,196 1324,699 1320,514 1333,895 1330 1330 1339,234 1340 1354,785 1369,474 1366,709 1360 1382,378 1393,565 1426,924 1430 -9999 -9999 -9999 -9999 -9999 -9999 -9999 -9999 -9999 -9999 -9999 -9999 -9999 -9999 -9999 -9999 -9999 -9999
-9999 -9999 -9999 -9999 -9999 -9999 -9999 -9999 -9999 1192,903 1201,89 1199,871 1209,194 1212,179 1217,793 1206,993 1210,304 1204,602 1189,137 1169,068 1129,753 1131,492 1197,043 1241,183 1249,626 1258,34 1279,646 1274,573 1274,277 1290 1300 1298,579 1294,715 1291,581 1299,183 1301,93 1310 1324,772 1320 1320 1320 1327,197 1330 1345,904 1360 1340,117 1356,675 1370 1395,099 1420,438 1427,942 1450,482 1447,894 1462,614 1481,356 -9999 1490,947 1484,959 1531,012 1530,647 1520 1506,577 -9999 -9999 -9999 -9999 -9999 -9999 -9999
-9999 -9999 -9999 -9999 -9999 -9999 -9999 -9999 -9999 -9999 1199,32 1210,892 1214,735 1221,318 1230 1229,795 1224,173 1227,979 1224,502 1189,918 1155,161 1120 1167,37 1208,361 1225,708 1264,611 1269,082 1258,523 1286,659 1295 1304,15 1290 1289,13 1287,908 1290 1294,653 1300,257 1310 1314,147 1320,984 1320 1324,836 1330,931 1330 1351,291 1340 1365,126 1359,003 1404,691 1406,461 1418,373 1424,373 1417,199 1440,715 1472,619 1496,607 1498,544 1500 1520 1494,824 1480 1525,006 1533,671 1530 1541,796 -9999 -9999 -9999 -9999
-9999 -9999 -9999 -9999 -9999 -9999 -9999 -9999 -9999 -9999 -9999 -9999 1217,982 1224,729 1233,762 1232,344 1238,905 1240 1239,619 1230,603 1213,442 1159,974 1130 1163,135 1216,97 1232,276 1231,073 1248,618 1275,948 1280,146 1280 1286,396 1280 1280 1275,539 1280,16 1288,433 1291,258 1308,5 1303,178 1303,12 1312,663 1334,091 1320 1329,717 1329,369 1337,73 1346,14 1383,233 1377,797 1382,96 1390 1430,59 1462,592 1466,019 1471,885 1476,182 1485,79 1503,286 1475,334 1497,559 1537,759 1555,927 1560,175 1553,542 1573,385 1566,382 -9999 -9999
-9999 -9999 -9999 -9999 -9999 -9999 -9999 -9999 -9999 -9999 -9999 -9999 -9999 -9999 1216,821 1215,549 1221,63 1226,477 1232,894 1236,321 1213,358 1173,026 1130 1150,841 1159,326 1172,829 1215,967 1248,415 1271,312 1266,475 1269,867 1260,47 1273,316 1265,838 1260,051 1269,567 1260,909 1274,608 1287,58 1292,803 1284,441 1322,961 1316,563 1322,783 1300 1309,078 1334,279 1350 1362,316 1354,227 1350,156 1398,546 1432,217 1431,361 1436,366 1444,854 1474,716 1456,13 1467,444 1451,37 1499,211 1521,221 1544,703 1565,288 1565 1576,363 1580 1582,014 1591,69
-9999 -9999 -9999 -9999 -9999 -9999 -9999 -9999 -9999 -9999 -9999 -9999 -9999 -9999 -9999 -9999 1205,686 1200 1208,304 1230 1225,65 1193,832 1131,911 1130 1138,697 1162,414 1208,279 1236,68 1229,232 1217,6 1238,574 1260 1245,775 1239,6 1240 1244,253 1223,557 1258,213 1268,066 1280 1284,92 1305,117 1310 1312,996 1308,495 1294,084 1315,647 1323,028 1344,607 1322,914 1349,312 1385,291 1404,331 1401,314 1407,686 1438,683 1464,364 1472,098 1428,017 1453,215 1478,9 1495,753 1525,46 1545,175 1555,693 1570,707 1551,822 1546,712 1564,135
-9999 -9999 -9999 -9999 -9999 -9999 -9999 -9999 -9999 -9999 -9999 -9999 -9999 -9999 -9999 -9999 -9999 -9999 -9999 1220 1242,941 1228,801 1184,969 1180,673 1152,337 1149,781 1147,569 1176,134 1160,657 1203,598 1228,687 1198,966 1229,054 1248,267 1241,706 1210 1253,944 1254,154 1240 1268,983 1247,87 1266,948 1284,225 1288,345 1291,708 1269,447 1299,095 1306,651 1315,464 1303,941 1326,496 1337,16 1369,91 1358,124 1402,985 1415,256 1438,694 1443,311 1421,485 1431,718 1446,301 1486,831 1526,322 1522,693 1539,669 1549,888 1517,599 1537,624 1551,498
-9999 -9999 -9999 -9999 -9999 -9999 -9999 -9999 -9999 -9999 -9999 -9999 -9999 -9999 -9999 -9999 -9999 -9999 -9999 -9999 1240 1245 1224,71 1215,571 1162,051 1159,302 1140 1156,151 1150,565 1150 1164,161 1239,925 1232,239 1254,812 1227,475 1224,41 1227,134 1220 1260 1256,146 1238,382 1268,276 1253,974 1251,127 1247,56 1257,953 1278,05 1280,647 1280,32 1280 1290 1320,785 1340,717 1339,15 1355,727 1390 1404,138 1389,148 1403,196 1374,939 1431,811 1459,011 1476,223 1474,317 1505,425 1514,399 1493,649 1531,651 1508,093
-9999 -9999 -9999 -9999 -9999 -9999 -9999 -9999 -9999 -9999 -9999 -9999 -9999 -9999 -9999 -9999 -9999 -9999 -9999 -9999 -9999 1220 1230 1208,751 1170 1160 1150,213 1140 1146,669 1150 1172,001 1229,066 1230 1205,995 1210,461 1170 1174,598 1218,26 1230,635 1229,969 1217,549 1237,116 1225,298 1246,326 1275 1262,076 1271,55 1268,14 1291,673 1316,022 1332,685 1360 1363,531 1363,313 1381,661 1373,442 1371,124 1355,579 1390 1370,467 1388,125 1407,894 1422,79 1446,647 1456,404 1467,273 1464,313 1494,975 1503,82
-9999 -9999 -9999 -9999 -9999 -9999 -9999 -9999 -9999 -9999 -9999 -9999 -9999 -9999 -9999 -9999 -9999 -9999 -9999 -9999 -9999 -9999 1200 1183,417 1170 1183,659 1160 1166,362 1175,661 1150 1184,707 1201,321 1198,032 1181,81 1182,075 1197,143 1180 1180 1180 1190 1214,768 1200,569 1229,875 1240,695 1240 1250 1258,356 1250 1266,395 1296,456 1308,871 1332,566 1330,578 1346,363 1364,177 1346,741 1340 1333,952 1348,78 1359,126 1346,615 1397,268 1431,768 1454,758 1436,059 1418,291 1422,233 1445,117 1485,414
-9999 -9999 -9999 -9999 -9999 -9999 -9999 -9999 -9999 -9999 -9999 -9999 -9999 -9999 -9999 -9999 -9999 -9999 -9999 -9999 -9999 -9999 -9999 1200,848 1190,236 1180 1201,575 1205 1193,231 1169,234 1162,633 1178,393 1178,131 1160 1186,268 1237,775 1198,673 1182,197 1213,866 1211,388 1190,354 1195,679 1208,952 1221,457 1240,56 1240 1224,261 1224,395 1223,531 1255,2 1284,6 1292,403 1293,419 1339,502 1337,955 1302,68 1314,057 1325,787 1318,802 1325,027 1349,005 1379,114 1396,585 1391,034 1400,534 1390 1434,651 1470,422 1470,512
-9999 -9999 -9999 -9999 -9999 -9999 -9999 -9999 -9999 -9999 -9999 -9999 -9999 -9999 -9999 -9999 -9999 -9999 -9999 -9999 -9999 -9999 -9999 -9999 1204,821 1200,524 1201,276 1180 1160 1158,218 1159,51 1181,723 1160 1187,693 1239,44 1247,575 1246,327 1216,269 1233,887 1276,343 1242,97 1216,374 1200 1200 1203,737 1211,093 1222,952 1269,455 1287,274 1263,05 1264,869 1260 1278,033 1300,668 1302,664 1298,62 1291,35 1300 1300 1304,333 1310 1321,162 1358,968 1361,8 1363,917 1404,828 1415,92 1434,878 1424,318
-9999 -9999 -9999 -9999 -9999 -9999 -9999 -9999 -9999 -9999 -9999 -9999 -9999 -9999 -9999 -9999 -9999 -9999 -9999 -9999 -9999 -9999 -9999 -9999 1212,519 1193,842 1192,552 1174,254 1180 1210 1210,324 1207,372 1219,407 1182,273 1216,188 1240 1264,264 1250,101 1253,781 1290,494 1306,677 1290,01 1286,563 1278,345 1259,363 1219,451 1222,117 1245,373 1314,191 1317,605 1250 1279,583 1291,327 1273,404 1280 1320,383 1337,127 1349,735 1362,406 1379,125 1380,23 1340,82 1322,748 1330 1339,197 1372,064 1372,13 1399,421 1404,15
-9999 -9999 -9999 -9999 -9999 -9999 -9999 -9999 -9999 -9999 -9999 -9999 -9999 -9999 -9999 -9999 -9999 -9999 -9999 -9999 -9999 -9999 -9999 -9999 1210 1191,028 1166,61 1160 1174,908 1202,685 1220 1230 1243,609 1216,856 1230,084 1273,435 1288,314 1268,255 1250,139 1260 1288,925 1313,928 1327,043 1345,531 1328,739 1295,687 1261,305 1248,265 1319,012 1349,604 1287,336 1302,312 1324,043 1300,498 1311,526 1358,449 1356,093 1361,18 1399,412 1440 1429,798 1405,193 1394,601 1360,115 1350,801 1342,133 1350 1365,158 1373,292
-9999 -9999 -9999 -9999 -9999 -9999 -9999 -9999 -9999 -9999 -9999 -9999 -9999 -9999 -9999 -9999 -9999 -9999 -9999 -9999 -9999 -9999 -9999 -9999 1202,352 1179,546 1161,828 1194,352 1205,559 1202,788 1225,579 1240,038 1230,957 1220,809 1232,378 1266,088 1271,259 1290 1251,598 1289,014 1317,427 1335,752 1368,416 1402,296 1383,791 1333,367 1263,524 1279,614 1310,037 1336,314 1346,624 1361,366 1347,209 1340 1361,47 1392,813 1372,205 1354,181 1390,251 1400,65 1403,301 1420,853 1441,13 1423,438 1380 1400,973 1391,913 1371,828 1366,028
-9999 -9999 -9999 -9999 -9999 -9999 -9999 -9999 -9999 -9999 -9999 -9999 -9999 -9999 -9999 -9999 -9999 -9999 -9999 -9999 -9999 -9999 -9999 -9999 1210 1194,694 1170 1189,155 1198,123 1204,397 1211,905 1226,971 1250 1240 1220 1230 1255,732 1280,354 1283,04 1271,168 1328,822 1334,051 1365,082 1386,128 1381,261 1351,984 1296,069 1252,038 1287,143 1333,884 1373,884 1377,819 1400,774 1387,773 1417,958 1410,434 1412,813 1400,048 1372,602 1389,488 1397,432 1400 1447,664 1440,961 1395,619 1452,326 1424,91 1414,518 1392,97
-9999 -9999 -9999 -9999 -9999 -9999 -9999 -9999 -9999 -9999 -9999 -9999 -9999 -9999 -9999 -9999 -9999 -9999 -9999 -9999 -9999 -9999 -9999 -9999 1220 1229,87 1187,011 1194,704 1180 1183,044 1203,415 1220 1244,637 1266,871 1243,002 1231,414 1260,334 1294,228 1320 1277,194 1296,642 1342,058 1366,333 1358,445 1375,15 1356,621 1323,664 1272,426 1269,128 1342,269 1350,679 1384,605 1391,926 1417,715 1406,682 1375,107 1393,248 1435 1404,143 1430 1424,513 1408,785 1440,108 1486,46 1460,268 1457,965 1475,448 1456,954 1440,425
-9999 -9999 -9999 -9999 -9999 -9999 -9999 -9999 -9999 -9999 -9999 -9999 -9999 -9999 -9999 -9999 -9999 -9999 -9999 -9999 -9999 -9999 -9999 -9999 1234,806 1228,413 1193,058 1236,481 1224,919 1180 1197,621 1229,176 1243,297 1269,194 1244,729 1230 1249,443 1280,019 1320,437 1299,949 1312,893 1348,18 1348,155 1352,407 1360,063 1360 1342,462 1313,827 1270,237 1307,952 1339,886 1337,844 1344,26 1379,896 1360 1399,485 1386,86 1402,1 1444,732 1463,14 1453,059 1420 1460,405 1495,702 1502,324 1502,597 1523,393 1486,597 1441,667
