wepppy/nodb/mods/locations/turkey/data/dem.asc
ncols         106
nrows         90
xllcorner     636518,58819277
yllcorner     4281126,2100402
cellsize      112,15558232932
NODATA_value  -9999
[rows 31 to 61 of 90, columns 0 to 68 of 106]
-9999 -9999 -9999 -9999 -9999 -9999 -9999 -9999 -9999 -9999 -9999 -9999 -9999 -9999 -9999 -9999 -9999 -9999 -9999 -9999 -9999 -9999 -9999 -9999 1242,094 1234,522 1208,427 1240,185 1240,014 1190 1194,855 1234,259 1244,446 1272,627 1256,075 1244,536 1248,748 1281,601 1313,439 1321,239 1307,078 1338,249 1330,149 1340 1345,445 1353,789 1331,028 1322,391 1285,547 1284,49 1290 1304,155 1328,314 1341,788 1393,732 1425 1420 1400 1420 1463,737 1476,232 1435,194 1469,523 1500,86 1540,292 1549,969 1564,284 1500,505 1482,015
-9999 -9999 -9999 -9999 -9999 -9999 -9999 -9999 -9999 -9999 -9999 -9999 -9999 -9999 -9999 -9999 -9999 -9999 -9999 -9999 -9999 -9999 -9999 -9999 1238,118 1247,217 1222,432 1240 1190 1190,888 1204,387 1225,299 1267,235 1279,013 1275 1254,5 1248,893 1286,236 1290,168 1305,813 1321,535 1315,495 1329,948 1330 1356,357 1363,406 1345,52 1331,551 1316,515 1294,488 1280 1338,831 1355,971 1370 1379,215 1390 1400,313 1440 1451,235 1486,471 1501,436 1468,504 1461,554 1496,896 1535,238 1561,672 1590 1549,256 1501,726
-9999 -9999 -9999 -9999 -9999 -9999 -9999 -9999 -9999 -9999 -9999 -9999 -9999 -9999 -9999 -9999 -9999 -9999 -9999 -9999 -9999 -9999 -9999 1255 1248,458 1230 1240,533 1252,466 1221,391 1213,853 1235 1220 1252,632 1250 1274,7 1268,956 1250 1270,672 1288,821 1301,481 1334,32 1330 1331,521 1340 1342,613 1373,514 1365,252 1339,533 1318,299 1305,124 1280 1314,172 1349,314 1365,16 1383,428 1393,534 1410 1407,148 1445,783 1453,978 1475,371 1500,865 1485,652 1485,552 1497,95 1550,846 1594,886 1596,295 1553,403
-9999 -9999 -9999 -9999 -9999 -9999 -9999 -9999 -9999 -9999 -9999 -9999 -9999 -9999 -9999 -9999 -9999 -9999 -9999 -9999 -9999 -9999 -9999 1250,311 1240 1240 1249,205 1230 1217,616 1200 1225,369 1250 1230 1263,662 1271,449 1287,167 1258,756 1272,994 1306,538 1313,629 1336,653 1344,658 1366,493 1350 1359,82 1351,712 1387,701 1354,134 1312,005 1290 1304,248 1320,024 1339,971 1370 1364,038 1379,672 1387,383 1400,879 1404,087 1435,811 1480,778 1510 1516,46 1530,059 1514,925 1567,4 1614,302 1632,353 1577,906
-9999 -9999 -9999 -9999 -9999 -9999 -9999 -9999 -9999 -9999 -9999 -9999 -9999 -9999 -9999 -9999 -9999 -9999 -9999 -9999 -9999 -9999 -9999 1258,638 1260,789 1247,559 1275,394 1246,29 1234,972 1210 1222,442 1265 1237,328 1248,855 1280,931 1282,237 1275,658 1266,773 1283,118 1326,763 1359,011 1358,729 1352,671 1370 1360 1340 1342,995 1333,713 1311,93 1290,094 1324,532 1344,443 1330 1339,462 1340 1340,829 1357,609 1383,204 1418,393 1450 1469,617 1498,6 1544,817 1555,819 1520 1545,954 1589,877 1630,963 1614,495
-9999 -9999 -9999 -9999 -9999 -9999 -9999 -9999 -9999 -9999 -9999 -9999 -9999 -9999 -9999 -9999 -9999 -9999 -9999 -9999 -9999 -9999 -9999 1289,061 1272,622 1253,149 1257,452 1220 1220,881 1220,822 1260 1261,898 1240 1242,74 1251,88 1268,215 1283,586 1262,708 1312,334 1349,537 1351,041 1333,511 1340 1371,356 1375,715 1350 1333,882 1320 1310,972 1290 1296,515 1306,926 1318,18 1329,864 1345,991 1370,906 1375,706 1409,323 1435,168 1429,808 1463,956 1510,63 1529,567 1538,661 1550 1550 1568,852 1609,603 1620
-9999 -9999 -9999 -9999 -9999 -9999 -9999 -9999 -9999 -9999 -9999 -9999 -9999 -9999 -9999 -9999 -9999 -9999 -9999 -9999 -9999 -9999 -9999 1273,413 1279,12 1260 1264,029 1248,882 1226,687 1246,179 1250 1260,825 1255,738 1265,062 1258,151 1282,186 1291,371 1267,734 1303,249 1324,17 1318,099 1332,626 1360 1374,1 1371,449 1375 1360,197 1338,424 1319,715 1316,676 1307,087 1300 1321,642 1337,132 1372,701 1365,442 1374,474 1375,479 1389,345 1423,547 1472,457 1480,702 1480,792 1488,128 1518,107 1567,65 1587,629 1615,812 1637,109
-9999 -9999 -9999 -9999 -9999 -9999 -9999 -9999 -9999 -9999 -9999 -9999 -9999 -9999 -9999 -9999 -9999 -9999 -9999 -9999 -9999 -9999 -9999 1279,537 1287,703 1274,688 1270 1260,133 1235,846 1240,391 1251,884 1262,541 1270 1280 1276,651 1270 1286,224 1286,377 1283,906 1300 1318,577 1350,936 1360,956 1353,656 1361,973 1354,762 1354,172 1375,311 1362,37 1329,84 1341,859 1322,495 1310 1325,258 1341,77 1345,739 1350,447 1360 1381,348 1416,096 1432,23 1440,184 1443,105 1475,252 1519,645 1560,628 1594,924 1647,31 1645,257
-9999 -9999 -9999 -9999 -9999 -9999 -9999 -9999 -9999 -9999 -9999 -9999 -9999 -9999 -9999 -9999 -9999 -9999 -9999 -9999 -9999 -9999 -9999 1281,725 1300 1296,245 1274,023 1256,574 1238,132 1238,251 1256,446 1266,687 1288,005 1285,026 1290 1287,049 1284,335 1303,804 1298,807 1290 1319,859 1359,191 1369,027 1341,479 1342,142 1342,54 1368,545 1402,449 1365,257 1359,682 1358,233 1323,35 1316,737 1320,259 1320 1329,691 1347,237 1375,467 1374,106 1390 1400 1433,781 1468,3 1494,22 1504,861 1497,904 1558,967 1620,135 1671,88
-9999 -9999 -9999 -9999 -9999 -9999 -9999 -9999 -9999 -9999 -9999 -9999 -9999 -9999 -9999 -9999 -9999 -9999 -9999 -9999 -9999 -9999 -9999 1278,518 1283,172 1311,077 1279,239 1256,992 1240 1250 1265,784 1275,959 1279,738 1280 1290,676 1316,8 1300 1304,044 1306,219 1298,424 1300 1324,471 1320,202 1320 1339,092 1347,266 1371,632 1400,213 1388,342 1385,275 1353,148 1332,935 1342,551 1349,366 1331,415 1325,275 1337,834 1350 1383,829 1410,953 1430 1423,078 1437,444 1443,287 1449,656 1471,41 1528,118 1589,475 1645,831
-9999 -9999 -9999 -9999 -9999 -9999 -9999 -9999 -9999 -9999 -9999 -9999 -9999 -9999 -9999 -9999 -9999 -9999 -9999 -9999 -9999 -9999 -9999 -9999 1270 1305,098 1285,619 1254,814 1240 1240 1250 1262,332 1281,713 1296,652 1296,819 1329,728 1330,233 1313,158 1322,949 1325,739 1322,977 1312,514 1311,019 1326,597 1321,48 1330 1340 1350 1372,871 1382,153 1350 1352,135 1351,682 1384,046 1348,228 1352,776 1331,494 1347,317 1362,269 1390,465 1404,84 1396,068 1403,82 1413,298 1442,274 1491,627 1541,019 1585,096 1604,964
-9999 -9999 -9999 -9999 -9999 -9999 -9999 -9999 -9999 -9999 -9999 -9999 -9999 -9999 -9999 -9999 -9999 -9999 -9999 -9999 -9999 -9999 -9999 -9999 1265,06 1302,558 1288,148 1262,26 1241,565 1260 1257,165 1290 1300 1315,44 1320,943 1320,512 1346,396 1351,26 1349,474 1340 1335,658 1337,416 1320 1343,894 1340 1355,374 1341,484 1368,743 1364,631 1375,377 1366,41 1377,005 1370 1388,047 1356,289 1360 1358,192 1340 1352,788 1367,854 1374,276 1380 1398,361 1427,961 1462,403 1503,258 1525,803 1528,22 1551,492
-9999 -9999 -9999 -9999 -9999 -9999 -9999 -9999 -9999 -9999 -9999 -9999 -9999 -9999 -9999 -9999 -9999 -9999 -9999 -9999 -9999 -9999 -9999 -9999 1268,448 1302,225 1303,681 1265,341 1242,049 1250 1250 1280 1300 1330,374 1357,821 1344,06 1340 1354,6 1372,319 1346,873 1350 1330 1331,199 1350,157 1350 1359,189 1350 1374,533 1380 1379,452 1374,751 1379,184 1380 1380 1370,899 1395,484 1411,973 1370 1356,385 1356,756 1360 1376,111 1410,256 1428,114 1473,972 1456,513 1481,794 1499,719 1534,755
-9999 -9999 -9999 -9999 -9999 -9999 -9999 -9999 -9999 -9999 -9999 -9999 -9999 -9999 -9999 -9999 -9999 -9999 -9999 -9999 -9999 -9999 -9999 -9999 1318,319 1316,43 1314,422 1294,479 1280 1250,662 1254,133 1290,944 1324,882 1340,893 1330,608 1319,731 1350,227 1359,503 1367,566 1380 1340,726 1347,115 1350 1340 1357,439 1360 1360,414 1367,211 1390 1390 1388,418 1384,618 1390 1387,224 1380,558 1414,634 1450 1403,891 1397,851 1390,436 1392,186 1370 1388,897 1421,922 1448,582 1422,789 1440,158 1482,725 1519,882
-9999 -9999 -9999 -9999 -9999 -9999 -9999 -9999 -9999 -9999 -9999 -9999 -9999 -9999 -9999 -9999 -9999 -9999 -9999 -9999 -9999 -9999 -9999 -9999 1350 1339,854 1330 1317,6 1279,507 1260 1272,215 1294,746 1317,532 1318,143 1300 1339,973 1330 1337,69 1356,263 1374,549 1375,633 1376,485 1369,933 1350 1361,817 1380 1386,913 1365,49 1384,29 1400 1410 1400 1400 1413,436 1411,587 1404,896 1440 1403,894 1400,326 1429,893 1416,657 1371,707 1384,878 1412,965 1422,698 1413,664 1433,406 1454,508 1456,09
-9999 -9999 -9999 -9999 -9999 -9999 -9999 -9999 -9999 -9999 -9999 -9999 -9999 -9999 -9999 -9999 -9999 -9999 -9999 -9999 -9999 -9999 -9999 -9999 1341,141 1329,528 1319,041 1314,069 1278,666 1260 1265,511 1277,835 1286,023 1290 1311,015 1322,168 1359,645 1370 1383,762 1363,382 1372,804 1378,769 1392,745 1370,597 1384,101 1370,027 1390 1384,753 1385,595 1399,3 1418,578 1415,389 1415,408 1432,937 1436,533 1446,015 1444,613 1422,482 1406,176 1450 1463,155 1407,809 1376,48 1385,445 1391,972 1399,414 1403,874 1421,547 1457,623
-9999 -9999 -9999 -9999 -9999 -9999 -9999 -9999 -9999 -9999 -9999 -9999 -9999 -9999 -9999 -9999 -9999 -9999 -9999 -9999 -9999 -9999 -9999 -9999 1320,414 1310,585 1317,303 1293,326 1270 1278,375 1268,538 1270 1270 1312,835 1340 1348,425 1355 1355,845 1360 1347,697 1362,4 1360 1386,204 1390,331 1402,899 1391,579 1400,544 1400 1410 1411,705 1419,531 1457,594 1433,092 1457,441 1475,92 1460 1440 1422,749 1428,064 1460,484 1495,256 1438,278 1418,208 1402,803 1393,507 1436,148 1431,323 1410 1432,89
-9999 -9999 -9999 -9999 -9999 -9999 -9999 -9999 -9999 -9999 -9999 -9999 -9999 -9999 -9999 -9999 -9999 -9999 -9999 -9999 -9999 -9999 -9999 -9999 1305,363 1300 1295,902 1297,941 1310 1300,818 1284,577 1270 1284,079 1303,906 1324,046 1340 1359,865 1340 1347,968 1340 1350,867 1369,133 1373,124 1369,61 1384,695 1402,685 1425 1400,991 1400,328 1420,422 1440 1461,475 1480 1496,432 1491,74 1482,576 1470 1450 1453,064 1510,687 1516,381 1488,11 1464,686 1423,476 1400 1452,14 1500,513 1479,711 1437,579
-9999 -9999 -9999 -9999 -9999 -9999 -9999 -9999 -9999 -9999 -9999 -9999 -9999 -9999 -9999 -9999 -9999 -9999 -9999 -9999 -9999 -9999 -9999 -9999 1324,509 1336,099 1333,894 1308,636 1295,155 1280 1280 1293,714 1310 1330 1322,755 1330 1336,39 1341,086 1333,32 1342,578 1360 1372,998 1364,885 1350 1366,584 1381,14 1391,268 1380 1410 1400 1432,275 1450 1460 1480,97 1527,545 1515,664 1478,673 1450,948 1489,762 1525,356 1500 1481,478 1470,369 1428,188 1400 1463,535 1498,64 1522,083 1483,057
-9999 -9999 -9999 -9999 -9999 -9999 -9999 -9999 -9999 -9999 -9999 -9999 -9999 -9999 -9999 -9999 -9999 -9999 -9999 -9999 -9999 -9999 -9999 1341,821 1342,997 1354,97 1332,493 1302,608 1299,308 1296,51 1280 1290,397 1307,123 1312,041 1320,309 1320 1330 1335,539 1328,005 1346,661 1340,797 1345,376 1342,125 1350,566 1370 1364,434 1360 1382,999 1394,106 1407,575 1412,275 1429,935 1466,238 1502,118 1500 1525,679 1509,642 1500,089 1508,436 1550 1520,36 1498,071 1486,766 1436,77 1410,156 1453,203 1493,617 1534,092 1544,081
-9999 -9999 -9999 -9999 -9999 -9999 -9999 -9999 -9999 -9999 -9999 -9999 -9999 -9999 -9999 -9999 -9999 -9999 -9999 -9999 -9999 -9999 -9999 1372,757 1368,697 1340 1314,476 1310 1317,363 1300 1297,74 1295,389 1292,065 1303,599 1312,246 1327,865 1310,853 1320 1320 1324,238 1331,219 1340 1347,297 1340 1350 1358,894 1385 1382,789 1390 1400,672 1422,589 1444,529 1482,548 1500 1474,328 1491,401 1515,552 1550 1534,009 1534,312 1517,317 1530 1489,998 1452,171 1420 1452,317 1475,155 1525,144 1573,701
-9999 -9999 -9999 -9999 -9999 -9999 -9999 -9999 -9999 -9999 -9999 -9999 -9999 -9999 -9999 -9999 -9999 -9999 -9999 -9999 -9999 -9999 -9999 1394,868 1381,96 1341,102 1328,307 1316,582 1310 1314,878 1301,003 1300 1307,029 1300 1301,802 1310 1311,969 1330 1332,493 1322,024 1330 1340 1344,782 1348,826 1360 1360 1366,462 1380 1400 1422,305 1440 1464,227 1469,221 1469,224 1450,66 1492,301 1505,566 1522,98 1579,954 1552,996 1521,604 1510,238 1460 1451,513 1425,415 1467,813 1505,092 1526,399 1548,568
-9999 -9999 -9999 -9999 -9999 -9999 -9999 -9999 -9999 -9999 -9999 -9999 -9999 -9999 -9999 -9999 -9999 -9999 -9999 -9999 -9999 -9999 -9999 -9999 1360,288 1330,463 1322,742 1340 1327,072 1309,475 1300 1340 1314,017 1344,504 1314,326 1307,416 1320 1339,531 1344,337 1357,104 1343,071 1357,425 1340 1340 1340 1355,719 1367,48 1380 1399,305 1411,233 1416,612 1442,616 1439,122 1431,927 1432,505 1466,626 1492,872 1541,499 1585,579 1553,153 1505,901 1483,885 1481,663 1451,106 1439,289 1450 1471,834 1513,773 1552,622
-9999 -9999 -9999 -9999 -9999 -9999 -9999 -9999 -9999 -9999 -9999 -9999 -9999 -9999 -9999 -9999 -9999 -9999 -9999 -9999 -9999 -9999 -9999 -9999 1353,358 1347,62 1347,478 1342,28 1318,757 1318,358 1310 1345,596 1329,255 1339,382 1360 1325,345 1330,415 1360,31 1368,616 1371,15 1360 1383,834 1360 1381,96 1358,748 1355,367 1351,051 1369,97 1381,038 1397,149 1440 1425,928 1412,489 1427,504 1476,854 1490 1490 1538,908 1610 1579,002 1546,802 1510,373 1457,515 1445,586 1455,753 1506,146 1497,471 1499,012 1533,42
-9999 -9999 -9999 -9999 -9999 -9999 -9999 -9999 -9999 -9999 -9999 -9999 -9999 -9999 -9999 -9999 -9999 -9999 -9999 -9999 -9999 -9999 -9999 -9999 1357,927 1365,873 1346,461 1340 1327,74 1322,965 1317,492 1352,639 1350 1371,984 1371,95 1346,361 1329,128 1362,063 1386,191 1390 1390,638 1407,343 1404,612 1398,739 1388,617 1370,849 1368,673 1360 1370,78 1389,018 1395,689 1400 1425,467 1440,298 1450,001 1466,183 1499,601 1545,087 1577,166 1575,698 1545,183 1501,886 1489,515 1452,632 1492,868 1533,994 1568,717 1556,748 1592,928
-9999 -9999 -9999 -9999 -9999 -9999 -9999 -9999 -9999 -9999 -9999 -9999 -9999 -9999 -9999 -9999 -9999 -9999 -9999 -9999 -9999 -9999 -9999 -9999 1369,852 1360 1356,078 1336,624 1340 1333,89 1320 1341,597 1369,671 1405 1397,78 1358,157 1330,957 1347,59 1357,93 1385,876 1397,474 1412,822 1430 1440 1400,714 1370 1390 1363,549 1376,747 1390,509 1400 1420 1420 1416,559 1430 1472,721 1512,001 1547,269 1536,395 1521,076 1570,377 1510,94 1490,143 1460 1493,862 1507,513 1552,599 1615,043 1649,462
-9999 -9999 -9999 -9999 -9999 -9999 -9999 -9999 -9999 -9999 -9999 -9999 -9999 -9999 -9999 -9999 -9999 -9999 -9999 -9999 -9999 -9999 -9999 -9999 1376,619 1380 1374,08 1340,694 1350,939 1353,48 1331,052 1338,023 1380,929 1380 1420 1398,367 1361,446 1345,249 1353,981 1367,702 1380 1403,738 1425,067 1416,88 1400,34 1399,359 1404,458 1408,317 1370 1380 1393,357 1419,767 1410 1433,227 1423,392 1450 1466,029 1498,333 1486,992 1534,331 1545,838 1531,632 1485,914 1470 1492,123 1516,159 1557,457 1590,517 1609,685
-9999 -9999 -9999 -9999 -9999 -9999 -9999 -9999 -9999 -9999 -9999 -9999 -9999 -9999 -9999 -9999 -9999 -9999 -9999 -9999 -9999 -9999 -9999 1360 1380 1379,403 1360,063 1360,97 1378,696 1358,997 1339,395 1343,559 1362,755 1393,679 1403,68 1426,058 1399,13 1376,233 1350 1395,656 1402,693 1421,163 1440 1440,738 1421,314 1438,862 1428,26 1447,231 1390 1393,771 1396,668 1399,897 1403,931 1457,509 1445,366 1430 1446,583 1460 1495,494 1499,979 1508,477 1555,422 1510,861 1490,016 1485,969 1500 1525,281 1543,868 1587,384
-9999 -9999 -9999 -9999 -9999 -9999 -9999 -9999 -9999 -9999 -9999 -9999 -9999 -9999 -9999 -9999 -9999 -9999 -9999 -9999 -9999 -9999 -9999 1389,567 1391,107 1393,262 1379,075 1370,899 1380 1360 1350,083 1340 1353,836 1370 1391,458 1406,566 1417,788 1390,714 1360 1395,954 1433,917 1465,885 1469,141 1447,358 1471,697 1481,358 1469,65 1460,146 1423,636 1429,191 1405,535 1438,821 1446,672 1457,759 1468,695 1454,755 1446,095 1450 1460 1486,007 1522,068 1555,059 1533,025 1500,035 1486,492 1512,979 1512,562 1531,349 1563,136
-9999 -9999 -9999 -9999 -9999 -9999 -9999 -9999 -9999 -9999 -9999 -9999 -9999 -9999 -9999 -9999 -9999 -9999 -9999 -9999 -9999 -9999 -9999 1427,543 1410 1419,504 1416,594 1394,557 1394,504 1388,837 1370,975 1352,04 1359,063 1360 1374,084 1397,018 1418,769 1396,252 1372,836 1409,171 1433,082 1461,352 1498,474 1490,12 1470 1492,159 1520 1491,153 1462,253 1438,71 1460,495 1484,606 1489,635 1500 1482,829 1465,496 1453,894 1462,75 1495,104 1510 1532,146 1567,141 1564,045 1514,186 1495,102 1529,824 1567,93 1593,076 1577,375
-9999 -9999 -9999 -9999 -9999 -9999 -9999 -9999 -9999 -9999 -9999 -9999 -9999 -9999 -9999 -9999 -9999 -9999 -9999 -9999 -9999 -9999 1447,051 1441,36 1430,388 1461,031 1443,92 1407,303 1426,59 1411,38 1405,378 1364,056 1361,986 1397,423 1399,531 1397,877 1417,32 1414,123 1383,309 1391,229 1422,307 1457,688 1489,807 1493,657 1490 1511,536 1530 1495,961 1485,839 1450 1460 1471,055 1520 1505,943 1486,721 1469,391 1463,264 1473,896 1480 1490 1493,774 1510 1550 1527,171 1519,297 1534,4 1589,017 1601,772 1648,318
