wepppy/_scripts/Test_Watershed_15/dem/topaz/FVSLOP.ARC
ncols   179
nrows   167
xllcorner  746128
yllcorner 4319283
cellsize   30.00
nodata_value    -1.0
[rows 0 to 28 of 167, columns 0 to 66 of 179]
-1.00000 0.02000 0.03000 -1.00000 0.00333 0.02000 0.04333 0.09667 0.17000 0.23667 0.32000 0.41667 0.42000 0.48000 0.51000 0.38667 0.12333 0.16667 0.32333 0.36000 0.27000 0.18000 0.10000 0.15333 0.08667 0.10333 0.26333 0.28756 0.43605 0.51147 0.48319 0.42662 0.34667 0.32056 0.54447 0.54919 0.50676 0.57747 0.58218 0.52562 0.42898 0.40305 0.35827 0.31820 0.32291 0.38184 0.37005 0.27106 0.18333 0.10000 0.05000 0.03333 0.01667 0.01667 0.01000 0.00707 0.01000 0.00333 -1.00000 -1.00000 0.00471 0.02667 -1.00000 0.01667 0.00333 -1.00000 0.00667
0.09333 0.04333 0.02828 0.04000 0.04667 0.06333 0.09664 0.18620 0.24984 0.34413 0.43841 0.53033 0.55861 0.62225 0.65054 0.44076 0.23570 0.35827 0.51855 0.56097 0.52797 0.37712 0.16971 0.18856 0.16667 0.20667 0.31820 0.37712 0.47140 0.52090 0.49733 0.40305 0.25456 0.39834 0.61667 0.54683 0.52797 0.58926 0.53740 0.45019 0.36298 0.36770 0.35355 0.35591 0.36062 0.36298 0.27341 0.13199 0.06667 0.03667 0.02333 0.02333 0.01179 0.02000 0.01333 0.01000 0.00471 0.00471 0.00333 0.00000 0.00667 0.01414 0.01333 0.01667 0.00236 0.00667 0.00667
0.08014 0.08721 0.07333 0.07333 0.08667 0.06835 0.11314 0.24000 0.30406 0.42898 0.49026 0.54212 0.57747 0.60811 0.54447 0.24042 0.28000 0.47140 0.56804 0.58454 0.48083 0.25667 0.14000 0.18333 0.12021 0.11000 0.31333 0.44333 0.45255 0.48790 0.41484 0.29463 0.30641 0.52562 0.61333 0.60340 0.57276 0.57747 0.48790 0.41484 0.37241 0.39127 0.38655 0.38655 0.34413 0.27106 0.16000 0.05667 0.03064 0.01414 0.02121 0.03536 0.02357 0.02357 0.01886 0.01886 0.01333 0.00707 0.00667 0.00000 0.00707 0.01000 0.00667 0.01179 0.00667 0.00667 0.00236
0.05421 0.08250 0.10000 0.13333 0.11333 0.08667 0.18620 0.32763 0.42426 0.50912 0.49969 0.53033 0.59633 0.56333 0.38184 0.23333 0.44076 0.54447 0.58926 0.54919 0.27577 0.29000 0.16333 0.17667 0.17333 0.10371 0.18620 0.32000 0.35591 0.42191 0.30333 0.30877 0.44548 0.57511 0.63168 0.65525 0.60811 0.59868 0.54683 0.48319 0.42426 0.42662 0.40541 0.35827 0.25927 0.15000 0.05657 0.03771 0.02828 0.02357 0.02828 0.03667 0.02333 0.01179 0.00707 0.01650 0.01667 0.00707 0.01178 0.01000 0.00667 0.00667 0.00471 0.00943 0.00667 0.00707 0.00667
0.02357 0.02121 0.05333 0.09000 0.08667 0.11333 0.24042 0.38184 0.46433 0.49733 0.44783 0.49497 0.56569 0.44076 0.29934 0.40541 0.57747 0.57511 0.58218 0.34648 0.30170 0.21667 0.14378 0.17442 0.19328 0.24000 0.16028 0.19328 0.27341 0.34333 0.28991 0.45019 0.51147 0.58926 0.64111 0.64582 0.56804 0.56097 0.50205 0.43134 0.40305 0.45019 0.40541 0.28049 0.15667 0.05667 0.03333 0.02000 0.02333 0.02000 0.01333 0.01000 0.00667 0.01414 0.01178 0.01333 0.00236 0.00667 0.01000 0.00707 0.01000 0.00667 0.00667 0.00236 0.00707 0.00707 0.00333
0.03300 0.05000 0.07333 0.10371 0.08333 0.20000 0.35591 0.48555 0.50912 0.49497 0.43841 0.49262 0.51147 0.37948 0.40069 0.55390 0.61518 0.56097 0.41955 0.41012 0.29667 0.24000 0.16499 0.23570 0.23806 0.21213 0.24333 0.20000 0.24042 0.29698 0.42191 0.57276 0.54919 0.60104 0.61283 0.59397 0.55154 0.53033 0.49026 0.44312 0.42426 0.42426 0.28520 0.14333 0.08000 0.05333 0.05667 0.05333 0.05000 0.03000 0.02121 0.01667 0.00943 0.02667 0.00667 0.00000 0.00333 0.00471 0.00707 0.01000 0.01000 0.00707 0.00943 0.00667 0.01333 0.01179 0.01333
0.06000 0.08333 0.10135 0.09192 0.11333 0.24749 0.42426 0.52326 0.55626 0.53504 0.53033 0.57040 0.54212 0.48319 0.54919 0.62225 0.61754 0.43134 0.45019 0.41248 0.25000 0.16000 0.21685 0.28756 0.28284 0.26163 0.26870 0.23335 0.26399 0.35827 0.50676 0.57511 0.56097 0.58690 0.61518 0.60104 0.57040 0.54447 0.53740 0.49969 0.42898 0.32291 0.15667 0.06600 0.04007 0.03667 0.03000 0.01886 0.02121 0.02357 0.02333 0.01333 0.01333 0.02000 0.00236 0.01000 0.00471 0.00707 0.00667 0.01000 0.00707 0.01000 0.00471 0.01000 0.00943 0.01333 0.01333
0.05333 0.08333 0.10371 0.12000 0.26000 0.40305 0.54919 0.60575 0.60811 0.55861 0.58454 0.59161 0.55390 0.57511 0.63168 0.64582 0.50676 0.44076 0.48555 0.37712 0.21667 0.17667 0.24042 0.30170 0.28756 0.24513 0.22627 0.21213 0.34413 0.46669 0.54212 0.57040 0.57983 0.55390 0.59397 0.57747 0.56804 0.53976 0.51147 0.43605 0.28049 0.17333 0.06000 0.03333 0.02000 0.01333 0.00707 0.01000 0.01333 0.01333 0.00333 0.00000 0.00333 0.00707 0.01667 0.01333 0.00000 0.00667 0.00943 0.01667 0.00471 0.01414 0.01667 0.01000 0.00471 0.00236 0.00667
0.08667 0.13435 0.21667 0.35667 0.44312 0.55154 0.63640 0.64818 0.62461 0.60104 0.60575 0.56569 0.55390 0.61518 0.62933 0.57276 0.47376 0.49497 0.45255 0.31820 0.20667 0.24333 0.27341 0.28756 0.22392 0.16263 0.12000 0.17442 0.38184 0.46669 0.52326 0.56569 0.56569 0.53976 0.60340 0.59161 0.59868 0.56097 0.50676 0.35355 0.19333 0.07333 0.05667 0.02333 0.01000 0.01333 0.01000 0.00667 0.01667 0.01333 0.00000 0.00667 0.00707 0.01000 0.00707 0.00943 0.01667 0.00943 0.00707 0.01650 0.01667 0.01000 0.01333 0.01667 0.01667 0.01333 0.00707
0.09667 0.23335 0.31113 0.37948 0.47612 0.59161 0.65997 0.65054 0.64111 0.65525 0.62225 0.60811 0.62225 0.64818 0.60575 0.42898 0.49733 0.42662 0.30333 0.18333 0.14142 0.20035 0.24667 0.20667 0.13000 0.07333 0.03667 0.21667 0.43000 0.45667 0.51667 0.56333 0.56333 0.54212 0.57040 0.54919 0.57276 0.51147 0.35667 0.20333 0.09667 0.03333 0.02667 0.02333 0.01333 0.01179 0.01650 0.01179 0.02000 0.01333 0.00333 0.01000 0.01333 0.01333 0.00000 0.00667 0.02333 0.02000 0.01000 0.00943 0.01333 0.02000 0.02333 0.02000 0.02667 0.02333 0.01667
0.16333 0.31584 0.34648 0.43605 0.58218 0.65525 0.65761 0.63168 0.65290 0.64582 0.58454 0.57983 0.56569 0.57276 0.41484 0.51383 0.50667 0.36667 0.13667 0.13000 0.21333 0.11000 0.09899 0.07333 0.03667 0.00471 0.04950 0.34000 0.54333 0.48333 0.52667 0.58333 0.59333 0.52562 0.53333 0.51667 0.53333 0.41333 0.19333 0.13000 0.05667 0.02333 0.01667 0.02121 0.01650 0.01333 0.01179 0.01667 0.02000 0.00943 0.01000 0.01414 0.02000 0.02000 0.00667 0.02333 0.02121 0.01414 0.01414 0.01333 0.01000 0.00236 0.00667 0.01333 0.01667 0.03667 0.03333
0.31667 0.42662 0.48555 0.57040 0.65054 0.65761 0.61283 0.58218 0.63875 0.62933 0.57040 0.50912 0.51619 0.42426 0.50205 0.44783 0.40667 0.19333 0.12728 0.26870 0.37000 0.25333 0.12000 0.05000 0.00471 0.03333 0.15556 0.46000 0.57000 0.50333 0.54000 0.62000 0.63000 0.53033 0.51667 0.49026 0.53333 0.35667 0.13435 0.08000 0.02828 0.03300 0.05000 0.06000 0.04333 0.02593 0.01886 0.02333 0.02667 0.00000 0.01000 0.00471 0.01667 0.00943 0.01333 0.02593 0.00943 0.01179 0.00943 0.00707 0.01179 0.00667 0.00000 0.00667 0.01667 0.01886 0.02357
0.39667 0.49497 0.57511 0.61990 0.63640 0.65290 0.60575 0.61518 0.63875 0.61047 0.52090 0.45726 0.37241 0.42426 0.36298 0.31667 0.14378 0.18385 0.34333 0.33667 0.43841 0.35120 0.24667 0.08333 0.02000 0.08333 0.31348 0.51333 0.54333 0.53000 0.57667 0.59000 0.63667 0.55000 0.49733 0.50440 0.46333 0.30667 0.10667 0.03771 0.03536 0.03771 0.03300 0.03771 0.05000 0.03667 0.03000 0.02667 0.01667 0.00667 0.00236 0.00000 0.01333 0.00333 0.02000 0.01650 0.00471 0.01179 0.01179 0.00667 0.01650 0.01667 0.01333 0.00707 0.00471 0.01667 0.01414
0.44333 0.57747 0.64347 0.64347 0.61754 0.64347 0.59161 0.61047 0.65997 0.66232 0.53033 0.31820 0.38184 0.29333 0.19000 0.12000 0.12021 0.34333 0.37000 0.31667 0.37333 0.32333 0.29000 0.10135 0.09333 0.14142 0.39000 0.54333 0.54667 0.54447 0.55667 0.59333 0.61333 0.57000 0.52090 0.52090 0.41333 0.22667 0.05333 0.03771 0.04007 0.03536 0.02357 0.02000 0.01178 0.02000 0.01333 0.01000 0.00667 0.00236 0.00667 0.00000 0.00667 0.01667 0.02357 0.01000 0.00707 0.00707 0.00943 0.01000 0.01179 0.01650 0.01667 0.01333 0.00471 0.01000 0.01667
0.50000 0.63168 0.64582 0.64347 0.63168 0.66232 0.61283 0.62461 0.65525 0.53976 0.25220 0.38655 0.33667 0.15333 0.07778 0.11078 0.28667 0.33234 0.23333 0.30000 0.29000 0.33000 0.26634 0.15000 0.28667 0.31000 0.51333 0.61667 0.58333 0.59397 0.58690 0.63404 0.63168 0.58454 0.53504 0.51333 0.34667 0.11667 0.04333 0.03536 0.04243 0.03000 0.01333 0.01179 0.01333 0.00000 0.00333 0.00236 0.00707 0.01000 0.01333 0.00000 0.00000 0.03333 0.01886 0.01000 0.00707 0.01000 0.00667 0.00000 0.01000 0.01179 0.02333 0.02333 0.01333 0.00943 0.01333
0.51667 0.63640 0.62697 0.61518 0.61283 0.63640 0.61518 0.62933 0.58454 0.31348 0.35355 0.33667 0.10607 0.23335 0.38333 0.34333 0.21449 0.16499 0.21333 0.25667 0.20270 0.31820 0.34413 0.40333 0.45000 0.55333 0.60667 0.69000 0.65667 0.66232 0.62225 0.66704 0.65761 0.59868 0.52797 0.48667 0.23667 0.07542 0.04333 0.04333 0.03000 0.01179 0.01000 0.01333 0.00471 0.00333 0.00471 0.00667 0.00333 0.01000 0.01667 0.00333 0.00667 0.01667 0.02667 0.01650 0.00707 0.01179 0.01333 0.00000 0.00333 0.00667 0.02000 0.02593 0.02333 0.01667 0.01414
0.62000 0.64818 0.62697 0.60575 0.62225 0.63640 0.62225 0.57040 0.37005 0.28667 0.25667 0.11078 0.13667 0.21333 0.20742 0.14667 0.15667 0.12667 0.15556 0.28520 0.24984 0.30170 0.36000 0.36333 0.47848 0.71653 0.71653 0.74718 0.72361 0.71418 0.63168 0.65761 0.64111 0.56804 0.46433 0.37333 0.15333 0.05667 0.00943 0.01000 0.01179 0.01000 0.00333 0.00667 0.00236 0.00333 0.00333 0.00471 0.00667 0.01650 0.02000 0.01000 0.00236 0.00667 0.02667 0.02828 0.01667 0.00667 0.01000 0.00333 0.00236 0.00333 0.01667 0.01886 0.02333 0.01667 0.00471
0.67000 0.66232 0.64818 0.63168 0.65054 0.64347 0.56569 0.30877 0.22333 0.06333 0.18385 0.31000 0.38000 0.22156 0.13671 0.13333 0.12492 0.14849 0.13435 0.20742 0.25000 0.19563 0.37477 0.54683 0.58926 0.73775 0.70475 0.71653 0.71653 0.72596 0.64347 0.64347 0.62225 0.51619 0.37000 0.25000 0.09000 0.03667 0.00667 0.00333 0.00667 0.00236 0.00471 0.00707 0.00667 0.00333 0.00667 0.00667 0.01000 0.02000 0.00333 0.00000 0.00333 0.00000 0.01333 0.02333 0.01667 0.01000 0.00707 0.00667 0.00667 0.00236 0.00667 0.02000 0.01667 0.01333 0.00000
0.57000 0.63404 0.62697 0.65054 0.65054 0.55626 0.25927 0.16667 0.07667 0.03771 0.15000 0.25000 0.20333 0.08957 0.10842 0.17442 0.20742 0.21920 0.23667 0.30333 0.20270 0.38655 0.56804 0.62461 0.59868 0.73303 0.73775 0.73068 0.71653 0.73539 0.64582 0.61990 0.58454 0.43605 0.26000 0.15667 0.06000 0.01667 0.00667 0.00236 0.00707 0.01000 0.00707 0.00707 0.01333 0.01333 0.01333 0.00707 0.00333 0.02000 0.00333 0.00000 0.01333 0.00333 0.00707 0.01000 0.01667 0.02000 0.01650 0.01000 0.00471 0.00333 0.00707 0.01000 0.01333 0.00943 0.01333
0.53333 0.63875 0.60340 0.61990 0.50912 0.28049 0.24984 0.31113 0.28667 0.22333 0.14142 0.13671 0.13671 0.10667 0.24000 0.30000 0.35000 0.33470 0.32333 0.33333 0.43605 0.58454 0.62461 0.67647 0.65997 0.70475 0.77310 0.75425 0.75425 0.74011 0.65290 0.60340 0.54000 0.37333 0.16333 0.09333 0.03000 0.01414 0.01414 0.02000 0.02000 0.01333 0.01667 0.01333 0.01333 0.01667 0.01333 0.01000 0.00000 0.01179 0.00707 0.00667 0.00000 0.01333 0.00471 0.00000 0.00000 0.00000 0.02666 0.01000 0.00667 0.00000 0.01000 0.01414 0.00707 0.00471 0.03667
0.53000 0.65290 0.55390 0.42191 0.20270 0.11000 0.22667 0.38667 0.41667 0.32667 0.19000 0.11785 0.14849 0.23667 0.24333 0.28667 0.35000 0.41955 0.43841 0.53504 0.63640 0.66704 0.62697 0.63640 0.66939 0.68354 0.78489 0.74246 0.72596 0.70239 0.65997 0.59397 0.46433 0.26667 0.11549 0.06000 0.01666 0.00333 0.00000 0.00000 0.00000 0.00667 0.00707 0.01333 0.01667 0.01333 0.00000 0.00707 0.01333 0.01886 0.01333 0.01178 0.01666 0.01178 0.01000 0.02333 0.01667 0.00333 0.03333 0.00943 0.00943 0.00667 0.00000 0.01333 0.00707 0.02000 0.08667
0.49333 0.53269 0.28284 0.08485 0.01414 0.03667 0.11000 0.18149 0.35827 0.37948 0.32000 0.24333 0.24000 0.25000 0.26667 0.27000 0.29227 0.57667 0.57040 0.57511 0.69532 0.69532 0.63875 0.62461 0.67411 0.65997 0.69296 0.66939 0.69296 0.69296 0.64818 0.51855 0.32056 0.14378 0.06667 0.02333 0.00000 0.00000 0.00000 0.00000 0.00667 0.00707 0.00333 0.00471 0.01333 0.01178 0.00667 0.00667 0.00471 0.01414 0.01667 0.00333 0.00000 0.01333 0.00471 0.00667 0.00000 0.00667 0.02333 0.02667 0.01886 0.01333 0.00000 0.00666 0.02000 0.04333 0.18333
0.33333 0.24513 0.03333 0.02121 0.01667 0.01886 0.06333 0.15000 0.16499 0.18149 0.19563 0.24000 0.30000 0.30000 0.28991 0.30877 0.45491 0.61333 0.62667 0.59868 0.71889 0.72596 0.67882 0.67411 0.70946 0.68354 0.67175 0.62461 0.65290 0.64347 0.58454 0.38667 0.21667 0.06333 0.03000 0.00000 0.00000 0.00000 0.00000 0.00667 0.00943 0.00707 0.01000 0.00667 0.01000 0.00943 0.01000 0.00667 0.01000 0.01667 0.01333 0.00000 0.00000 0.00667 0.01333 0.01000 0.00333 0.01000 0.00667 0.00333 0.01333 0.01414 0.00333 0.01333 0.03333 0.11000 0.31667
0.16333 0.10607 0.12000 0.09667 0.06333 0.06667 0.03064 0.10000 0.15792 0.12021 0.10000 0.21000 0.18333 0.17678 0.37005 0.40541 0.46198 0.57667 0.64667 0.59000 0.72667 0.72333 0.69061 0.65997 0.66704 0.66232 0.66468 0.58690 0.58926 0.55333 0.48000 0.21333 0.10333 0.04667 0.02667 0.00666 0.00333 0.00666 0.01333 0.00943 0.00707 0.00707 0.00707 0.01000 0.01000 0.00333 0.01333 0.00000 0.00000 0.01333 0.00471 0.01000 0.01667 0.01667 0.01667 0.01667 0.00000 0.00000 0.00000 0.00000 0.00333 0.01333 0.01414 0.03333 0.06835 0.22333 0.42191
0.28000 0.26667 0.26000 0.23333 0.16667 0.15000 0.05333 0.03064 0.11000 0.13435 0.13000 0.15792 0.28991 0.28520 0.36770 0.41248 0.51383 0.58218 0.63667 0.61283 0.69333 0.78000 0.76839 0.67882 0.65054 0.63875 0.62933 0.54212 0.48790 0.46667 0.37333 0.13333 0.06333 0.05000 0.02667 0.01000 0.01000 0.00707 0.01179 0.00667 0.00707 0.00707 0.01333 0.01000 0.00471 0.01000 0.02000 0.00333 0.00667 0.01000 0.00000 0.00667 0.01000 0.02333 0.00667 0.00000 0.00667 0.00000 0.00000 0.00000 0.00000 0.00666 0.03667 0.05333 0.16000 0.33667 0.47848
0.37000 0.38000 0.34667 0.32333 0.30667 0.26000 0.15333 0.02667 0.01414 0.10333 0.18667 0.19333 0.28991 0.35355 0.45255 0.52562 0.57276 0.57040 0.55861 0.64333 0.69000 0.78333 0.82000 0.59868 0.55861 0.54919 0.53976 0.47140 0.41955 0.34000 0.24333 0.13000 0.07000 0.03667 0.02121 0.02000 0.01667 0.01333 0.01179 0.00667 0.00707 0.00667 0.01333 0.00667 0.00333 0.00000 0.01179 0.01000 0.00471 0.01000 0.00333 0.01000 0.00236 0.00707 0.01000 0.00333 0.00333 0.00000 0.00000 0.00333 0.00333 0.00471 0.06000 0.08667 0.28333 0.42191 0.48083
0.42667 0.41667 0.38000 0.33000 0.36770 0.39333 0.22333 0.06333 0.04950 0.08014 0.08250 0.17206 0.36298 0.45491 0.51619 0.55154 0.54447 0.48319 0.41000 0.56333 0.75667 0.82000 0.78000 0.62000 0.53667 0.51000 0.51000 0.43000 0.35333 0.23335 0.16667 0.11333 0.05667 0.03300 0.01886 0.01179 0.01333 0.01000 0.00707 0.01333 0.01000 0.01000 0.01333 0.00667 0.00236 0.00667 0.00943 0.01000 0.00667 0.00707 0.01000 0.00707 0.00707 0.00667 0.00000 0.00000 0.00236 0.00333 0.00666 0.00471 0.00333 0.02000 0.07000 0.19333 0.39333 0.47848 0.45726
0.38000 0.37333 0.37005 0.34333 0.40305 0.47667 0.30000 0.10000 0.08667 0.06333 0.09664 0.26399 0.44312 0.49262 0.53033 0.49497 0.40305 0.31820 0.25692 0.48333 0.73000 0.89333 0.78000 0.62333 0.52333 0.49000 0.44667 0.49667 0.37667 0.22156 0.11314 0.07333 0.04000 0.03000 0.02667 0.01414 0.00707 0.01333 0.01414 0.01650 0.01333 0.01000 0.00707 0.00707 0.00333 0.01000 0.01000 0.00943 0.01414 0.01000 0.01000 0.01000 0.01000 0.00236 0.00333 0.00000 0.00000 0.00000 0.00333 0.01000 0.01000 0.03667 0.12667 0.34333 0.49497 0.49026 0.42426
0.37000 0.39000 0.40776 0.42426 0.46669 0.49026 0.36534 0.20035 0.12728 0.12492 0.28520 0.39834 0.41012 0.41248 0.42191 0.34333 0.23667 0.20742 0.19092 0.32667 0.54212 0.89333 0.93667 0.73000 0.54000 0.41000 0.51000 0.51333 0.41333 0.22333 0.05893 0.03064 0.02333 0.02000 0.02667 0.02333 0.00333 0.00471 0.01333 0.01000 0.00000 0.00000 0.00000 0.01000 0.00333 0.01333 0.00943 0.01000 0.02667 0.04667 0.03333 0.01667 0.00943 0.00667 0.00471 0.01333 0.01333 0.00333 0.00471 0.01000 0.02333 0.06667 0.27333 0.45962 0.54683 0.45962 0.41248
