wepppy/_scripts/Test_Watershed_15/dem/topaz/FVSLOP.ARC
ncols   179
nrows   167
xllcorner  746128
yllcorner 4319283
cellsize   30.00
nodata_value    -1.0
[rows 29 to 57 of 167, columns 67 to 133 of 179]
0.42662 0.44076 0.49262 0.45962 0.47376 0.46433 0.40776 0.33234 0.46905 0.53976 0.44548 0.28756 0.30641 0.37477 0.36298 0.26634 0.29667 0.31667 0.35591 0.46333 0.51333 0.47667 0.41667 0.44000 0.40000 0.34333 0.30000 0.29333 0.26667 0.24667 0.20667 0.34000 0.23333 0.23333 0.12000 0.10333 0.07667 0.07000 0.17206 0.27667 0.06328 0.00000 0.00000 0.00000 0.00000 0.00000 0.00000 0.00000 0.00000 0.00000 0.00000 0.00000 0.00000 0.00000 0.00000 0.00000 0.00000 0.00000 0.00000 0.00000 0.00000 0.00000 0.00000 0.00000 0.00000 0.00000 0.00000
0.47140 0.52326 0.55390 0.49262 0.50676 0.43369 0.38184 0.41012 0.53976 0.48555 0.31584 0.25456 0.36298 0.39127 0.32998 0.24333 0.33470 0.40541 0.40776 0.43333 0.46000 0.44667 0.39667 0.39667 0.38667 0.33667 0.29000 0.28000 0.26000 0.27000 0.22000 0.28667 0.28000 0.26333 0.13667 0.09333 0.07333 0.05667 0.24000 0.23667 0.01661 0.00000 0.00000 0.00000 0.00000 0.00000 0.00000 0.00000 0.00000 0.00000 0.00000 0.00000 0.00000 0.00000 0.00000 0.00000 0.00000 0.00000 0.00000 0.00000 0.00000 0.00000 0.00000 0.00000 0.00000 0.00000 0.00000
0.53740 0.56097 0.55626 0.50676 0.46198 0.37005 0.39834 0.47612 0.52090 0.35827 0.25927 0.32056 0.39598 0.36534 0.24984 0.36534 0.43369 0.47140 0.41719 0.41000 0.44333 0.44667 0.35333 0.33000 0.37000 0.34000 0.27667 0.25333 0.27667 0.25667 0.23333 0.29000 0.29000 0.25000 0.15000 0.10000 0.07000 0.05000 0.23000 0.24333 0.01661 0.00000 0.00000 0.00000 0.00000 0.00000 0.00000 0.00000 0.00000 0.00000 0.00000 0.00000 0.00000 0.00000 0.00000 0.00000 0.00000 0.00000 0.00000 0.00000 0.00000 0.00000 0.00000 0.00000 0.00000 0.00000 0.00000
0.54212 0.51619 0.52562 0.46905 0.36298 0.37241 0.47612 0.48790 0.42426 0.26870 0.32056 0.37241 0.36770 0.28049 0.37241 0.40305 0.42898 0.43841 0.38419 0.38891 0.41333 0.40667 0.34667 0.30667 0.35667 0.36000 0.30667 0.24513 0.25333 0.24000 0.24000 0.29000 0.29667 0.21667 0.15000 0.10333 0.07333 0.05667 0.19667 0.25000 0.04327 0.00000 0.00000 0.00000 0.00000 0.00000 0.00000 0.00000 0.00000 0.00000 0.00000 0.00000 0.00000 0.00000 0.00000 0.00000 0.00000 0.00000 0.00000 0.00000 0.00000 0.00000 0.00000 0.00000 0.00000 0.00000 0.00000
0.51619 0.53504 0.53504 0.39834 0.33941 0.47848 0.56333 0.44783 0.32291 0.29463 0.38655 0.37005 0.31584 0.33000 0.42667 0.38667 0.40333 0.42000 0.38891 0.39362 0.44783 0.44076 0.39362 0.34884 0.40776 0.40541 0.34413 0.28000 0.23000 0.21920 0.21449 0.25333 0.28667 0.21000 0.14667 0.09667 0.07333 0.06667 0.14378 0.25000 0.12000 0.00661 0.00000 0.00000 0.00000 0.00000 0.00000 0.00000 0.00000 0.00000 0.00000 0.00000 0.00000 0.00000 0.00000 0.00000 0.00000 0.00000 0.00000 0.00000 0.00000 0.00000 0.00000 0.00000 0.00000 0.00000 0.00000
0.48790 0.55154 0.47848 0.36062 0.43369 0.56097 0.47376 0.26163 0.24042 0.34648 0.40305 0.34884 0.26870 0.46667 0.46333 0.38667 0.41000 0.43000 0.38667 0.37948 0.42662 0.45019 0.44076 0.43605 0.49026 0.43841 0.37005 0.29698 0.26163 0.23099 0.20977 0.26667 0.20000 0.16667 0.15333 0.09667 0.08000 0.07000 0.09192 0.23099 0.21000 0.03661 0.00000 0.00000 0.00000 0.00000 0.00000 0.00000 0.00000 0.00000 0.00000 0.00000 0.00000 0.00000 0.00000 0.00000 0.00000 0.00000 0.00000 0.00000 0.00000 0.00000 0.00000 0.00000 0.00000 0.00000 0.00000
0.49497 0.53976 0.43134 0.40776 0.51855 0.51619 0.23570 0.12492 0.24667 0.35591 0.40305 0.33705 0.36667 0.53333 0.48000 0.41000 0.43667 0.42191 0.43134 0.41484 0.42898 0.45667 0.36298 0.34413 0.39598 0.37005 0.32527 0.24984 0.24042 0.23335 0.25456 0.23806 0.20035 0.17442 0.14849 0.09667 0.08333 0.06333 0.06364 0.15085 0.22333 0.11667 0.00661 0.00000 0.00000 0.00000 0.00000 0.00000 0.00000 0.00000 0.00000 0.00000 0.00000 0.00000 0.00000 0.00000 0.00000 0.00000 0.00000 0.00000 0.00000 0.00000 0.00000 0.00000 0.00000 0.00000 0.00000
0.52562 0.49262 0.40776 0.48790 0.51855 0.30641 0.01886 0.21000 0.26000 0.37000 0.41000 0.30641 0.48333 0.56333 0.52333 0.46333 0.47333 0.43605 0.43841 0.39000 0.39667 0.39333 0.39667 0.31333 0.34333 0.30000 0.24667 0.19092 0.21449 0.23099 0.23570 0.19563 0.19799 0.17678 0.14614 0.09192 0.07542 0.09192 0.10371 0.08957 0.16735 0.17667 0.02994 0.00000 0.00000 0.00000 0.00000 0.00000 0.00000 0.00000 0.00000 0.00000 0.00000 0.00000 0.00000 0.00000 0.00000 0.00000 0.00000 0.00000 0.00000 0.00000 0.00000 0.00000 0.00000 0.00000 0.00000
0.52326 0.41955 0.44312 0.54212 0.38419 0.05421 0.06667 0.25000 0.23667 0.37000 0.41333 0.24333 0.49667 0.59333 0.57667 0.51667 0.54000 0.47667 0.43000 0.32000 0.24000 0.30406 0.40776 0.37241 0.40667 0.39667 0.30667 0.23000 0.19667 0.18000 0.14667 0.14333 0.17667 0.13333 0.10000 0.07307 0.08721 0.10842 0.09664 0.07307 0.08000 0.15333 0.05994 0.00000 0.00000 0.00000 0.00000 0.00000 0.00000 0.00000 0.00000 0.00000 0.00000 0.00000 0.00000 0.00000 0.00000 0.00000 0.00000 0.00000 0.00000 0.00000 0.00000 0.00000 0.00000 0.00000 0.00000
0.44783 0.40069 0.54447 0.50205 0.14378 0.02333 0.20333 0.28049 0.27577 0.35120 0.36333 0.24000 0.43667 0.61333 0.62333 0.53333 0.53667 0.49000 0.40667 0.29227 0.30406 0.34333 0.39000 0.35667 0.40000 0.39667 0.32000 0.24333 0.21667 0.17000 0.17000 0.12000 0.18000 0.16333 0.12021 0.10371 0.08250 0.08957 0.06667 0.05667 0.05000 0.12667 0.06327 0.00000 0.00000 0.00000 0.00000 0.00000 0.00000 0.00000 0.00000 0.00000 0.00000 0.00000 0.00000 0.00000 0.00000 0.00000 0.00000 0.00000 0.00000 0.00000 0.00000 0.00000 0.00000 0.00000 0.00000
0.35827 0.47140 0.56333 0.31584 0.02593 0.18000 0.28756 0.31584 0.35355 0.41955 0.37477 0.34884 0.40541 0.52667 0.57667 0.51619 0.53976 0.55154 0.50205 0.35591 0.38667 0.42667 0.39667 0.35333 0.35667 0.41000 0.34667 0.18000 0.20667 0.18333 0.16667 0.17913 0.22627 0.21213 0.20506 0.12333 0.08667 0.07333 0.03333 0.02121 0.12667 0.15333 0.01660 0.00000 0.00000 0.00000 0.00000 0.00000 0.00000 0.00000 0.00000 0.00000 0.00000 0.00000 0.00000 0.00000 0.00000 0.00000 0.00000 0.00000 0.00000 0.00000 0.00000 0.00000 0.00000 0.00000 0.00000
0.40069 0.53740 0.48319 0.07071 0.18667 0.27577 0.33470 0.37712 0.40305 0.35355 0.39362 0.44076 0.47376 0.52090 0.53269 0.50676 0.46669 0.49026 0.49497 0.45962 0.40667 0.42333 0.38333 0.36667 0.34000 0.37333 0.30667 0.21667 0.19667 0.17333 0.18000 0.23000 0.17667 0.19092 0.18333 0.04667 0.01667 0.01414 0.04007 0.11000 0.20667 0.18667 0.00660 0.00000 0.00000 0.00000 0.00000 0.00000 0.00000 0.00000 0.00000 0.00000 0.00000 0.00000 0.00000 0.00000 0.00000 0.00000 0.00000 0.00000 0.00000 0.00000 0.00000 0.00000 0.00000 0.00000 0.00000
0.48319 0.54212 0.25692 0.11333 0.24042 0.33234 0.39598 0.40776 0.30170 0.39127 0.41484 0.43605 0.45255 0.50440 0.52562 0.52090 0.49497 0.52090 0.52326 0.47612 0.40776 0.41248 0.38419 0.38333 0.34000 0.33333 0.30667 0.22863 0.20742 0.19799 0.19328 0.22156 0.21920 0.20667 0.06667 0.03536 0.04333 0.06000 0.07000 0.08485 0.22000 0.24333 0.01994 0.00000 0.00000 0.00000 0.00000 0.00000 0.00000 0.00000 0.00000 0.00000 0.00000 0.00000 0.00000 0.00000 0.00000 0.00000 0.00000 0.00000 0.00000 0.00000 0.00000 0.00000 0.00000 0.00000 0.00000
0.52562 0.36534 0.03771 0.18000 0.32527 0.38184 0.41248 0.30641 0.37477 0.42426 0.42426 0.44312 0.45726 0.49262 0.50676 0.52090 0.49969 0.51619 0.50205 0.45255 0.40305 0.41955 0.38655 0.37712 0.34648 0.31820 0.30170 0.25927 0.22627 0.20977 0.20977 0.22863 0.21000 0.12333 0.03771 0.04333 0.05000 0.06667 0.08667 0.09192 0.19328 0.29333 0.06327 0.00000 0.00000 0.00000 0.00000 0.00000 0.00000 0.00000 0.00000 0.00000 0.00000 0.00000 0.00000 0.00000 0.00000 0.00000 0.00000 0.00000 0.00000 0.00000 0.00000 0.00000 0.00000 0.00000 0.00000
0.45491 0.16499 0.12000 0.23806 0.37477 0.38891 0.36298 0.40776 0.40776 0.43605 0.44076 0.46433 0.46198 0.48555 0.50205 0.52090 0.49262 0.48555 0.45726 0.43605 0.40305 0.39362 0.37005 0.37948 0.36062 0.34177 0.31348 0.26163 0.23570 0.22156 0.22627 0.20742 0.15333 0.04243 0.03333 0.08000 0.12333 0.12667 0.10333 0.05893 0.13435 0.31000 0.10327 0.00000 0.00000 0.00000 0.00000 0.00000 0.00000 0.00000 0.00000 0.00000 0.00000 0.00000 0.00000 0.00000 0.00000 0.00000 0.00000 0.00000 0.00000 0.00000 0.00000 0.00000 0.00000 0.00000 0.00000
0.29934 0.07000 0.21333 0.38419 0.46198 0.41012 0.45491 0.42426 0.40305 0.45962 0.48555 0.51147 0.48083 0.49262 0.50440 0.51855 0.47612 0.45491 0.44783 0.44548 0.40541 0.37241 0.37477 0.38891 0.37477 0.33234 0.29227 0.27577 0.24749 0.21449 0.17678 0.14000 0.03771 0.03536 0.08667 0.09667 0.08957 0.05000 0.08014 0.11549 0.14378 0.28667 0.14333 0.00660 0.00000 0.00000 0.00000 0.00000 0.00000 0.00000 0.00000 0.00000 0.00000 0.00000 0.00000 0.00000 0.00000 0.00000 0.00000 0.00000 0.00000 0.00000 0.00000 0.00000 0.00000 0.00000 0.00000
0.10135 0.16000 0.30641 0.44312 0.41012 0.42191 0.41719 0.40305 0.41955 0.48319 0.50205 0.50912 0.48790 0.48790 0.51147 0.51383 0.46905 0.44548 0.45726 0.44312 0.40305 0.37005 0.40305 0.39362 0.37241 0.29934 0.26634 0.24749 0.18856 0.14667 0.10667 0.04478 0.05657 0.11667 0.11000 0.08721 0.05657 0.11785 0.18149 0.17678 0.16333 0.15667 0.16000 0.02327 0.00000 0.00000 0.00000 0.00000 0.00000 0.00000 0.00000 0.00000 0.00000 0.00000 0.00000 0.00000 0.00000 0.00000 0.00000 0.00000 0.00000 0.00000 0.00000 0.00000 0.00000 0.00000 0.00000
0.05000 0.24333 0.37241 0.41719 0.43841 0.41012 0.42662 0.44548 0.46669 0.49262 0.50676 0.50676 0.51147 0.49497 0.52326 0.49497 0.44548 0.41248 0.43134 0.41012 0.38419 0.36534 0.41248 0.38419 0.34648 0.24984 0.22863 0.20270 0.15556 0.11000 0.03771 0.03064 0.09333 0.09000 0.06364 0.04667 0.15085 0.17678 0.15333 0.10667 0.02333 0.09667 0.07667 0.04667 0.00327 0.00000 0.00000 0.00000 0.00000 0.00000 0.00000 0.00000 0.00000 0.00000 0.00000 0.00000 0.00000 0.00000 0.00000 0.00000 0.00000 0.00000 0.00000 0.00000 0.00000 0.00000 0.00000
0.11000 0.27667 0.36770 0.46669 0.45255 0.41484 0.41719 0.43605 0.46905 0.49026 0.54919 0.55154 0.53740 0.50440 0.51619 0.47140 0.40305 0.36298 0.37241 0.36062 0.37241 0.36298 0.38655 0.35591 0.28049 0.20977 0.22627 0.16028 0.12333 0.02828 0.03064 0.09333 0.10371 0.07307 0.06128 0.12492 0.17000 0.11000 0.03771 0.09428 0.10000 0.12964 0.14142 0.10333 0.01326 0.00000 0.00000 0.00000 0.00000 0.00000 0.00000 0.00000 0.00000 0.00000 0.00000 0.00000 0.00000 0.00000 0.00000 0.00000 0.00000 0.00000 0.00000 0.00000 0.00000 0.00000 0.00000
0.20000 0.29934 0.45726 0.43369 0.40069 0.39362 0.42191 0.37948 0.37005 0.38891 0.50912 0.53269 0.50912 0.47140 0.47376 0.45019 0.41000 0.35000 0.30641 0.31820 0.34884 0.32763 0.33941 0.31667 0.23806 0.21449 0.20333 0.08000 0.03536 0.03064 0.10000 0.12333 0.12257 0.15085 0.15321 0.11333 0.11000 0.05185 0.07000 0.17000 0.21667 0.18667 0.26163 0.30333 0.08326 0.00000 0.00000 0.00000 0.00000 0.00000 0.00000 0.00000 0.00000 0.00000 0.00000 0.00000 0.00000 0.00000 0.00000 0.00000 0.00000 0.00000 0.00000 0.00000 0.00000 0.00000 0.00000
0.22863 0.37948 0.44312 0.41484 0.41484 0.41484 0.41484 0.32000 0.30667 0.38000 0.50667 0.42000 0.38655 0.36534 0.38891 0.37005 0.29667 0.29667 0.24277 0.27341 0.30333 0.26634 0.28991 0.27000 0.23806 0.17667 0.12667 0.02121 0.03536 0.10333 0.13671 0.14614 0.14849 0.17333 0.08000 0.01000 0.08014 0.10000 0.16333 0.20667 0.17333 0.14667 0.16735 0.35120 0.26333 0.00660 0.00000 0.00000 0.00000 0.00000 0.00000 0.00000 0.00000 0.00000 0.00000 0.00000 0.00000 0.00000 0.00000 0.00000 0.00000 0.00000 0.00000 0.00000 0.00000 0.00000 0.00000
0.28284 0.40541 0.47140 0.45491 0.45019 0.43605 0.47140 0.37667 0.38000 0.39127 0.43000 0.50333 0.45000 0.28333 0.28333 0.22333 0.24277 0.23000 0.25333 0.26634 0.29463 0.31348 0.29333 0.26163 0.22667 0.10000 0.06128 0.08000 0.12000 0.15333 0.17206 0.14849 0.29000 0.14667 0.03064 0.04333 0.06333 0.14667 0.18333 0.17206 0.13199 0.11667 0.09192 0.25927 0.34333 0.05326 0.00000 0.00000 0.00000 0.00000 0.00000 0.00000 0.00000 0.00000 0.00000 0.00000 0.00000 0.00000 0.00000 0.00000 0.00000 0.00000 0.00000 0.00000 0.00000 0.00000 0.00000
0.33705 0.42662 0.49969 0.48790 0.47612 0.45962 0.46669 0.34648 0.40667 0.41248 0.40776 0.37477 0.43000 0.34000 0.28333 0.34667 0.25333 0.22627 0.28667 0.31667 0.33234 0.32291 0.27577 0.26000 0.12000 0.06128 0.09333 0.13333 0.17333 0.18620 0.17678 0.14000 0.36000 0.15000 0.03333 0.06333 0.09333 0.17000 0.18620 0.13906 0.14378 0.17333 0.18333 0.23806 0.31348 0.25667 0.00326 0.00000 0.00000 0.00000 0.00000 0.00000 0.00000 0.00000 0.00000 0.00000 0.00000 0.00000 0.00000 0.00000 0.00000 0.00000 0.00000 0.00000 0.00000 0.00000 0.00000
0.35355 0.39598 0.40333 0.41484 0.44548 0.43841 0.40541 0.33941 0.33000 0.38891 0.41012 0.39834 0.36298 0.32667 0.30333 0.30000 0.36000 0.23667 0.25927 0.27577 0.28049 0.29934 0.21333 0.13667 0.06835 0.12667 0.16000 0.16667 0.20333 0.19563 0.15792 0.16028 0.37333 0.20333 0.07333 0.06835 0.12000 0.23570 0.22156 0.19667 0.22333 0.24333 0.25000 0.33000 0.22667 0.26000 0.01993 0.00000 0.00000 0.00000 0.00000 0.00000 0.00000 0.00000 0.00000 0.00000 0.00000 0.00000 0.00000 0.00000 0.00000 0.00000 0.00000 0.00000 0.00000 0.00000 0.00000
0.36534 0.40305 0.38333 0.42333 0.35827 0.34648 0.34648 0.31820 0.28756 0.35355 0.37005 0.36298 0.30877 0.29227 0.28756 0.28049 0.34413 0.41719 0.33705 0.19799 0.15333 0.23000 0.11000 0.04007 0.15000 0.19000 0.18000 0.20333 0.21213 0.16971 0.13667 0.14378 0.34648 0.29333 0.09667 0.06667 0.21333 0.28049 0.16971 0.11000 0.14333 0.16499 0.29463 0.43841 0.36534 0.43333 0.03659 0.00000 0.00000 0.00000 0.00000 0.00000 0.00000 0.00000 0.00000 0.00000 0.00000 0.00000 0.00000 0.00000 0.00000 0.00000 0.00000 0.00000 0.00000 0.00000 0.00000
0.41719 0.46905 0.43134 0.42898 0.36667 0.29333 0.24513 0.25456 0.26634 0.34648 0.33470 0.33941 0.29934 0.26000 0.24749 0.29227 0.39598 0.40667 0.23667 0.09664 0.05000 0.19667 0.04714 0.18333 0.21213 0.15556 0.16667 0.18667 0.17913 0.13000 0.13333 0.14614 0.31113 0.40305 0.31000 0.15667 0.24984 0.22392 0.09192 0.07000 0.05333 0.07071 0.13435 0.31584 0.40541 0.45255 0.22333 0.01659 0.00000 0.00000 0.00000 0.00000 0.00000 0.00000 0.00000 0.00000 0.00000 0.00000 0.00000 0.00000 0.00000 0.00000 0.00000 0.00000 0.00000 0.00000 0.00000
0.33667 0.34177 0.31348 0.31333 0.29463 0.26667 0.27333 0.21000 0.26163 0.35591 0.29698 0.24042 0.19092 0.24277 0.36298 0.45019 0.38000 0.36333 0.11000 0.09667 0.00000 0.14614 0.13000 0.24277 0.20742 0.15667 0.16000 0.15556 0.13671 0.16333 0.18333 0.17333 0.24984 0.36062 0.35120 0.26667 0.18856 0.17333 0.05421 0.04000 0.04478 0.06128 0.09192 0.21213 0.35000 0.39127 0.37667 0.11326 0.00000 0.00000 0.00000 0.00000 0.00000 0.00000 0.00000 0.00000 0.00000 0.00000 0.00000 0.00000 0.00000 0.00000 0.00000 0.00000 0.00000 0.00000 0.00000
0.39667 0.37667 0.29000 0.27333 0.29333 0.17678 0.24984 0.32667 0.28333 0.28667 0.16667 0.12333 0.13000 0.23667 0.27667 0.29667 0.18000 0.14849 0.17442 0.23667 0.01000 0.07071 0.31333 0.29227 0.16028 0.17333 0.15000 0.13199 0.13671 0.21667 0.24667 0.23000 0.22156 0.23806 0.27577 0.18333 0.04000 0.17000 0.04333 0.04714 0.06333 0.06600 0.07071 0.20742 0.37477 0.35120 0.40333 0.24667 0.01326 0.00000 0.00000 0.00000 0.00000 0.00000 0.00000 0.00000 0.00000 0.00000 0.00000 0.00000 0.00000 0.00000 0.00000 0.00000 0.00000 0.00000 0.00000
0.37333 0.40000 0.30333 0.32000 0.34000 0.27333 0.26333 0.26333 0.17333 0.22156 0.24513 0.21685 0.19667 0.21449 0.25927 0.31820 0.32998 0.35000 0.36062 0.20000 0.00000 0.22333 0.28049 0.16735 0.15000 0.20000 0.20333 0.22000 0.20667 0.19092 0.17000 0.17913 0.22156 0.18620 0.20667 0.12257 0.10667 0.16028 0.04333 0.04000 0.04333 0.05421 0.06333 0.12492 0.32333 0.35000 0.34648 0.31333 0.09667 0.00326 0.00000 0.00000 0.00000 0.00000 0.00000 0.00000 0.00000 0.00000 0.00000 0.00000 0.00000 0.00000 0.00000 0.00000 0.00000 0.00000 0.00000
