wepppy/_scripts/Test_Watershed_15/dem/topaz/FVSLOP.ARC
ncols   179
nrows   167
xllcorner  746128
yllcorner 4319283
cellsize   30.00
nodata_value    -1.0
[rows 0 to 28 of 167, columns 67 to 133 of 179]
0.00471 0.00667 -1.00000 0.00333 0.00333 0.00667 0.00667 -1.00000 0.00667 -1.00000 0.00333 0.01333 0.01000 0.00333 -1.00000 -1.00000 0.01333 0.06333 0.11333 0.15000 0.28000 0.29667 0.24000 0.17333 0.11000 0.12333 0.19000 0.19333 0.20000 0.03333 0.20000 0.28333 0.21333 0.20667 0.16000 0.19667 0.30667 0.25333 0.20000 0.15667 0.06000 -1.00000 0.05000 0.08333 0.10000 0.15556 0.27577 0.35591 0.31820 0.28756 0.28991 0.28049 0.20000 0.01333 -1.00000 -1.00000 -1.00000 -1.00000 -1.00000 -1.00000 -1.00000 -1.00000 -1.00000 -1.00000 -1.00000 -1.00000 -1.00000
0.00333 0.00236 0.01000 0.02000 0.01667 0.01000 0.00707 0.01000 0.01179 0.01333 0.01000 0.01179 0.01179 0.01000 0.01667 0.02333 0.05333 0.15000 0.24277 0.29698 0.38891 0.39598 0.34884 0.24513 0.19328 0.28991 0.31820 0.29698 0.22392 0.21667 0.34648 0.40776 0.22863 0.20270 0.17678 0.28333 0.30333 0.23667 0.14849 0.16735 0.24000 0.32333 0.34333 0.32667 0.25927 0.36770 0.35591 0.35355 0.37477 0.36534 0.30000 0.19000 0.06996 0.00330 0.00004 0.00004 0.00004 0.00004 0.00004 0.00003 0.00003 0.00003 0.00003 0.00003 0.00003 0.00003 0.00003
0.00471 0.01000 0.01179 0.00667 0.01333 0.00471 0.01000 0.02000 0.01179 0.01333 0.01333 0.00943 0.00943 0.02000 0.02667 0.06667 0.14000 0.25692 0.33941 0.33941 0.37948 0.35591 0.28756 0.15085 0.20977 0.33941 0.27813 0.22156 0.14614 0.25456 0.36062 0.42426 0.30000 0.18333 0.28667 0.27333 0.17206 0.22392 0.23806 0.34333 0.36333 0.37000 0.30667 0.33941 0.41248 0.41719 0.38655 0.42898 0.39362 0.26667 0.13996 0.04663 0.00000 0.00000 0.00000 0.00000 0.00000 0.00000 0.00000 0.00000 0.00000 0.00000 0.00000 0.00000 0.00000 0.00000 0.00000
0.00667 0.00667 0.00000 0.00000 0.01414 0.01000 0.00707 0.00707 0.00667 0.01333 0.00943 0.00943 0.01333 0.03333 0.08667 0.16333 0.25692 0.37948 0.40305 0.33470 0.33470 0.31820 0.23099 0.13000 0.24513 0.25220 0.14142 0.11000 0.25667 0.39127 0.35355 0.28284 0.30000 0.26333 0.21213 0.26399 0.21685 0.24042 0.38333 0.38000 0.34667 0.30877 0.38419 0.39362 0.42426 0.38419 0.41484 0.40776 0.25000 0.08663 0.00000 0.00000 0.00000 0.00000 0.00000 0.00000 0.00000 0.00000 0.00000 0.00000 0.00000 0.00000 0.00000 0.00000 0.00000 0.00000 0.00000
0.00667 0.00707 0.01000 0.00667 0.01179 0.01333 0.01333 0.00471 0.00236 0.01333 0.01179 0.01000 0.02667 0.07333 0.17333 0.25927 0.35355 0.41248 0.37241 0.31348 0.32291 0.29698 0.17442 0.17000 0.24984 0.16735 0.13333 0.27667 0.36770 0.36534 0.24513 0.14378 0.28667 0.21333 0.20035 0.24042 0.27333 0.39667 0.37667 0.31333 0.35120 0.42426 0.40069 0.41484 0.38655 0.35120 0.37477 0.28000 0.04996 0.00000 0.00000 0.00000 0.00000 0.00000 0.00000 0.00000 0.00000 0.00000 0.00000 0.00000 0.00000 0.00000 0.00000 0.00000 0.00000 0.00000 0.00000
0.01333 0.02000 0.02000 0.01667 0.00943 0.01000 0.01667 0.02000 0.02000 0.01179 0.00707 0.03000 0.08333 0.17678 0.28049 0.32291 0.37948 0.37477 0.33941 0.31820 0.29227 0.22863 0.12667 0.17678 0.22627 0.14614 0.21685 0.35355 0.40541 0.32291 0.16735 0.09899 0.28333 0.19328 0.19092 0.27667 0.39333 0.34000 0.31348 0.36534 0.42426 0.39834 0.40069 0.37712 0.33705 0.37241 0.31333 0.14333 0.00329 0.00000 0.00000 0.00000 0.00000 0.00000 0.00000 0.00000 0.00000 0.00000 0.00000 0.00000 0.00000 0.00000 0.00000 0.00000 0.00000 0.00000 0.00000
0.01000 0.00707 0.00707 0.01667 0.01333 0.01333 0.01179 0.01333 0.00707 0.01000 0.02667 0.08667 0.19000 0.30170 0.36062 0.35120 0.35827 0.35355 0.35827 0.32527 0.24277 0.16499 0.14000 0.22156 0.21685 0.17000 0.30641 0.43841 0.44312 0.29227 0.14000 0.16667 0.15321 0.17678 0.29000 0.35667 0.25456 0.33941 0.34413 0.35591 0.37005 0.37005 0.39598 0.32056 0.35355 0.37005 0.17667 0.04662 0.00000 0.00000 0.00000 0.00000 0.00000 0.00000 0.00000 0.00000 0.00000 0.00000 0.00000 0.00000 0.00000 0.00000 0.00000 0.00000 0.00000 0.00000 0.00000
0.01000 0.01667 0.02000 0.01667 0.02000 0.01667 0.01333 0.01179 0.01667 0.02000 0.07333 0.18000 0.28991 0.34648 0.37005 0.32527 0.34177 0.36770 0.35827 0.28520 0.18620 0.14000 0.17000 0.24042 0.19799 0.22000 0.39362 0.49026 0.37948 0.13906 0.18667 0.03771 0.12964 0.31667 0.30667 0.31584 0.34177 0.36298 0.35355 0.33705 0.34413 0.39127 0.39598 0.31113 0.36770 0.31667 0.04329 0.00000 0.00000 0.00000 0.00000 0.00000 0.00000 0.00000 0.00000 0.00000 0.00000 0.00000 0.00000 0.00000 0.00000 0.00000 0.00000 0.00000 0.00000 0.00000 0.00000
0.00707 0.00943 0.01333 0.01667 0.02000 0.03667 0.01667 0.01667 0.02667 0.06000 0.14142 0.25456 0.32527 0.32998 0.34177 0.30170 0.35827 0.37948 0.33234 0.21920 0.14000 0.15000 0.20000 0.26399 0.23570 0.30641 0.46905 0.45726 0.23099 0.17667 0.11785 0.20667 0.31333 0.23099 0.32056 0.30641 0.32527 0.34413 0.35120 0.33941 0.37948 0.44312 0.37241 0.31348 0.35333 0.18000 0.00996 0.00000 0.00000 0.00000 0.00000 0.00000 0.00000 0.00000 0.00000 0.00000 0.00000 0.00000 0.00000 0.00000 0.00000 0.00000 0.00000 0.00000 0.00000 0.00000 0.00000
0.01333 0.01179 0.01414 0.01179 0.02667 0.06000 0.02667 0.02000 0.04000 0.13667 0.24277 0.30170 0.31113 0.32763 0.37712 0.34413 0.40305 0.37005 0.25692 0.16499 0.14667 0.19000 0.26333 0.34648 0.39667 0.44548 0.48790 0.31584 0.05657 0.14378 0.23333 0.26667 0.25220 0.27577 0.28284 0.28667 0.27341 0.32998 0.42191 0.41484 0.46433 0.44783 0.34884 0.35355 0.29333 0.05662 0.00000 0.00000 0.00000 0.00000 0.00000 0.00000 0.00000 0.00000 0.00000 0.00000 0.00000 0.00000 0.00000 0.00000 0.00000 0.00000 0.00000 0.00000 0.00000 0.00000 0.00000
0.02333 0.01000 0.01414 0.02000 0.02357 0.02593 0.01650 0.03667 0.07667 0.27000 0.29463 0.26399 0.28284 0.39000 0.39598 0.34884 0.39598 0.28756 0.15321 0.16971 0.15333 0.25333 0.36534 0.45726 0.49733 0.45962 0.32763 0.12964 0.12728 0.24333 0.22333 0.22667 0.22667 0.23333 0.26000 0.23335 0.31820 0.39834 0.45019 0.42662 0.46198 0.42662 0.40541 0.30167 0.12995 0.00329 0.00000 0.00000 0.00000 0.00000 0.00000 0.00000 0.00000 0.00000 0.00000 0.00000 0.00000 0.00000 0.00000 0.00000 0.00000 0.00000 0.00000 0.00000 0.00000 0.00000 0.00000
0.01667 0.00667 0.02000 0.02121 0.02357 0.01414 0.04000 0.11667 0.27667 0.39127 0.28991 0.24984 0.33705 0.46433 0.39127 0.37712 0.35827 0.16971 0.17000 0.19092 0.23333 0.36333 0.47848 0.53976 0.46433 0.25692 0.15000 0.21333 0.26000 0.19667 0.24333 0.22333 0.16000 0.19333 0.30641 0.36770 0.42426 0.49733 0.49733 0.46433 0.38655 0.37005 0.31667 0.13329 0.00000 0.00000 0.00000 0.00000 0.00000 0.00000 0.00000 0.00000 0.00000 0.00000 0.00000 0.00000 0.00000 0.00000 0.00000 0.00000 0.00000 0.00000 0.00000 0.00000 0.00000 0.00000 0.00000
0.01886 0.01333 0.04000 0.05000 0.02828 0.03333 0.07667 0.22667 0.34177 0.32056 0.21920 0.28049 0.41719 0.45019 0.34413 0.37241 0.25692 0.12667 0.19563 0.20977 0.35333 0.49026 0.53976 0.50676 0.26870 0.16667 0.26667 0.28667 0.15792 0.23667 0.20333 0.16667 0.20977 0.32527 0.41719 0.45962 0.49497 0.52797 0.50676 0.39834 0.34413 0.37948 0.25333 0.01662 0.00000 0.00000 0.00000 0.00000 0.00000 0.00000 0.00000 0.00000 0.00000 0.00000 0.00000 0.00000 0.00000 0.00000 0.00000 0.00000 0.00000 0.00000 0.00000 0.00000 0.00000 0.00000 0.00000
0.03667 0.03000 0.04478 0.03300 0.01333 0.06000 0.23000 0.35827 0.34648 0.28756 0.25456 0.33234 0.41955 0.34884 0.34884 0.33705 0.16971 0.15667 0.23570 0.35000 0.48790 0.54447 0.52326 0.33470 0.17333 0.30333 0.30000 0.17667 0.15667 0.18385 0.29333 0.19799 0.33941 0.43841 0.48083 0.50440 0.49969 0.52090 0.42898 0.32763 0.33941 0.35000 0.07995 0.00000 0.00000 0.00000 0.00000 0.00000 0.00000 0.00000 0.00000 0.00000 0.00000 0.00000 0.00000 0.00000 0.00000 0.00000 0.00000 0.00000 0.00000 0.00000 0.00000 0.00000 0.00000 0.00000 0.00000
0.03667 0.03000 0.03536 0.02593 0.09333 0.23333 0.37005 0.38184 0.29463 0.25456 0.25692 0.39834 0.42898 0.35827 0.39362 0.28756 0.14614 0.18000 0.34884 0.50912 0.54447 0.52326 0.40305 0.19333 0.31000 0.30000 0.18333 0.14378 0.16028 0.21213 0.40333 0.33941 0.45019 0.50440 0.50676 0.50912 0.49497 0.46905 0.32763 0.27000 0.29000 0.22333 0.02995 0.00000 0.00000 0.00000 0.00000 0.00000 0.00000 0.00000 0.00000 0.00000 0.00000 0.00000 0.00000 0.00000 0.00000 0.00000 0.00000 0.00000 0.00000 0.00000 0.00000 0.00000 0.00000 0.00000 0.00000
0.03333 0.02333 0.01414 0.08667 0.20667 0.32056 0.38419 0.32998 0.26163 0.24277 0.34648 0.45726 0.38891 0.36770 0.33234 0.22627 0.16667 0.31000 0.50205 0.57276 0.49969 0.40776 0.24277 0.27000 0.26333 0.18333 0.16667 0.12257 0.23570 0.37712 0.44548 0.47848 0.49262 0.51619 0.52090 0.52326 0.47376 0.38891 0.26634 0.23806 0.30333 0.13333 0.00329 0.00000 0.00000 0.00000 0.00000 0.00000 0.00000 0.00000 0.00000 0.00000 0.00000 0.00000 0.00000 0.00000 0.00000 0.00000 0.00000 0.00000 0.00000 0.00000 0.00000 0.00000 0.00000 0.00000 0.00000
0.04000 0.02667 0.06667 0.24667 0.37948 0.38891 0.34648 0.29698 0.25692 0.28049 0.45255 0.45019 0.38419 0.33705 0.22863 0.23099 0.32333 0.46433 0.58218 0.55390 0.40541 0.27813 0.24333 0.23335 0.13333 0.16667 0.18620 0.26399 0.37477 0.45255 0.48319 0.55626 0.49969 0.51619 0.53740 0.50912 0.39362 0.29000 0.20000 0.21000 0.24000 0.09329 0.00000 0.00000 0.00000 0.00000 0.00000 0.00000 0.00000 0.00000 0.00000 0.00000 0.00000 0.00000 0.00000 0.00000 0.00000 0.00000 0.00000 0.00000 0.00000 0.00000 0.00000 0.00000 0.00000 0.00000 0.00000
0.04667 0.05333 0.19667 0.38891 0.44312 0.32056 0.28284 0.28284 0.28049 0.35120 0.46905 0.35120 0.34884 0.25220 0.23335 0.31348 0.42898 0.53269 0.57747 0.45726 0.31584 0.26163 0.24042 0.13667 0.19799 0.24042 0.31820 0.39127 0.44548 0.45491 0.48790 0.53269 0.44312 0.50440 0.51619 0.43369 0.28991 0.21333 0.16000 0.22000 0.20333 0.04328 0.00000 0.00000 0.00000 0.00000 0.00000 0.00000 0.00000 0.00000 0.00000 0.00000 0.00000 0.00000 0.00000 0.00000 0.00000 0.00000 0.00000 0.00000 0.00000 0.00000 0.00000 0.00000 0.00000 0.00000 0.00000
0.06667 0.14667 0.36000 0.47376 0.40541 0.26163 0.27106 0.29227 0.33941 0.41248 0.41248 0.32056 0.33470 0.24513 0.28049 0.39127 0.52797 0.54447 0.48790 0.35591 0.28520 0.22863 0.12728 0.23570 0.27577 0.33470 0.41012 0.45491 0.44548 0.46198 0.48790 0.49000 0.43134 0.47848 0.45000 0.34667 0.20667 0.15000 0.14667 0.23570 0.19000 0.00328 0.00000 0.00000 0.00000 0.00000 0.00000 0.00000 0.00000 0.00000 0.00000 0.00000 0.00000 0.00000 0.00000 0.00000 0.00000 0.00000 0.00000 0.00000 0.00000 0.00000 0.00000 0.00000 0.00000 0.00000 0.00000
0.13667 0.27333 0.46198 0.45491 0.32763 0.23806 0.27106 0.29698 0.39834 0.44548 0.37712 0.33705 0.33705 0.26870 0.28049 0.44076 0.54919 0.49969 0.40776 0.29698 0.23335 0.11549 0.24042 0.34648 0.34884 0.40776 0.45726 0.46905 0.43841 0.46198 0.44312 0.44548 0.44783 0.44076 0.39667 0.28667 0.17333 0.11667 0.16333 0.27333 0.07328 0.00000 0.00000 0.00000 0.00000 0.00000 0.00000 0.00000 0.00000 0.00000 0.00000 0.00000 0.00000 0.00000 0.00000 0.00000 0.00000 0.00000 0.00000 0.00000 0.00000 0.00000 0.00000 0.00000 0.00000 0.00000 0.00000
0.25000 0.38419 0.46905 0.38655 0.28520 0.27341 0.26634 0.30641 0.45491 0.40305 0.28991 0.28284 0.28756 0.23806 0.33234 0.49026 0.50205 0.39834 0.30170 0.21213 0.14614 0.22863 0.35120 0.38891 0.40776 0.44076 0.46198 0.42898 0.38655 0.38891 0.38891 0.41012 0.43333 0.41333 0.34000 0.23000 0.14000 0.10000 0.15333 0.28667 0.04662 0.00000 0.00000 0.00000 0.00000 0.00000 0.00000 0.00000 0.00000 0.00000 0.00000 0.00000 0.00000 0.00000 0.00000 0.00000 0.00000 0.00000 0.00000 0.00000 0.00000 0.00000 0.00000 0.00000 0.00000 0.00000 0.00000
0.36667 0.46433 0.43369 0.34648 0.30641 0.28756 0.25927 0.36298 0.46198 0.35355 0.26163 0.30641 0.31348 0.35827 0.45019 0.49969 0.45255 0.36298 0.23806 0.16971 0.19092 0.26163 0.38655 0.42898 0.46198 0.43369 0.44548 0.36298 0.36062 0.35591 0.37477 0.36333 0.40000 0.37333 0.31000 0.19333 0.12000 0.07333 0.16735 0.28000 0.09995 0.00000 0.00000 0.00000 0.00000 0.00000 0.00000 0.00000 0.00000 0.00000 0.00000 0.00000 0.00000 0.00000 0.00000 0.00000 0.00000 0.00000 0.00000 0.00000 0.00000 0.00000 0.00000 0.00000 0.00000 0.00000 0.00000
0.46905 0.48319 0.37477 0.34177 0.32763 0.27106 0.26634 0.41248 0.44783 0.32998 0.28756 0.32998 0.38184 0.46433 0.46198 0.49262 0.47612 0.34177 0.19333 0.16028 0.21449 0.27106 0.37948 0.41248 0.41719 0.40305 0.42426 0.36298 0.41484 0.36062 0.34413 0.32333 0.36667 0.32667 0.27333 0.17000 0.11333 0.06835 0.24749 0.21000 0.04661 0.00000 0.00000 0.00000 0.00000 0.00000 0.00000 0.00000 0.00000 0.00000 0.00000 0.00000 0.00000 0.00000 0.00000 0.00000 0.00000 0.00000 0.00000 0.00000 0.00000 0.00000 0.00000 0.00000 0.00000 0.00000 0.00000
0.50912 0.42426 0.32527 0.34648 0.30641 0.25456 0.30406 0.46198 0.41955 0.33234 0.31584 0.35591 0.49026 0.52797 0.48790 0.49969 0.37005 0.20742 0.22333 0.25333 0.23333 0.28520 0.37241 0.40333 0.37948 0.37241 0.38655 0.37948 0.38419 0.29463 0.27813 0.29000 0.32000 0.29667 0.25000 0.15667 0.11667 0.09664 0.31667 0.14667 0.00328 0.00000 0.00000 0.00000 0.00000 0.00000 0.00000 0.00000 0.00000 0.00000 0.00000 0.00000 0.00000 0.00000 0.00000 0.00000 0.00000 0.00000 0.00000 0.00000 0.00000 0.00000 0.00000 0.00000 0.00000 0.00000 0.00000
0.46198 0.38184 0.34884 0.34413 0.28520 0.30170 0.41012 0.52090 0.41484 0.36062 0.31113 0.41484 0.53740 0.51383 0.43134 0.34648 0.23335 0.18620 0.29333 0.34667 0.32000 0.31000 0.34333 0.36667 0.40000 0.35000 0.33000 0.32291 0.28049 0.21333 0.23000 0.22000 0.26667 0.29000 0.26000 0.15333 0.11000 0.13667 0.30000 0.11667 0.00328 0.00000 0.00000 0.00000 0.00000 0.00000 0.00000 0.00000 0.00000 0.00000 0.00000 0.00000 0.00000 0.00000 0.00000 0.00000 0.00000 0.00000 0.00000 0.00000 0.00000 0.00000 0.00000 0.00000 0.00000 0.00000 0.00000
0.41955 0.41719 0.37948 0.31113 0.32998 0.40305 0.49026 0.49969 0.38655 0.31820 0.34000 0.50676 0.54683 0.47612 0.33470 0.28284 0.23570 0.20977 0.34000 0.42667 0.37667 0.33000 0.37333 0.36000 0.37000 0.34000 0.35000 0.35000 0.25000 0.17000 0.21333 0.16667 0.23667 0.34667 0.24000 0.14667 0.09667 0.10000 0.28333 0.16667 0.00661 0.00000 0.00000 0.00000 0.00000 0.00000 0.00000 0.00000 0.00000 0.00000 0.00000 0.00000 0.00000 0.00000 0.00000 0.00000 0.00000 0.00000 0.00000 0.00000 0.00000 0.00000 0.00000 0.00000 0.00000 0.00000 0.00000
0.40069 0.44312 0.34884 0.30170 0.40305 0.47140 0.49733 0.45962 0.33470 0.31113 0.43841 0.52326 0.49026 0.36062 0.27106 0.30641 0.31000 0.32333 0.34667 0.44333 0.45000 0.39667 0.38667 0.38333 0.35667 0.31667 0.32000 0.34000 0.27000 0.19000 0.16000 0.17678 0.22863 0.39333 0.21000 0.15333 0.09000 0.06364 0.22667 0.24000 0.02661 0.00000 0.00000 0.00000 0.00000 0.00000 0.00000 0.00000 0.00000 0.00000 0.00000 0.00000 0.00000 0.00000 0.00000 0.00000 0.00000 0.00000 0.00000 0.00000 0.00000 0.00000 0.00000 0.00000 0.00000 0.00000 0.00000
0.41012 0.42426 0.34177 0.36298 0.44076 0.48555 0.46198 0.40305 0.29934 0.40776 0.51383 0.50205 0.38891 0.29698 0.33470 0.34648 0.27577 0.38655 0.43134 0.51000 0.52333 0.44667 0.40333 0.46333 0.41333 0.32667 0.28333 0.30667 0.28333 0.20333 0.12000 0.26163 0.28520 0.31000 0.21333 0.14333 0.08667 0.05333 0.15667 0.27667 0.05328 0.00000 0.00000 0.00000 0.00000 0.00000 0.00000 0.00000 0.00000 0.00000 0.00000 0.00000 0.00000 0.00000 0.00000 0.00000 0.00000 0.00000 0.00000 0.00000 0.00000 0.00000 0.00000 0.00000 0.00000 0.00000 0.00000
0.42426 0.40305 0.40305 0.42898 0.45255 0.47140 0.42898 0.33234 0.35355 0.50676 0.51855 0.40776 0.30406 0.33705 0.36770 0.31820 0.22667 0.30000 0.33000 0.49667 0.53333 0.48000 0.41667 0.45333 0.41667 0.36000 0.30333 0.30667 0.27333 0.22667 0.12000 0.33333 0.25667 0.20333 0.16333 0.12333 0.07333 0.06333 0.11549 0.30333 0.08328 0.00000 0.00000 0.00000 0.00000 0.00000 0.00000 0.00000 0.00000 0.00000 0.00000 0.00000 0.00000 0.00000 0.00000 0.00000 0.00000 0.00000 0.00000 0.00000 0.00000 0.00000 0.00000 0.00000 0.00000 0.00000 0.00000
