wepppy/_scripts/Test_Watershed_15/dem/topaz/FVSLOP.ARC
ncols   179
nrows   167
xllcorner  746128
yllcorner 4319283
cellsize   30.00
nodata_value    -1.0
[rows 87 to 115 of 167, columns 0 to 66 of 179]
0.13000 0.28284 0.35355 0.49333 0.43000 0.33333 0.31000 0.41667 0.45667 0.37000 0.34648 0.49969 0.43134 0.12964 0.14614 0.10000 0.03300 0.07333 0.08333 0.10607 0.11078 0.10842 0.11314 0.18149 0.24513 0.32333 0.41333 0.61000 0.57333 0.52333 0.43000 0.29333 0.30000 0.38000 0.46905 0.45491 0.45962 0.49262 0.39127 0.44312 0.44333 0.40667 0.69667 0.64000 0.47848 0.38184 0.39000 0.42667 0.31667 0.29333 0.34333 0.31584 0.26163 0.30667 0.32667 0.41667 0.23806 0.19667 0.22333 0.21333 0.24984 0.23806 0.29000 0.26634 0.26634 0.44000 0.44000
0.17333 0.32527 0.26399 0.38333 0.52000 0.46667 0.39667 0.47333 0.57333 0.50333 0.43333 0.51383 0.43841 0.11333 0.09899 0.07778 0.03667 0.03064 0.06000 0.07000 0.08721 0.09899 0.09428 0.14614 0.25000 0.34000 0.39333 0.53000 0.62333 0.61667 0.48333 0.35000 0.33000 0.43333 0.44333 0.39127 0.43333 0.46667 0.41955 0.49333 0.53667 0.48000 0.55000 0.54000 0.44333 0.37333 0.45000 0.42000 0.27813 0.40667 0.38000 0.26634 0.30000 0.38333 0.40000 0.40541 0.26163 0.26000 0.28000 0.26000 0.27106 0.19799 0.25220 0.19092 0.28333 0.39333 0.43333
0.48333 0.55154 0.37477 0.26399 0.20667 0.28000 0.38667 0.48667 0.58333 0.55000 0.54000 0.63404 0.58690 0.37000 0.23000 0.12257 0.05333 0.02333 0.02828 0.03333 0.03667 0.06000 0.06667 0.13333 0.23000 0.36333 0.40000 0.50333 0.65333 0.69667 0.55333 0.40000 0.34667 0.39000 0.44000 0.39000 0.47000 0.44333 0.32763 0.58667 0.57000 0.50000 0.48667 0.47667 0.49333 0.42333 0.40667 0.35120 0.28284 0.38184 0.40541 0.40000 0.37667 0.24000 0.32998 0.36534 0.24513 0.31000 0.36333 0.29667 0.27106 0.22392 0.29227 0.28333 0.32000 0.35120 0.34333
0.44667 0.44783 0.24667 0.15333 0.17913 0.30000 0.47667 0.66667 0.61000 0.63000 0.65333 0.67647 0.63404 0.54919 0.46198 0.31667 0.15333 0.05667 0.01414 0.02000 0.04000 0.04000 0.05667 0.11000 0.24667 0.37333 0.43000 0.53000 0.65667 0.71667 0.60333 0.42333 0.33667 0.36000 0.43000 0.43667 0.51333 0.37712 0.31667 0.58000 0.54333 0.49333 0.45333 0.49000 0.45667 0.42000 0.37241 0.37667 0.32000 0.26870 0.31584 0.42000 0.33941 0.32527 0.31584 0.32291 0.26333 0.35667 0.37333 0.32000 0.28333 0.28333 0.28991 0.33333 0.34333 0.34177 0.34648
0.23667 0.24749 0.14849 0.22667 0.34667 0.50000 0.59000 0.80610 0.69000 0.64667 0.70000 0.72125 0.64347 0.63404 0.54212 0.46433 0.27341 0.14000 0.08333 0.02121 0.03000 0.03667 0.04667 0.12333 0.29333 0.38333 0.50667 0.58000 0.53333 0.66000 0.60667 0.45333 0.34667 0.37667 0.44000 0.47333 0.45667 0.26667 0.23667 0.51667 0.53333 0.47000 0.40000 0.49000 0.48667 0.39333 0.33234 0.39834 0.38184 0.27333 0.41333 0.42191 0.41484 0.38419 0.30877 0.29227 0.37333 0.41000 0.32333 0.34333 0.29000 0.33667 0.34333 0.35333 0.34667 0.29227 0.33470
0.18000 0.18620 0.21000 0.31667 0.48790 0.69296 0.90333 1.02766 0.83667 0.70000 0.61000 0.45255 0.41484 0.52326 0.49969 0.49262 0.35827 0.21449 0.14000 0.09000 0.03536 0.04478 0.09000 0.12728 0.22333 0.40333 0.58667 0.53667 0.52333 0.58000 0.56667 0.53000 0.40333 0.41000 0.49333 0.42333 0.32333 0.19333 0.18856 0.39333 0.49000 0.49333 0.36333 0.46333 0.51333 0.39667 0.27341 0.32763 0.34413 0.42000 0.41000 0.45255 0.50440 0.41955 0.28049 0.27333 0.43333 0.37000 0.35333 0.37667 0.34333 0.36333 0.36667 0.34000 0.28667 0.19000 0.20977
0.07000 0.20000 0.41000 0.47000 0.64582 0.81082 0.80139 0.65290 0.39127 0.41333 0.24000 0.12000 0.25333 0.37477 0.43369 0.49969 0.39127 0.24984 0.18385 0.12667 0.10667 0.09899 0.11549 0.08485 0.16333 0.39333 0.56667 0.59333 0.67333 0.54000 0.53333 0.52000 0.45333 0.43667 0.49000 0.34000 0.24333 0.16667 0.15333 0.34667 0.48333 0.46667 0.32333 0.40667 0.49000 0.42667 0.24513 0.25692 0.20667 0.32000 0.33000 0.41000 0.46000 0.40541 0.32667 0.48333 0.46000 0.41333 0.41333 0.41333 0.42000 0.48333 0.41000 0.32667 0.19000 0.16333 0.13199
0.08000 0.38000 0.42667 0.52000 0.73303 0.72596 0.48083 0.19328 0.10667 0.16000 0.18333 0.09667 0.18000 0.27106 0.35355 0.46198 0.42662 0.31348 0.22627 0.17667 0.18667 0.11667 0.11078 0.07307 0.13671 0.34333 0.57000 0.71667 0.79667 0.51619 0.47333 0.46333 0.48333 0.48667 0.44667 0.30333 0.27667 0.20035 0.22667 0.37667 0.46333 0.42000 0.26667 0.33705 0.48319 0.47376 0.31584 0.25456 0.26333 0.22333 0.28000 0.27000 0.37005 0.36298 0.47667 0.52667 0.44667 0.43667 0.41333 0.42667 0.43667 0.44076 0.37241 0.28756 0.20000 0.16000 0.16667
0.02000 0.31667 0.52000 0.57333 0.58667 0.37712 0.18620 0.09667 0.01000 0.06128 0.20270 0.21213 0.29934 0.27577 0.31348 0.41248 0.42662 0.31820 0.20742 0.14000 0.12000 0.08667 0.05893 0.08333 0.13435 0.32000 0.57000 0.68333 0.71667 0.51000 0.49333 0.50333 0.55333 0.60667 0.52333 0.40541 0.40069 0.32763 0.35000 0.43000 0.46000 0.37667 0.26333 0.24749 0.40776 0.49026 0.43134 0.36333 0.32333 0.27341 0.28756 0.31113 0.38655 0.45667 0.47667 0.38000 0.34667 0.45000 0.43667 0.41333 0.42000 0.34413 0.37005 0.34413 0.25333 0.25333 0.20000
0.04000 0.23333 0.48667 0.61333 0.58667 0.29333 0.17000 0.05333 0.00000 0.17333 0.19799 0.29333 0.34413 0.32056 0.30406 0.34333 0.40333 0.31667 0.19799 0.13906 0.14378 0.06667 0.00667 0.05000 0.15000 0.29000 0.49667 0.67667 0.66333 0.52000 0.47667 0.54667 0.62667 0.68667 0.61333 0.40667 0.41012 0.34177 0.45333 0.45000 0.45000 0.37712 0.32667 0.24333 0.28284 0.33705 0.39127 0.43000 0.47333 0.38655 0.34177 0.35120 0.36333 0.40333 0.40333 0.36333 0.42667 0.44667 0.48667 0.45667 0.38000 0.37241 0.36770 0.35120 0.33941 0.29667 0.21213
0.00667 0.26000 0.52333 0.60333 0.57667 0.33667 0.13000 0.11333 0.24667 0.26870 0.14333 0.20270 0.30641 0.35333 0.30000 0.35333 0.41667 0.32333 0.15556 0.10667 0.14333 0.05893 0.02667 0.04950 0.12667 0.27333 0.49000 0.61000 0.62667 0.56000 0.46000 0.54000 0.64333 0.68667 0.62667 0.55667 0.43000 0.33941 0.51619 0.47140 0.48083 0.47140 0.43369 0.34177 0.30406 0.25220 0.27106 0.30333 0.34413 0.36298 0.38667 0.45333 0.46667 0.44333 0.43667 0.42333 0.38333 0.36000 0.38333 0.40333 0.38184 0.38655 0.37948 0.36062 0.38184 0.36534 0.27106
-1.00000 0.44333 0.62667 0.53033 0.56000 0.39000 0.22627 0.31667 0.49333 0.35667 0.20000 0.18620 0.32333 0.39000 0.32333 0.38667 0.40667 0.26000 0.17000 0.15000 0.13333 0.06000 0.02333 0.04478 0.14000 0.23667 0.48000 0.60000 0.59000 0.54667 0.48000 0.52333 0.55000 0.69000 0.72333 0.67000 0.46333 0.34667 0.54683 0.50205 0.48555 0.49969 0.48790 0.43369 0.42191 0.42000 0.38333 0.31348 0.38891 0.35333 0.39000 0.40000 0.38333 0.38667 0.38667 0.44333 0.44667 0.43000 0.40667 0.38000 0.40069 0.38655 0.39127 0.40305 0.39127 0.37005 0.23570
0.13000 0.58667 0.68000 0.51147 0.57511 0.48083 0.35000 0.48319 0.55154 0.48000 0.39667 0.24513 0.41667 0.40000 0.35000 0.37000 0.38333 0.25333 0.17333 0.14667 0.15333 0.04714 0.02000 0.06333 0.13000 0.24000 0.45000 0.63667 0.62000 0.51667 0.50000 0.51000 0.54333 0.67667 0.74667 0.64333 0.46333 0.33667 0.51383 0.51383 0.47376 0.46669 0.45726 0.41484 0.47000 0.51333 0.42333 0.36062 0.42191 0.49667 0.48333 0.43000 0.41667 0.40333 0.42667 0.44667 0.45000 0.42333 0.43333 0.39362 0.40305 0.37712 0.34884 0.37712 0.41012 0.39362 0.30000
0.16000 0.57667 0.57667 0.55000 0.62667 0.53033 0.41012 0.47612 0.37948 0.32291 0.31348 0.36000 0.44667 0.40000 0.37333 0.35667 0.30667 0.26667 0.20333 0.15667 0.15000 0.04243 0.03333 0.09333 0.14378 0.25667 0.41333 0.61667 0.62667 0.68000 0.60000 0.52562 0.49026 0.59667 0.76333 0.68667 0.44333 0.32000 0.34884 0.45726 0.47140 0.47848 0.43134 0.41000 0.46000 0.43369 0.43369 0.40667 0.44333 0.42333 0.37667 0.39667 0.44333 0.46667 0.47667 0.48333 0.49667 0.45667 0.38667 0.45491 0.43841 0.43333 0.38667 0.28333 0.28991 0.32056 0.33333
0.21000 0.50440 0.46667 0.56667 0.62667 0.48000 0.39127 0.33941 0.23099 0.22627 0.32056 0.32000 0.42667 0.40667 0.39000 0.31333 0.25667 0.27333 0.17678 0.16499 0.16667 0.05893 0.06000 0.10371 0.18000 0.25000 0.38333 0.59667 0.66667 0.72333 0.58333 0.47000 0.44667 0.54667 0.67667 0.69000 0.45000 0.32000 0.20506 0.33234 0.39362 0.46669 0.40541 0.44000 0.40776 0.41719 0.38655 0.41333 0.38000 0.40000 0.43667 0.44667 0.45667 0.50333 0.55333 0.55667 0.49667 0.45667 0.40000 0.42333 0.34333 0.39834 0.44000 0.30667 0.21920 0.19328 0.26667
0.02000 0.48667 0.43000 0.55667 0.51333 0.41248 0.41012 0.34648 0.23806 0.13667 0.27333 0.27106 0.39667 0.39667 0.39000 0.24333 0.21333 0.27000 0.18333 0.14849 0.17678 0.09000 0.11333 0.15792 0.23806 0.27577 0.39333 0.61000 0.68667 0.65667 0.62667 0.52000 0.45726 0.45255 0.58000 0.59000 0.50000 0.38333 0.24667 0.24000 0.22392 0.32527 0.34667 0.39333 0.41719 0.43841 0.37333 0.35333 0.37000 0.41000 0.50000 0.49000 0.49667 0.56000 0.58333 0.52667 0.45667 0.42000 0.42333 0.32667 0.30170 0.38655 0.46433 0.44312 0.32527 0.28000 0.26667
-1.00000 0.50333 0.40667 0.48333 0.41333 0.34413 0.36062 0.27577 0.22333 0.16000 0.30667 0.32333 0.38333 0.40000 0.33333 0.16667 0.17206 0.26163 0.20977 0.16028 0.19092 0.14000 0.15667 0.18385 0.23099 0.30170 0.44312 0.57667 0.67333 0.66333 0.60333 0.46667 0.41000 0.37333 0.48667 0.59000 0.55667 0.33000 0.11000 0.13435 0.16735 0.23335 0.30000 0.36534 0.41012 0.44548 0.40333 0.34667 0.32667 0.37000 0.44333 0.46000 0.50333 0.55333 0.52667 0.43333 0.38000 0.50000 0.42667 0.30000 0.25927 0.36770 0.40541 0.40541 0.31113 0.33000 0.30333
0.06667 0.61667 0.39127 0.29463 0.29667 0.29000 0.37333 0.37667 0.35667 0.27341 0.46667 0.45667 0.39667 0.40000 0.25333 0.12257 0.15321 0.27106 0.24749 0.19328 0.19328 0.17000 0.16000 0.19092 0.25456 0.34177 0.47667 0.63333 0.70667 0.63875 0.51855 0.50333 0.40333 0.32763 0.44667 0.59333 0.59667 0.30333 0.09428 0.12728 0.17000 0.24667 0.26333 0.30406 0.39127 0.41955 0.41955 0.39333 0.38667 0.40000 0.41333 0.44667 0.48000 0.46667 0.44667 0.38655 0.47333 0.47667 0.38333 0.30877 0.24984 0.32291 0.40069 0.46333 0.36667 0.33667 0.32000
0.15333 0.60333 0.40000 0.21213 0.21667 0.31667 0.47000 0.50000 0.34884 0.22863 0.56667 0.58333 0.41000 0.37000 0.20667 0.10371 0.11549 0.24277 0.24042 0.20506 0.19328 0.18667 0.19000 0.23335 0.35120 0.44312 0.56804 0.70239 0.77075 0.63875 0.48083 0.38891 0.48333 0.33333 0.45000 0.58333 0.52667 0.37000 0.21333 0.17667 0.19000 0.23333 0.20000 0.23667 0.36298 0.41012 0.40069 0.37333 0.42000 0.45667 0.47000 0.49333 0.44333 0.27667 0.35333 0.38667 0.41333 0.36062 0.39834 0.36534 0.29227 0.28991 0.42333 0.47000 0.35000 0.33333 0.32667
0.19333 0.51333 0.32000 0.13333 0.29000 0.39000 0.47000 0.42667 0.21449 0.13667 0.56000 0.57333 0.41333 0.31333 0.19000 0.10135 0.07542 0.19328 0.22392 0.20035 0.19799 0.20000 0.18667 0.26163 0.41248 0.49733 0.61047 0.74482 0.70475 0.49969 0.34177 0.34667 0.43667 0.47000 0.50333 0.60667 0.56804 0.42426 0.29000 0.31667 0.32667 0.25333 0.22333 0.24667 0.27106 0.37948 0.38655 0.37333 0.39000 0.42333 0.42667 0.41333 0.32333 0.33333 0.38667 0.31000 0.27813 0.32527 0.36534 0.35591 0.33667 0.44667 0.43000 0.37000 0.30667 0.27577 0.33470
0.10667 0.43667 0.33333 0.17667 0.45000 0.45255 0.42191 0.28991 0.21333 0.09428 0.48667 0.51333 0.39000 0.29000 0.17442 0.11785 0.08667 0.16028 0.20506 0.20270 0.21333 0.21667 0.25000 0.33705 0.51619 0.59161 0.63168 0.67882 0.57747 0.40305 0.32667 0.34413 0.49333 0.56000 0.61754 0.67647 0.63404 0.47140 0.33470 0.43667 0.39000 0.23333 0.20667 0.16000 0.11314 0.22392 0.27577 0.31000 0.32333 0.27333 0.17913 0.27813 0.32333 0.36000 0.37000 0.27667 0.19000 0.22627 0.31000 0.30667 0.33000 0.42000 0.40000 0.40000 0.29333 0.23335 0.33234
0.15667 0.46333 0.32056 0.21685 0.42000 0.35333 0.30333 0.24667 0.21667 0.10333 0.42667 0.48000 0.37667 0.27667 0.15792 0.10842 0.09667 0.16263 0.19563 0.21000 0.23333 0.25333 0.32000 0.43369 0.60340 0.64582 0.68354 0.72361 0.58690 0.36298 0.42000 0.49262 0.63640 0.74718 0.81082 0.75896 0.69061 0.54212 0.46000 0.45667 0.34333 0.17678 0.12333 0.13199 0.14849 0.16333 0.10135 0.12964 0.15333 0.19328 0.29934 0.32056 0.30877 0.27667 0.32333 0.27667 0.23667 0.23333 0.33667 0.33333 0.32333 0.36333 0.35333 0.31000 0.26634 0.20977 0.30406
0.36667 0.60104 0.51855 0.38655 0.38655 0.31000 0.25667 0.23333 0.20000 0.12000 0.38000 0.47000 0.36000 0.24000 0.16499 0.11314 0.12333 0.15333 0.14378 0.12333 0.18667 0.26667 0.34667 0.51383 0.63875 0.68825 0.69532 0.58690 0.38419 0.27341 0.40541 0.57000 0.61047 0.68825 0.73303 0.74953 0.72596 0.60104 0.46333 0.38667 0.39598 0.29667 0.18667 0.20977 0.19328 0.18333 0.18667 0.20506 0.21667 0.24333 0.29934 0.28284 0.24984 0.18385 0.25000 0.27667 0.27000 0.23000 0.33333 0.36667 0.35000 0.32000 0.29667 0.23570 0.25692 0.16028 0.18667
0.33667 0.56097 0.57276 0.45000 0.32763 0.30170 0.23335 0.24000 0.18149 0.14000 0.33000 0.45000 0.34333 0.22000 0.15556 0.13000 0.18667 0.19333 0.13906 0.10667 0.21000 0.34667 0.39598 0.56804 0.63640 0.66704 0.55861 0.36534 0.24042 0.27577 0.38891 0.62000 0.74000 0.68354 0.65290 0.70667 0.67667 0.55390 0.41333 0.38891 0.41248 0.36667 0.32667 0.27000 0.18620 0.15085 0.26667 0.27333 0.28000 0.25000 0.24277 0.22627 0.20000 0.15556 0.22667 0.26333 0.29000 0.24513 0.28333 0.37333 0.35667 0.31667 0.27667 0.18333 0.18149 0.18149 0.22627
0.30333 0.52797 0.50912 0.33000 0.21667 0.22156 0.24749 0.23806 0.15085 0.12000 0.33333 0.41000 0.34000 0.21685 0.14378 0.15000 0.20333 0.24277 0.19799 0.20333 0.30667 0.46000 0.46905 0.59161 0.60104 0.54447 0.39127 0.34177 0.36770 0.47140 0.61047 0.94045 1.10544 0.90274 0.82967 0.85324 0.68589 0.42426 0.33470 0.44667 0.43667 0.39333 0.30667 0.27000 0.22000 0.16028 0.20035 0.24749 0.24667 0.27000 0.24333 0.20977 0.20506 0.17678 0.20270 0.27667 0.32333 0.25000 0.24667 0.34667 0.34667 0.31333 0.22000 0.14142 0.12667 0.13000 0.16333
0.37333 0.51855 0.46905 0.38655 0.39000 0.17913 0.22863 0.20742 0.11314 0.11000 0.29000 0.38333 0.33667 0.20742 0.16667 0.18000 0.16263 0.17442 0.15792 0.19333 0.36298 0.52797 0.47376 0.53740 0.50912 0.42898 0.33705 0.33941 0.33941 0.46198 0.63168 0.85324 0.81553 0.65997 0.67411 0.62461 0.42426 0.23335 0.36000 0.37000 0.49667 0.40667 0.28333 0.23667 0.22000 0.20506 0.21213 0.22392 0.19328 0.21333 0.22333 0.25456 0.29227 0.28284 0.31113 0.37241 0.35591 0.28049 0.26163 0.29333 0.31000 0.30333 0.22000 0.12728 0.13333 0.12964 0.15792
0.41000 0.49969 0.45019 0.35591 0.19328 0.15000 0.18620 0.15085 0.07071 0.11667 0.23667 0.34667 0.31820 0.18620 0.17667 0.17333 0.11078 0.13435 0.14333 0.16667 0.37948 0.51855 0.40069 0.39362 0.37948 0.29934 0.25667 0.28333 0.40667 0.57000 0.60104 0.66468 0.71333 0.70000 0.50000 0.38655 0.27000 0.14000 0.34333 0.42667 0.44667 0.42333 0.36333 0.22863 0.23000 0.21667 0.19092 0.21685 0.19328 0.19328 0.25000 0.34177 0.37712 0.36298 0.38419 0.41012 0.37005 0.31820 0.30641 0.30406 0.29227 0.28756 0.24749 0.21449 0.21685 0.23570 0.25692
0.63667 0.64111 0.56097 0.42662 0.19799 0.14333 0.15085 0.11314 0.05667 0.10333 0.18149 0.33705 0.39362 0.24667 0.25667 0.22667 0.17333 0.22333 0.26667 0.27667 0.39834 0.48333 0.32527 0.30877 0.39362 0.35827 0.37241 0.39362 0.49969 0.56569 0.45962 0.53333 0.73667 0.88333 0.46333 0.29227 0.23333 0.20506 0.30877 0.43333 0.46667 0.43333 0.40000 0.27667 0.21667 0.21000 0.20977 0.20977 0.20270 0.25692 0.29227 0.35355 0.35120 0.33705 0.34884 0.35120 0.32056 0.29934 0.28756 0.29227 0.31348 0.31820 0.27341 0.24984 0.24277 0.24277 0.24042
0.72667 0.61990 0.39834 0.32998 0.20742 0.16333 0.11314 0.08014 0.08000 0.10333 0.08957 0.23570 0.36298 0.32333 0.39333 0.36667 0.37333 0.33333 0.35667 0.36667 0.37948 0.43134 0.29227 0.31667 0.37948 0.30406 0.30170 0.28284 0.37667 0.44333 0.47667 0.57000 0.72667 1.00333 0.56333 0.38184 0.30641 0.29000 0.29333 0.35333 0.42667 0.45667 0.36667 0.26000 0.25333 0.25667 0.21685 0.21449 0.24042 0.28991 0.28049 0.29227 0.29463 0.29934 0.29698 0.28284 0.26163 0.26163 0.25927 0.27577 0.29463 0.28284 0.23335 0.22863 0.21449 0.18385 0.16028
