wepppy/_scripts/Test_Watershed_15/dem/topaz/RELIEF.ARC
ncols   179
nrows   167
xllcorner  746128
yllcorner 4319283
cellsize   30.00
nodata_value     0.0
[rows 125 to 149 of 167, columns 114 to 170 of 179]
2065.20000 2064.60000 2059.70000 2049.20000 2034.80000 2020.70000 2011.00000 2006.30000 2007.00000 2003.90000 1998.20000 1993.50000 1990.70000 1986.50000 1980.70000 1971.30000 1961.60000 1952.30000 1943.60000 1933.70000 1926.30000 1920.10000 1911.40000 1907.90000 1907.30000 1907.10000 1907.00000 1906.90000 1906.60000 1906.40000 1906.10000 1906.20000 1906.30000 1906.10000 1906.10000 1906.10000 1905.90000 1905.20000 1905.50000 1905.90000 1907.70000 1912.50000 1917.90000 1923.60000 1927.00000 1931.40000 1937.40000 1942.80000 1947.10000 1950.70000 1952.30000 1949.60000 1945.80000 1942.80000 1941.10000 1942.90000 1946.40000
2072.90000 2067.50000 2057.30000 2043.10000 2028.70000 2018.00000 2014.00000 2014.90000 2015.70000 2010.60000 2002.70000 1995.80000 1992.20000 1989.10000 1983.10000 1972.70000 1964.10000 1955.50000 1946.10000 1936.40000 1928.40000 1921.10000 1913.00000 1908.90000 1907.80000 1907.70000 1907.40000 1907.30000 1907.10000 1906.70000 1906.40000 1906.60000 1906.70000 1906.70000 1906.70000 1906.50000 1906.40000 1906.30000 1906.30000 1908.00000 1912.20000 1916.90000 1920.80000 1925.20000 1928.80000 1933.40000 1939.00000 1944.50000 1949.40000 1954.80000 1957.80000 1956.00000 1952.90000 1951.40000 1950.10000 1952.20000 1957.00000
2077.70000 2066.70000 2051.10000 2035.20000 2025.80000 2023.80000 2024.70000 2025.20000 2021.30000 2013.60000 2005.50000 1998.00000 1993.50000 1990.20000 1984.10000 1973.60000 1965.40000 1958.30000 1948.90000 1940.20000 1932.50000 1925.30000 1918.10000 1910.20000 1908.30000 1908.10000 1907.80000 1907.70000 1907.60000 1907.20000 1907.20000 1907.30000 1907.60000 1907.50000 1907.30000 1907.20000 1907.00000 1906.80000 1907.20000 1911.60000 1916.50000 1920.70000 1924.20000 1927.30000 1931.30000 1934.90000 1939.90000 1944.90000 1950.10000 1957.60000 1963.30000 1963.00000 1961.20000 1959.90000 1960.40000 1962.60000 1967.10000
2076.30000 2061.50000 2044.90000 2032.00000 2031.60000 2034.40000 2034.70000 2030.40000 2023.30000 2015.40000 2007.60000 1999.90000 1994.70000 1990.10000 1983.70000 1974.20000 1966.90000 1960.70000 1951.60000 1943.80000 1937.40000 1930.80000 1924.60000 1913.70000 1908.90000 1908.50000 1908.30000 1908.30000 1908.20000 1908.10000 1909.70000 1910.30000 1908.60000 1907.90000 1907.90000 1907.70000 1907.40000 1907.20000 1907.90000 1912.40000 1918.30000 1923.70000 1927.00000 1930.90000 1935.80000 1938.30000 1941.90000 1946.70000 1951.80000 1960.60000 1969.20000 1970.50000 1969.80000 1969.20000 1971.30000 1974.90000 1978.90000
2068.20000 2054.00000 2043.80000 2041.50000 2044.50000 2047.40000 2044.90000 2035.20000 2027.50000 2019.50000 2010.00000 2001.10000 1995.20000 1990.10000 1983.50000 1975.40000 1969.00000 1963.00000 1954.70000 1947.40000 1942.10000 1936.50000 1929.70000 1918.40000 1910.00000 1909.00000 1909.10000 1908.80000 1908.80000 1909.90000 1913.10000 1913.50000 1910.00000 1908.70000 1908.60000 1908.20000 1907.80000 1907.70000 1908.60000 1912.40000 1919.00000 1924.80000 1929.20000 1934.90000 1941.70000 1944.70000 1947.60000 1952.30000 1957.40000 1963.80000 1973.00000 1976.70000 1976.90000 1977.50000 1979.80000 1984.50000 1989.70000
2060.50000 2053.30000 2052.20000 2054.20000 2057.20000 2056.70000 2050.60000 2040.00000 2030.10000 2020.20000 2009.00000 1999.10000 1993.40000 1989.20000 1983.70000 1977.70000 1971.90000 1966.30000 1958.90000 1951.30000 1945.70000 1939.20000 1929.90000 1919.40000 1911.20000 1909.60000 1909.60000 1909.40000 1910.40000 1913.30000 1915.80000 1914.80000 1910.40000 1909.40000 1908.90000 1908.70000 1908.50000 1908.60000 1909.60000 1911.90000 1918.10000 1925.20000 1931.80000 1938.10000 1945.50000 1949.80000 1954.30000 1960.60000 1965.40000 1968.70000 1975.90000 1981.30000 1982.80000 1984.80000 1987.80000 1991.30000 1995.90000
2064.30000 2059.80000 2059.20000 2061.70000 2063.20000 2059.80000 2052.70000 2043.00000 2033.10000 2022.40000 2009.10000 1997.20000 1990.50000 1986.40000 1981.60000 1978.20000 1975.20000 1970.50000 1962.40000 1954.30000 1948.00000 1940.10000 1928.20000 1918.30000 1912.30000 1910.20000 1909.80000 1909.90000 1912.30000 1915.90000 1917.20000 1915.00000 1910.70000 1910.30000 1909.90000 1909.50000 1910.70000 1914.00000 1914.60000 1914.80000 1922.30000 1928.80000 1935.20000 1941.10000 1947.10000 1952.50000 1957.70000 1964.40000 1969.90000 1974.20000 1979.50000 1985.40000 1988.50000 1991.20000 1994.60000 1997.10000 1999.70000
2069.90000 2067.10000 2065.70000 2065.70000 2063.40000 2058.80000 2053.20000 2045.60000 2037.40000 2027.60000 2014.30000 1999.80000 1988.30000 1982.30000 1979.10000 1977.70000 1976.10000 1972.40000 1964.70000 1956.50000 1950.20000 1941.60000 1930.20000 1920.20000 1913.80000 1910.70000 1910.30000 1910.60000 1914.10000 1917.40000 1917.80000 1914.40000 1911.30000 1910.00000 1910.10000 1910.60000 1914.00000 1917.80000 1919.60000 1922.40000 1926.80000 1933.00000 1939.30000 1945.40000 1951.50000 1957.00000 1963.40000 1968.90000 1973.80000 1978.00000 1982.20000 1988.90000 1993.70000 1996.70000 1999.50000 2003.60000 2007.20000
2074.70000 2071.60000 2068.80000 2066.20000 2062.00000 2057.00000 2052.00000 2047.30000 2041.30000 2034.40000 2021.80000 2005.80000 1990.50000 1981.50000 1979.20000 1979.00000 1977.90000 1974.30000 1967.30000 1959.30000 1952.50000 1944.90000 1936.70000 1925.80000 1916.60000 1911.30000 1910.80000 1911.70000 1915.40000 1918.60000 1917.80000 1913.40000 1911.20000 1910.30000 1911.20000 1912.50000 1916.70000 1920.10000 1923.60000 1927.40000 1932.90000 1938.10000 1944.00000 1948.90000 1955.00000 1961.00000 1967.60000 1973.80000 1978.60000 1983.20000 1987.00000 1992.50000 1998.50000 2001.80000 2004.40000 2009.80000 2015.40000
2077.60000 2073.40000 2069.20000 2065.40000 2060.60000 2055.20000 2049.40000 2045.10000 2042.10000 2036.30000 2026.10000 2010.80000 1994.90000 1985.20000 1982.20000 1982.30000 1980.70000 1975.40000 1968.30000 1961.20000 1954.40000 1949.40000 1942.90000 1931.40000 1919.40000 1912.40000 1911.20000 1911.90000 1915.40000 1919.10000 1916.30000 1913.10000 1911.90000 1911.30000 1912.30000 1913.60000 1919.20000 1923.00000 1926.20000 1930.10000 1936.90000 1942.70000 1947.50000 1953.80000 1960.20000 1966.80000 1973.60000 1981.10000 1987.00000 1989.70000 1991.20000 1996.40000 2003.20000 2006.80000 2008.80000 2013.80000 2020.20000
2081.00000 2075.20000 2069.30000 2064.80000 2059.00000 2053.30000 2048.30000 2043.90000 2041.40000 2035.90000 2026.90000 2015.40000 2002.70000 1993.70000 1987.60000 1986.10000 1982.50000 1976.10000 1969.20000 1963.10000 1957.50000 1952.70000 1945.30000 1934.80000 1923.00000 1915.00000 1912.00000 1912.00000 1915.50000 1918.70000 1915.40000 1913.70000 1912.90000 1912.80000 1915.20000 1917.50000 1922.30000 1925.70000 1929.90000 1935.90000 1941.60000 1945.40000 1948.80000 1956.60000 1966.80000 1974.30000 1981.20000 1986.70000 1990.80000 1993.70000 1995.80000 2001.30000 2008.40000 2011.20000 2012.50000 2016.50000 2023.70000
2084.40000 2078.90000 2072.60000 2067.70000 2061.30000 2054.20000 2048.40000 2044.10000 2039.90000 2034.60000 2027.40000 2018.30000 2007.70000 1998.40000 1991.90000 1988.80000 1984.40000 1977.80000 1971.00000 1965.50000 1961.20000 1955.40000 1947.40000 1937.90000 1927.40000 1918.00000 1913.00000 1912.30000 1915.10000 1918.60000 1915.90000 1913.60000 1914.20000 1915.20000 1919.30000 1923.50000 1925.20000 1928.70000 1933.00000 1937.90000 1943.00000 1947.50000 1952.10000 1962.40000 1973.30000 1982.10000 1987.10000 1990.30000 1994.50000 1998.30000 2001.80000 2007.10000 2014.70000 2017.10000 2017.70000 2020.40000 2028.10000
2086.10000 2080.80000 2074.70000 2069.90000 2063.10000 2056.40000 2050.70000 2045.10000 2039.90000 2035.00000 2028.40000 2020.60000 2011.60000 2002.20000 1994.50000 1989.30000 1984.90000 1979.40000 1972.70000 1966.90000 1962.60000 1956.70000 1949.20000 1940.60000 1931.00000 1919.90000 1913.70000 1912.70000 1915.40000 1919.40000 1918.00000 1914.80000 1919.50000 1921.00000 1924.10000 1928.40000 1929.50000 1931.20000 1934.00000 1939.90000 1945.90000 1951.90000 1958.30000 1967.70000 1979.00000 1986.50000 1989.60000 1993.30000 1996.60000 2001.50000 2005.60000 2010.80000 2019.20000 2024.30000 2024.90000 2026.40000 2033.00000
2086.40000 2080.50000 2075.30000 2069.80000 2063.90000 2058.80000 2053.60000 2046.70000 2040.20000 2033.40000 2028.20000 2022.00000 2013.90000 2004.50000 1996.00000 1988.70000 1984.30000 1979.60000 1973.40000 1967.40000 1962.30000 1956.40000 1949.30000 1941.10000 1932.10000 1921.00000 1914.20000 1913.60000 1917.70000 1920.70000 1919.50000 1915.30000 1920.70000 1927.40000 1929.20000 1933.40000 1934.40000 1934.30000 1936.20000 1941.90000 1949.20000 1957.10000 1965.40000 1974.60000 1984.20000 1989.90000 1994.00000 1997.70000 2001.70000 2009.10000 2012.70000 2016.80000 2023.10000 2029.20000 2031.60000 2032.60000 2037.60000
2085.60000 2079.30000 2074.00000 2068.50000 2063.40000 2059.20000 2054.80000 2048.10000 2041.20000 2033.10000 2026.00000 2021.10000 2014.60000 2005.30000 1996.50000 1988.60000 1984.70000 1979.60000 1973.90000 1968.00000 1962.10000 1955.10000 1948.10000 1939.50000 1930.30000 1920.60000 1914.30000 1915.60000 1920.40000 1922.50000 1919.00000 1915.90000 1921.40000 1930.00000 1933.10000 1938.20000 1939.20000 1936.90000 1938.50000 1943.50000 1952.70000 1962.70000 1969.60000 1977.80000 1985.70000 1992.80000 1999.50000 2004.30000 2009.80000 2016.80000 2020.70000 2024.00000 2027.90000 2033.00000 2037.30000 2039.40000 2043.70000
2083.30000 2076.30000 2071.00000 2065.70000 2060.90000 2056.70000 2053.30000 2048.60000 2042.40000 2034.60000 2027.30000 2021.40000 2016.10000 2008.10000 1998.90000 1990.70000 1986.20000 1980.00000 1973.70000 1968.50000 1962.20000 1952.60000 1944.50000 1936.30000 1926.90000 1918.20000 1914.70000 1917.80000 1922.30000 1925.60000 1921.30000 1917.30000 1923.40000 1931.40000 1935.80000 1940.60000 1942.10000 1939.50000 1940.50000 1944.90000 1954.30000 1964.20000 1971.90000 1979.90000 1988.20000 1995.70000 2003.10000 2009.10000 2013.00000 2018.20000 2024.80000 2029.60000 2032.80000 2037.40000 2042.90000 2046.50000 2051.20000
2079.10000 2071.40000 2066.60000 2061.80000 2056.90000 2052.50000 2050.10000 2047.50000 2042.90000 2036.50000 2029.70000 2023.00000 2016.50000 2008.20000 1999.60000 1992.20000 1985.30000 1978.10000 1973.10000 1967.50000 1960.10000 1949.40000 1940.80000 1931.50000 1921.50000 1916.30000 1916.10000 1919.80000 1923.90000 1928.20000 1924.80000 1918.80000 1923.90000 1934.10000 1937.70000 1941.60000 1943.60000 1941.40000 1942.00000 1945.80000 1954.20000 1962.70000 1971.80000 1980.20000 1990.40000 1998.90000 2005.70000 2011.00000 2015.10000 2019.60000 2025.80000 2031.90000 2038.20000 2044.70000 2050.40000 2053.60000 2056.70000
2075.20000 2067.20000 2062.60000 2057.60000 2052.90000 2048.80000 2046.10000 2044.50000 2042.00000 2037.70000 2031.40000 2024.00000 2015.80000 2006.60000 1998.20000 1991.40000 1983.30000 1978.10000 1974.50000 1969.90000 1961.70000 1952.00000 1942.00000 1932.10000 1922.00000 1917.00000 1918.90000 1923.40000 1926.30000 1930.30000 1928.20000 1920.10000 1923.20000 1934.50000 1939.50000 1942.40000 1944.60000 1943.90000 1943.50000 1945.90000 1952.60000 1962.00000 1972.00000 1979.50000 1988.70000 1998.70000 2005.60000 2012.60000 2018.40000 2021.50000 2026.30000 2033.40000 2041.90000 2049.80000 2055.10000 2058.80000 2061.60000
2073.60000 2065.80000 2060.40000 2054.50000 2049.20000 2045.50000 2042.80000 2041.60000 2039.50000 2035.90000 2031.30000 2023.30000 2012.50000 2004.20000 2000.30000 1996.50000 1989.50000 1981.80000 1976.00000 1970.60000 1962.50000 1952.90000 1945.00000 1935.80000 1929.80000 1923.20000 1924.30000 1926.90000 1930.20000 1932.90000 1933.30000 1923.60000 1923.20000 1935.80000 1942.80000 1943.50000 1945.00000 1947.10000 1948.00000 1948.50000 1951.90000 1959.60000 1969.20000 1976.60000 1984.90000 1994.40000 2003.00000 2011.20000 2018.50000 2023.20000 2027.90000 2034.20000 2041.40000 2049.30000 2055.70000 2061.10000 2065.30000
2075.40000 2067.20000 2059.90000 2052.50000 2045.60000 2041.70000 2038.90000 2037.40000 2035.50000 2032.40000 2028.60000 2021.50000 2011.80000 2010.30000 2007.60000 2003.30000 1996.20000 1986.50000 1978.30000 1971.00000 1964.40000 1957.30000 1948.10000 1941.10000 1938.80000 1933.20000 1930.80000 1928.90000 1933.90000 1935.80000 1936.80000 1929.80000 1924.60000 1939.40000 1946.60000 1944.40000 1946.30000 1948.70000 1951.60000 1953.30000 1953.40000 1957.50000 1964.90000 1971.60000 1979.40000 1988.60000 1998.30000 2006.80000 2015.70000 2023.50000 2030.10000 2036.70000 2041.50000 2046.70000 2052.40000 2057.20000 2061.30000
2081.10000 2071.90000 2063.00000 2055.00000 2047.00000 2041.50000 2037.20000 2035.70000 2033.40000 2029.60000 2025.60000 2022.50000 2019.90000 2017.70000 2012.40000 2005.10000 1999.70000 1993.70000 1986.10000 1977.90000 1971.00000 1963.00000 1954.70000 1949.70000 1945.80000 1940.30000 1934.90000 1933.00000 1935.50000 1939.10000 1938.00000 1935.70000 1927.00000 1938.10000 1944.40000 1946.20000 1948.90000 1949.60000 1953.30000 1955.40000 1955.50000 1956.60000 1961.30000 1966.80000 1973.80000 1983.00000 1993.40000 2002.70000 2011.20000 2020.40000 2027.50000 2031.30000 2036.50000 2043.20000 2048.20000 2052.50000 2055.60000
2088.00000 2078.30000 2069.50000 2062.00000 2052.60000 2045.50000 2039.90000 2036.50000 2032.90000 2029.60000 2029.00000 2029.50000 2028.90000 2025.40000 2018.30000 2009.80000 2002.00000 1995.70000 1987.70000 1980.40000 1975.10000 1970.00000 1963.10000 1956.00000 1949.60000 1942.50000 1937.10000 1937.00000 1937.50000 1940.60000 1938.40000 1938.70000 1928.30000 1931.60000 1938.80000 1948.00000 1952.60000 1951.80000 1954.60000 1956.10000 1957.30000 1957.70000 1959.40000 1963.20000 1968.40000 1977.60000 1987.50000 1996.90000 2005.20000 2013.10000 2020.70000 2024.20000 2029.20000 2035.50000 2041.10000 2045.80000 2048.60000
2095.50000 2086.00000 2077.20000 2070.20000 2061.20000 2052.30000 2044.40000 2039.90000 2035.70000 2034.60000 2034.30000 2032.90000 2030.70000 2025.90000 2018.10000 2010.60000 2002.90000 1994.20000 1987.60000 1980.80000 1973.30000 1968.10000 1963.20000 1957.90000 1951.00000 1944.10000 1940.60000 1937.20000 1937.00002 1939.80000 1939.70000 1938.10000 1933.50000 1928.30002 1935.20000 1946.30000 1951.70000 1953.50000 1955.10000 1956.10000 1958.10000 1959.70000 1960.20000 1961.90000 1965.00000 1971.80000 1980.20000 1989.40000 1997.10000 2005.00000 2011.00000 2016.10000 2022.50000 2028.70000 2033.10000 2038.80000 2041.10000
2105.80000 2095.90000 2085.50000 2078.30000 2070.60000 2061.10000 2052.60000 2047.50000 2042.50000 2040.10000 2037.10000 2033.50000 2030.00000 2024.70000 2016.80000 2008.30000 2000.40000 1993.80000 1987.20000 1979.80000 1972.40000 1965.30000 1960.80000 1955.90000 1949.00000 1943.50000 1940.40000 1938.70000 1938.30000 1940.80000 1941.10000 1938.10000 1935.60000 1930.10000 1933.10000 1943.10000 1950.10000 1955.80000 1955.50000 1956.30000 1960.20000 1963.50000 1963.10000 1963.10000 1964.80000 1969.40000 1975.20000 1983.50000 1990.40000 1996.80000 2003.10000 2009.60000 2015.60000 2021.50000 2025.10000 2031.40000 2035.90000
2118.10000 2106.20000 2094.90000 2086.80000 2079.10000 2070.30000 2061.70000 2054.90000 2048.20000 2042.90000 2038.40000 2033.60000 2028.90000 2022.90000 2015.50000 2007.00000 1998.80000 1991.30000 1985.00000 1978.00000 1970.20000 1963.10000 1958.20000 1953.10000 1947.30000 1944.00000 1941.70000 1940.20000 1939.40000 1940.20000 1941.10000 1940.00000 1938.00000 1931.90000 1932.80000 1942.50000 1952.90000 1958.60000 1955.80000 1955.90000 1961.50000 1968.40000 1969.20000 1968.70000 1968.90000 1973.50000 1979.50000 1985.60000 1989.50000 1992.70000 1997.50000 2003.80000 2009.40000 2013.50000 2018.80000 2026.50000 2033.30000
