wepppy/_scripts/Test_Watershed_15/dem/topaz/RELIEF.ARC
ncols   179
nrows   167
xllcorner  746128
yllcorner 4319283
cellsize   30.00
nodata_value     0.0
[rows 100 to 124 of 167, columns 57 to 113 of 179]
2344.80000 2343.40000 2338.20000 2327.70000 2315.80000 2302.80000 2291.20000 2282.70000 2276.30000 2272.70000 2267.90000 2259.40000 2252.00000 2245.00000 2240.80000 2236.80000 2229.40000 2217.30000 2206.50000 2197.50000 2191.90000 2187.30000 2176.10000 2166.50000 2161.90000 2163.10000 2166.40000 2172.00000 2180.40000 2188.80000 2197.80000 2206.50000 2211.80000 2215.50000 2218.00000 2213.00000 2205.00000 2196.70000 2186.00000 2175.10000 2166.30000 2157.20000 2148.40000 2138.00000 2127.10000 2115.80000 2101.30000 2086.90000 2074.60000 2061.00000 2042.20000 2023.10000 2006.50000 1992.20000 1977.80000 1964.90000 1954.60000
2358.50000 2354.70000 2342.70000 2330.00000 2319.70000 2308.00000 2294.80000 2285.60000 2280.90000 2277.40000 2269.40000 2260.20000 2253.40000 2245.80000 2239.90000 2234.20000 2229.90000 2222.00000 2210.60000 2199.20000 2192.10000 2185.70000 2177.20000 2167.70000 2166.30000 2171.30000 2175.70000 2180.80000 2187.90000 2196.30000 2206.00000 2215.50000 2220.90000 2224.00000 2221.50000 2212.20000 2205.30000 2197.00000 2186.80000 2175.70000 2166.50000 2158.20000 2150.10000 2138.20000 2125.00000 2112.60000 2098.50000 2084.10000 2071.30000 2058.10000 2039.10000 2019.40000 2001.80000 1988.50000 1976.00000 1963.70000 1955.40000
2367.60000 2355.00000 2342.30000 2332.50000 2324.40000 2314.50000 2304.40000 2294.70000 2287.70000 2279.30000 2271.30000 2262.20000 2256.50000 2248.40000 2239.00000 2229.50000 2224.20000 2220.10000 2211.60000 2200.00000 2192.80000 2187.00000 2178.80000 2170.70000 2173.00000 2177.80000 2182.70000 2188.00000 2194.90000 2203.60000 2213.60000 2223.20000 2228.90000 2229.00000 2220.70000 2210.90000 2202.80000 2195.70000 2186.30000 2175.20000 2166.10000 2159.10000 2151.60000 2139.60000 2124.10000 2110.60000 2096.20000 2081.00000 2065.90000 2051.50000 2033.50000 2015.60000 1999.00000 1987.10000 1974.70000 1965.90000 1963.60000
2372.20000 2357.20000 2344.40000 2335.40000 2330.10000 2321.60000 2311.90000 2300.90000 2292.20000 2282.30000 2273.20000 2265.50000 2260.00000 2253.20000 2241.50000 2229.50000 2221.80000 2215.90000 2209.30000 2201.50000 2194.90000 2189.00000 2180.80000 2175.90000 2180.60000 2184.60000 2189.20000 2195.10000 2202.10000 2210.70000 2221.20000 2230.90000 2234.80000 2229.50000 2218.60000 2208.70000 2199.50000 2192.10000 2181.60000 2172.00000 2164.10000 2156.90000 2148.30000 2138.20000 2122.20000 2107.60000 2092.80000 2077.80000 2061.50000 2045.20000 2028.50000 2012.70000 1997.50000 1986.90000 1977.90000 1973.30000 1970.10000
2374.30000 2360.00000 2348.50000 2340.70000 2335.30000 2328.90000 2319.60000 2305.70000 2294.70000 2284.60000 2275.00000 2267.80000 2262.50000 2258.60000 2247.60000 2235.40000 2226.20000 2217.10000 2208.60000 2202.70000 2195.20000 2188.90000 2186.20000 2184.50000 2188.50000 2192.00000 2195.90000 2201.30000 2208.90000 2217.60000 2228.10000 2237.20000 2238.10000 2229.40000 2217.10000 2206.00000 2194.70000 2184.40000 2174.30000 2166.00000 2158.40000 2152.40000 2141.60000 2131.10000 2116.80000 2102.60000 2087.70000 2073.00000 2057.60000 2043.80000 2028.40000 2012.80000 1999.20000 1990.30000 1983.60000 1977.20000 1969.90000
2375.30000 2365.40000 2356.20000 2347.70000 2341.20000 2334.30000 2321.60000 2307.50000 2297.00000 2287.00000 2277.20000 2270.40000 2266.30000 2264.80000 2253.60000 2239.60000 2228.10000 2218.50000 2209.70000 2201.40000 2196.50000 2193.70000 2195.00000 2193.90000 2194.90000 2199.60000 2202.90000 2208.30000 2215.90000 2224.40000 2234.50000 2241.50000 2237.90000 2227.70000 2214.70000 2202.50000 2190.90000 2180.30000 2168.90000 2158.90000 2154.20000 2148.00000 2134.50000 2121.30000 2108.00000 2095.60000 2080.90000 2067.80000 2053.90000 2041.10000 2027.90000 2014.50000 2002.00000 1993.40000 1984.50000 1975.20000 1966.70000
2379.20000 2371.70000 2362.80000 2355.40000 2345.30000 2331.90000 2319.00000 2307.90000 2298.70000 2291.40000 2282.20000 2274.50000 2271.40000 2267.30000 2255.20000 2240.70000 2227.60000 2217.80000 2210.50000 2204.10000 2203.30000 2203.70000 2204.30000 2202.80000 2200.90000 2205.40000 2210.10000 2215.60000 2222.70000 2230.60000 2239.40000 2242.80000 2235.30000 2224.60000 2211.40000 2199.20000 2187.70000 2176.20000 2163.80000 2151.30000 2142.30000 2136.20000 2126.20000 2113.30000 2100.00000 2088.10000 2075.50000 2061.90000 2048.00000 2037.00000 2025.30000 2012.90000 2001.30000 1992.70000 1982.90000 1973.70000 1965.50000
2381.30000 2375.10000 2365.80000 2356.60000 2346.70000 2334.10000 2322.10000 2310.10000 2301.30000 2296.30000 2289.60000 2283.00000 2276.50000 2270.10000 2255.90000 2240.00000 2226.20000 2218.60000 2216.70000 2216.30000 2214.10000 2213.20000 2212.90000 2211.80000 2209.00000 2211.20000 2216.50000 2221.90000 2228.80000 2236.10000 2243.20000 2242.60000 2234.00000 2223.50000 2211.10000 2198.00000 2184.70000 2172.20000 2159.50000 2147.20000 2134.70000 2124.00000 2115.00000 2105.50000 2094.90000 2082.80000 2070.00000 2055.50000 2042.60000 2031.90000 2021.70000 2009.40000 1999.70000 1991.80000 1983.20000 1975.40000 1971.70000
2380.20000 2373.20000 2363.10000 2353.10000 2343.40000 2332.50000 2321.90000 2312.60000 2305.20000 2302.50000 2298.80000 2290.20000 2280.00000 2269.90000 2256.70000 2241.70000 2230.60000 2229.00000 2228.70000 2228.40000 2225.70000 2223.60000 2222.00000 2219.80000 2218.60000 2218.20000 2221.90000 2227.60000 2234.50000 2241.40000 2246.80000 2244.10000 2235.10000 2223.50000 2210.90000 2197.00000 2182.60000 2169.50000 2156.70000 2143.40000 2130.70000 2119.00000 2107.90000 2099.80000 2091.00000 2080.30000 2067.90000 2052.00000 2038.00000 2027.10000 2017.20000 2006.50000 1998.20000 1990.80000 1983.70000 1980.40000 1982.90000
2379.50000 2372.60000 2362.60000 2351.60000 2341.10000 2331.50000 2322.60000 2316.10000 2309.30000 2306.10000 2300.50000 2291.80000 2281.30000 2270.80000 2257.80000 2246.10000 2242.80000 2242.10000 2240.80000 2239.10000 2236.40000 2234.00000 2231.40000 2227.60000 2227.90000 2225.60000 2227.80000 2233.50000 2239.70000 2246.00000 2250.60000 2246.80000 2234.80000 2221.90000 2209.20000 2195.10000 2180.40000 2166.00000 2153.40000 2140.10000 2126.80000 2115.00000 2106.00000 2097.70000 2085.90000 2074.90000 2064.20000 2048.80000 2035.20000 2023.40000 2013.70000 2004.60000 1997.70000 1991.90000 1986.40000 1987.70000 1992.40000
2377.60000 2370.70000 2362.20000 2351.00000 2340.30000 2330.80000 2322.50000 2317.00000 2313.80000 2310.10000 2305.00000 2296.60000 2283.80000 2273.70000 2263.10000 2256.80000 2256.00000 2254.00000 2251.30000 2248.90000 2246.40000 2243.80000 2239.90000 2236.20000 2235.20000 2233.00000 2234.70000 2239.40000 2244.50000 2249.90000 2252.10000 2245.00000 2231.90000 2219.00000 2206.60000 2192.80000 2178.90000 2164.80000 2151.80000 2137.80000 2124.70000 2112.80000 2102.80000 2093.50000 2082.70000 2070.40000 2058.00000 2044.50000 2030.40000 2019.40000 2011.10000 2004.90000 1999.60000 1995.50000 1993.40000 1996.30000 2000.20000
2374.70000 2367.20000 2359.80000 2349.40000 2339.00000 2329.60000 2323.00000 2319.00000 2315.20000 2311.30000 2306.40000 2299.20000 2289.60000 2279.00000 2270.90000 2267.10000 2266.50000 2265.30000 2262.90000 2259.40000 2255.40000 2251.00000 2246.60000 2242.50000 2239.60000 2238.30000 2240.50000 2244.30000 2249.10000 2253.10000 2252.00000 2242.10000 2229.50000 2216.70000 2204.40000 2190.60000 2176.40000 2162.60000 2150.30000 2138.00000 2126.30000 2113.00000 2100.10000 2087.60000 2078.10000 2066.60000 2054.80000 2042.10000 2028.20000 2018.70000 2011.80000 2006.50000 2001.60000 1998.80000 2000.40000 2003.70000 2003.30000
2372.00000 2364.80000 2358.20000 2349.40000 2340.10000 2331.00000 2324.40000 2320.80000 2316.80000 2313.10000 2309.90000 2306.60000 2297.10000 2284.50000 2275.70000 2275.40000 2276.00000 2275.50000 2273.10000 2268.00000 2261.40000 2255.40000 2251.00000 2246.40000 2242.00000 2241.30000 2244.30000 2248.40000 2252.70000 2255.00000 2250.50000 2240.10000 2228.40000 2215.10000 2202.60000 2189.10000 2175.50000 2161.90000 2149.60000 2136.90000 2123.10000 2108.80000 2098.10000 2088.00000 2075.00000 2060.00000 2050.60000 2043.50000 2033.60000 2022.70000 2013.90000 2009.20000 2005.90000 2005.50000 2007.80000 2006.80000 1999.50000
2366.40000 2360.10000 2353.70000 2346.10000 2338.20000 2330.00000 2323.50000 2319.20000 2315.80000 2311.80000 2307.00000 2301.60000 2292.80000 2283.80000 2280.50000 2281.10000 2282.10000 2284.00000 2282.30000 2275.10000 2266.10000 2259.60000 2254.30000 2249.00000 2244.20000 2244.80000 2248.20000 2252.20000 2256.40000 2256.60000 2248.90000 2238.50000 2226.20000 2211.60000 2198.80000 2185.80000 2172.80000 2159.50000 2147.10000 2134.90000 2122.10000 2108.40000 2097.10000 2085.60000 2073.80000 2063.50000 2055.00000 2046.80000 2036.20000 2025.50000 2019.80000 2017.20000 2015.40000 2014.50000 2012.10000 2006.20000 1997.30000
2358.60000 2352.90000 2347.10000 2340.80000 2333.70000 2326.00000 2319.50000 2314.40000 2310.00000 2305.80000 2300.90000 2295.10000 2288.20000 2282.90000 2283.20000 2284.70000 2286.80000 2290.30000 2287.90000 2278.80000 2270.10000 2263.20000 2257.20000 2251.10000 2247.80000 2249.30000 2252.50000 2256.50000 2260.00000 2256.70000 2248.10000 2237.20000 2223.20000 2207.90000 2194.80000 2181.90000 2168.50000 2155.40000 2143.20000 2131.20000 2119.30000 2106.30000 2094.60000 2084.70000 2075.20000 2066.40000 2057.00000 2048.00000 2038.40000 2034.50000 2031.20000 2029.00000 2026.20000 2020.40000 2014.40000 2006.10000 1997.10000
2351.20000 2345.90000 2340.70000 2334.70000 2327.50000 2320.20000 2314.40000 2308.90000 2304.10000 2299.70000 2295.60000 2291.30000 2286.50000 2286.20000 2287.80000 2288.60000 2291.00000 2294.00000 2290.70000 2280.90000 2272.50000 2265.10000 2258.70000 2255.40000 2254.10000 2254.90000 2256.60000 2259.40000 2259.60000 2253.00000 2244.50000 2234.00000 2219.40000 2204.80000 2191.20000 2178.10000 2164.00000 2151.20000 2139.50000 2128.10000 2115.50000 2103.10000 2092.10000 2082.80000 2074.20000 2065.80000 2058.20000 2052.50000 2047.80000 2046.70000 2045.00000 2039.40000 2033.90000 2025.80000 2016.60000 2007.30000 1997.90000
2345.40000 2340.10000 2334.90000 2329.00000 2322.20000 2315.50000 2310.30000 2304.70000 2299.80000 2296.30000 2292.90000 2290.60000 2288.90000 2289.90000 2291.80000 2293.20000 2295.10000 2295.30000 2291.00000 2282.10000 2274.60000 2267.00000 2261.40000 2260.90000 2260.60000 2260.60000 2260.60000 2259.90000 2256.10000 2248.70000 2238.50000 2227.90000 2214.70000 2200.90000 2187.30000 2174.80000 2161.20000 2148.80000 2137.20000 2125.60000 2113.20000 2101.50000 2090.70000 2082.00000 2074.10000 2066.70000 2062.40000 2060.20000 2059.60000 2058.80000 2055.90000 2049.40000 2041.10000 2029.30000 2019.60000 2011.20000 2001.90000
2340.60000 2335.40000 2330.40000 2324.50000 2318.10000 2311.60000 2306.10000 2301.70000 2298.00000 2295.40000 2294.80000 2293.30000 2291.40000 2293.10000 2295.30000 2297.30000 2298.20000 2297.50000 2293.70000 2286.70000 2280.50000 2275.10000 2270.30000 2268.30000 2267.20000 2266.20000 2264.30000 2259.90000 2253.10000 2245.40000 2234.60000 2223.40000 2211.00000 2197.20000 2183.00000 2170.90000 2158.10000 2146.00000 2134.40000 2123.50000 2113.00000 2102.90000 2092.40000 2084.40000 2077.10000 2072.50000 2071.60000 2073.60000 2074.80000 2072.50000 2066.70000 2057.80000 2044.10000 2031.00000 2019.30000 2011.40000 2002.60000
2337.50000 2332.30000 2327.60000 2322.80000 2316.20000 2309.70000 2303.50000 2300.70000 2299.40000 2298.50000 2297.60000 2295.30000 2293.60000 2295.70000 2297.80000 2299.10000 2299.70000 2299.50000 2295.90000 2290.10000 2284.90000 2281.70000 2277.80000 2274.70000 2272.70000 2270.10000 2267.30000 2260.40000 2250.40000 2241.30000 2231.70000 2221.20000 2209.30000 2195.40000 2180.60000 2168.00000 2155.50000 2144.80000 2135.90000 2126.70000 2116.10000 2105.80000 2096.10000 2088.70000 2082.40000 2080.80000 2083.40000 2086.10000 2087.30000 2085.80000 2075.10000 2062.70000 2047.00000 2032.00000 2019.10000 2009.70000 2002.30000
2336.40000 2330.50000 2326.10000 2323.00000 2317.60000 2312.30000 2306.60000 2303.50000 2302.80000 2302.20000 2300.80000 2297.40000 2296.10000 2297.60000 2299.50000 2300.80000 2301.20000 2301.40000 2298.80000 2294.30000 2290.10000 2287.20000 2284.00000 2280.40000 2277.20000 2271.60000 2266.20000 2259.00000 2248.80000 2238.40000 2228.20000 2218.80000 2207.80000 2195.20000 2182.60000 2170.30000 2159.50000 2150.10000 2141.10000 2133.20000 2122.70000 2112.00000 2103.10000 2097.10000 2092.10000 2091.10000 2094.70000 2097.70000 2099.70000 2094.60000 2078.80000 2063.40000 2049.80000 2034.90000 2020.50000 2009.60000 2003.80000
2335.20000 2329.60000 2325.40000 2322.90000 2319.90000 2316.80000 2313.10000 2309.80000 2308.00000 2305.80000 2302.30000 2299.70000 2300.50000 2302.20000 2304.00000 2305.20000 2305.50000 2304.50000 2301.30000 2298.20000 2294.70000 2292.50000 2290.60000 2286.00000 2281.70000 2274.10000 2263.40000 2254.40000 2245.60000 2235.20000 2226.50000 2218.60000 2208.80000 2198.60000 2189.20000 2178.10000 2167.10000 2157.80000 2147.80000 2139.40000 2128.90000 2119.50000 2112.00000 2105.80000 2102.20000 2102.50000 2105.80000 2108.70000 2107.80000 2096.80000 2079.70000 2063.00000 2048.30000 2034.30000 2022.50000 2014.10000 2010.40000
2335.90000 2330.40000 2326.10000 2323.90000 2322.10000 2320.40000 2317.90000 2313.90000 2310.50000 2307.40000 2304.60000 2305.00000 2307.00000 2308.70000 2310.20000 2311.10000 2310.70000 2308.30000 2304.20000 2301.80000 2300.00000 2299.90000 2297.10000 2289.20000 2282.20000 2273.40000 2259.90000 2250.80000 2242.80000 2232.80000 2225.90000 2220.60000 2212.90000 2206.10000 2199.80000 2189.30000 2177.30000 2165.50000 2155.20000 2145.70000 2136.60000 2127.60000 2121.20000 2114.60000 2112.80000 2114.40000 2117.20000 2117.30000 2110.60000 2096.50000 2079.50000 2063.50000 2048.90000 2035.20000 2025.30000 2019.10000 2018.10000
2338.50000 2332.10000 2328.40000 2326.60000 2324.30000 2321.90000 2318.60000 2314.00000 2310.80000 2308.20000 2307.80000 2311.20000 2314.30000 2315.70000 2317.00000 2317.50000 2315.70000 2312.70000 2308.10000 2305.00000 2303.40000 2302.10000 2298.30000 2288.20000 2278.80000 2267.20000 2255.20000 2246.60000 2238.60000 2231.10000 2225.90000 2222.40000 2216.90000 2213.90000 2211.20000 2202.20000 2190.70000 2175.80000 2163.70000 2153.80000 2145.60000 2138.00000 2131.10000 2124.60000 2122.60000 2124.20000 2124.90000 2119.40000 2110.00000 2096.20000 2081.00000 2065.70000 2051.70000 2037.30000 2027.80000 2026.20000 2027.20000
2340.70000 2336.10000 2333.10000 2330.10000 2325.40000 2322.90000 2318.90000 2316.20000 2314.60000 2310.40000 2312.10000 2317.00000 2321.00000 2323.10000 2324.60000 2324.50000 2322.20000 2317.80000 2313.10000 2309.10000 2306.40000 2302.40000 2296.90000 2286.90000 2275.30000 2263.60000 2252.20000 2242.60000 2237.10000 2231.70000 2227.60000 2224.60000 2221.80000 2221.50000 2218.90000 2210.90000 2200.00000 2186.10000 2173.60000 2164.20000 2156.20000 2148.40000 2140.40000 2133.60000 2131.80000 2131.30000 2127.00000 2118.20000 2107.60000 2094.80000 2081.40000 2067.90000 2055.20000 2041.90000 2035.50000 2035.90000 2038.20000
2347.00000 2345.30000 2340.40000 2333.20000 2327.90000 2328.10000 2325.10000 2322.60000 2319.00000 2314.10000 2318.10000 2322.90000 2327.20000 2330.20000 2332.30000 2331.50000 2327.90000 2322.90000 2318.10000 2314.90000 2310.20000 2303.30000 2295.60000 2287.00000 2275.40000 2263.30000 2253.10000 2245.90000 2240.00000 2234.80000 2233.20000 2230.00000 2228.50000 2226.30000 2221.80000 2214.80000 2206.30000 2195.30000 2184.30000 2174.80000 2166.70000 2157.90000 2149.40000 2142.80000 2139.50000 2134.20000 2125.70000 2115.20000 2104.50000 2093.20000 2081.40000 2068.90000 2057.20000 2047.00000 2045.40000 2047.70000 2050.40000
