wepppy/_scripts/Test_Watershed_15/dem/topaz/RELIEF.ARC
ncols   179
nrows   167
xllcorner  746128
yllcorner 4319283
cellsize   30.00
nodata_value     0.0
[rows 100 to 124 of 167, columns 0 to 56 of 179]
2213.30000 2230.60000 2247.90000 2264.40000 2283.20000 2297.70000 2305.40000 2314.10000 2320.00000 2319.80000 2313.70000 2304.90000 2294.10000 2280.70000 2268.70000 2257.50000 2246.80000 2237.60000 2229.60000 2223.50000 2218.80000 2214.30000 2213.50000 2216.30000 2220.50000 2228.20000 2240.60000 2259.10000 2277.90000 2298.30000 2316.30000 2329.50000 2343.30000 2361.20000 2384.10000 2404.70000 2418.00000 2427.60000 2431.80000 2423.90000 2412.50000 2401.00000 2389.40000 2383.40000 2381.40000 2375.30000 2367.70000 2361.50000 2359.30000 2355.70000 2351.20000 2348.40000 2345.30000 2343.50000 2343.80000 2344.30000 2345.10000
2219.60000 2234.70000 2248.70000 2265.70000 2284.50000 2298.90000 2308.10000 2314.90000 2317.00000 2316.00000 2311.80000 2302.60000 2293.00000 2280.20000 2268.00000 2256.30000 2246.90000 2239.20000 2231.00000 2225.80000 2221.00000 2216.00000 2215.30000 2217.90000 2223.30000 2230.80000 2242.30000 2260.20000 2280.20000 2301.90000 2319.40000 2333.50000 2346.90000 2363.30000 2383.60000 2404.30000 2417.80000 2427.40000 2432.60000 2426.60000 2417.70000 2409.20000 2400.60000 2396.60000 2392.60000 2385.40000 2377.90000 2373.90000 2370.70000 2367.70000 2364.30000 2361.80000 2359.00000 2358.60000 2360.40000 2361.00000 2360.00000
2220.20000 2234.80000 2247.70000 2264.40000 2279.80000 2291.50000 2300.50000 2307.20000 2310.20000 2310.50000 2306.40000 2298.20000 2290.10000 2278.20000 2266.30000 2254.60000 2247.30000 2240.90000 2232.80000 2227.30000 2223.50000 2218.70000 2218.70000 2222.00000 2228.00000 2235.00000 2246.80000 2265.10000 2285.70000 2305.40000 2324.20000 2339.80000 2352.90000 2366.10000 2383.50000 2401.20000 2416.20000 2427.70000 2433.30000 2425.90000 2418.70000 2414.40000 2411.00000 2408.40000 2403.10000 2396.50000 2389.10000 2384.50000 2381.80000 2380.00000 2379.30000 2376.50000 2373.90000 2375.40000 2377.90000 2376.80000 2373.70000
2219.80000 2234.90000 2247.10000 2261.60000 2274.00000 2283.10000 2292.50000 2300.10000 2306.80000 2310.40000 2305.60000 2296.40000 2286.70000 2275.20000 2263.20000 2253.20000 2248.20000 2243.90000 2236.20000 2230.30000 2226.80000 2222.90000 2223.40000 2226.50000 2231.80000 2240.80000 2253.80000 2271.10000 2291.30000 2311.20000 2329.30000 2343.30000 2355.60000 2366.80000 2381.40000 2399.10000 2415.80000 2425.70000 2427.70000 2424.40000 2421.50000 2420.90000 2420.00000 2418.60000 2413.90000 2408.00000 2401.20000 2394.90000 2391.60000 2391.10000 2392.60000 2390.30000 2389.00000 2392.00000 2393.70000 2389.80000 2383.60000
2221.80000 2240.30000 2251.50000 2259.60000 2268.50000 2277.20000 2288.40000 2299.70000 2310.40000 2317.20000 2312.60000 2298.60000 2284.90000 2273.00000 2261.00000 2253.40000 2250.40000 2247.70000 2240.80000 2235.00000 2231.10000 2228.00000 2228.20000 2231.50000 2237.30000 2246.30000 2260.60000 2279.60000 2300.80000 2318.40000 2333.20000 2348.30000 2360.40000 2369.50000 2382.90000 2400.70000 2418.60000 2427.70000 2428.40000 2426.90000 2426.60000 2428.30000 2427.90000 2426.80000 2424.60000 2419.00000 2412.70000 2406.70000 2403.20000 2403.10000 2405.00000 2403.70000 2403.40000 2406.00000 2407.10000 2400.00000 2388.50000
2226.40000 2244.50000 2256.50000 2260.50000 2267.00000 2276.50000 2290.60000 2305.60000 2314.50000 2320.10000 2318.90000 2301.90000 2284.40000 2272.10000 2261.00000 2254.80000 2252.60000 2251.10000 2245.20000 2239.80000 2236.20000 2233.60000 2233.90000 2238.10000 2246.40000 2256.10000 2270.40000 2290.40000 2312.30000 2327.90000 2338.80000 2349.70000 2364.20000 2374.20000 2387.70000 2405.20000 2421.00000 2432.10000 2434.80000 2432.20000 2432.30000 2435.30000 2433.90000 2433.90000 2434.40000 2430.10000 2423.70000 2417.90000 2415.80000 2416.80000 2419.10000 2418.50000 2416.70000 2414.30000 2409.90000 2399.30000 2387.70000
2232.20000 2247.60000 2257.20000 2261.20000 2269.90000 2281.60000 2295.70000 2308.50000 2314.70000 2318.80000 2318.40000 2301.60000 2284.40000 2272.00000 2262.60000 2256.90000 2254.30000 2253.40000 2249.30000 2244.70000 2242.00000 2239.60000 2239.50000 2245.00000 2255.60000 2267.50000 2282.00000 2302.00000 2320.30000 2333.50000 2342.40000 2352.80000 2365.90000 2380.00000 2395.10000 2413.30000 2429.30000 2439.00000 2443.50000 2441.70000 2442.10000 2442.90000 2440.60000 2441.30000 2441.60000 2439.80000 2434.30000 2429.10000 2427.50000 2429.50000 2431.90000 2430.90000 2426.40000 2418.00000 2408.00000 2396.40000 2387.10000
2235.40000 2248.50000 2258.50000 2263.80000 2277.30000 2289.10000 2299.50000 2308.00000 2314.40000 2316.80000 2314.70000 2300.10000 2284.70000 2273.00000 2264.30000 2259.30000 2256.90000 2256.10000 2253.40000 2250.60000 2248.40000 2246.10000 2247.00000 2253.80000 2266.90000 2280.70000 2294.30000 2310.80000 2326.50000 2337.40000 2347.20000 2357.00000 2371.80000 2388.60000 2406.20000 2423.80000 2440.20000 2449.30000 2453.20000 2454.80000 2453.80000 2449.90000 2446.80000 2446.10000 2444.60000 2443.80000 2440.80000 2438.40000 2437.20000 2437.70000 2437.10000 2433.70000 2426.90000 2417.20000 2406.40000 2395.30000 2387.00000
2240.10000 2254.00000 2262.10000 2267.70000 2280.30000 2290.90000 2300.00000 2307.40000 2313.90000 2315.90000 2312.80000 2300.00000 2285.60000 2274.30000 2266.00000 2261.50000 2259.80000 2260.30000 2258.90000 2256.90000 2255.40000 2253.70000 2256.60000 2265.40000 2279.40000 2294.30000 2309.70000 2325.00000 2335.70000 2341.90000 2354.50000 2368.10000 2384.00000 2403.50000 2423.00000 2438.40000 2453.10000 2463.20000 2467.00000 2468.50000 2464.10000 2454.30000 2449.20000 2445.50000 2443.50000 2442.10000 2441.30000 2440.30000 2439.40000 2438.90000 2436.00000 2429.50000 2421.90000 2413.60000 2405.30000 2395.60000 2387.30000
2251.10000 2265.60000 2276.00000 2278.50000 2284.10000 2293.40000 2301.10000 2308.10000 2314.10000 2315.60000 2312.00000 2300.60000 2286.50000 2275.70000 2268.50000 2264.60000 2263.50000 2264.90000 2263.00000 2260.60000 2261.00000 2261.70000 2267.00000 2278.40000 2292.50000 2308.60000 2323.80000 2334.60000 2341.30000 2347.30000 2359.10000 2376.20000 2394.00000 2413.20000 2434.60000 2454.80000 2469.20000 2478.60000 2480.90000 2480.10000 2471.10000 2459.30000 2450.40000 2444.80000 2439.90000 2437.20000 2438.90000 2437.00000 2434.80000 2433.60000 2430.70000 2423.30000 2415.90000 2408.80000 2403.40000 2395.90000 2387.60000
2261.20000 2274.90000 2289.90000 2292.00000 2292.40000 2296.90000 2303.30000 2310.50000 2315.80000 2315.70000 2311.50000 2301.60000 2288.10000 2277.80000 2271.20000 2268.50000 2269.10000 2270.70000 2266.50000 2263.80000 2267.30000 2272.10000 2278.50000 2291.10000 2305.40000 2320.80000 2332.30000 2339.30000 2344.80000 2353.00000 2363.80000 2382.40000 2404.60000 2423.00000 2440.90000 2462.10000 2482.40000 2492.70000 2493.30000 2487.60000 2476.80000 2464.80000 2453.80000 2444.00000 2435.90000 2431.70000 2433.30000 2431.20000 2428.30000 2426.30000 2424.10000 2418.00000 2411.30000 2405.30000 2401.00000 2394.20000 2386.30000
2270.30000 2283.60000 2296.50000 2301.90000 2298.90000 2301.80000 2307.40000 2313.40000 2316.90000 2316.50000 2312.90000 2302.90000 2290.60000 2280.40000 2274.60000 2273.00000 2275.20000 2276.80000 2272.20000 2269.90000 2276.50000 2285.90000 2292.00000 2303.60000 2316.60000 2328.50000 2337.40000 2346.80000 2354.90000 2364.80000 2378.90000 2403.70000 2429.30000 2442.90000 2458.20000 2477.10000 2491.20000 2500.40000 2500.20000 2490.20000 2476.80000 2463.70000 2451.90000 2442.70000 2434.60000 2428.00000 2425.30000 2423.00000 2419.90000 2418.80000 2417.60000 2413.80000 2408.40000 2402.90000 2398.70000 2392.70000 2384.40000
2281.50000 2292.30000 2303.50000 2312.90000 2310.60000 2306.50000 2311.50000 2316.20000 2318.20000 2317.00000 2313.70000 2305.00000 2293.50000 2283.40000 2279.60000 2278.40000 2279.90000 2279.60000 2276.60000 2275.70000 2285.30000 2298.90000 2306.00000 2314.80000 2325.20000 2334.80000 2342.80000 2351.80000 2361.20000 2374.50000 2391.60000 2415.10000 2438.30000 2457.30000 2471.50000 2484.70000 2495.10000 2501.10000 2496.80000 2486.00000 2474.90000 2460.00000 2447.80000 2439.30000 2432.20000 2425.60000 2421.20000 2416.80000 2412.50000 2410.70000 2410.30000 2409.10000 2404.90000 2399.70000 2395.40000 2390.10000 2381.50000
2293.80000 2302.70000 2311.40000 2318.60000 2314.70000 2311.00000 2314.40000 2317.90000 2319.20000 2317.90000 2314.40000 2307.30000 2296.90000 2287.50000 2284.90000 2283.60000 2283.10000 2282.30000 2280.90000 2280.70000 2291.80000 2307.30000 2315.90000 2322.70000 2330.90000 2337.90000 2345.60000 2354.10000 2366.30000 2383.40000 2400.00000 2419.80000 2441.20000 2462.20000 2477.20000 2487.90000 2496.00000 2500.20000 2496.90000 2486.60000 2473.80000 2460.40000 2447.70000 2436.80000 2430.30000 2423.40000 2416.90000 2412.20000 2407.30000 2404.30000 2403.60000 2402.90000 2398.30000 2392.50000 2387.70000 2382.20000 2374.30000
2312.90000 2321.00000 2326.50000 2329.50000 2319.40000 2315.30000 2317.40000 2319.20000 2319.80000 2318.10000 2315.00000 2311.20000 2304.20000 2294.90000 2292.60000 2290.40000 2288.30000 2289.00000 2288.90000 2289.00000 2297.60000 2312.10000 2321.10000 2329.00000 2339.40000 2346.10000 2353.70000 2362.30000 2375.30000 2390.30000 2402.90000 2418.90000 2441.00000 2467.50000 2481.40000 2489.60000 2496.60000 2500.50000 2496.10000 2487.40000 2474.40000 2460.40000 2447.40000 2435.40000 2427.10000 2420.60000 2414.30000 2408.80000 2403.00000 2399.10000 2396.10000 2393.70000 2388.40000 2382.30000 2377.10000 2371.40000 2364.80000
2334.70000 2339.20000 2337.90000 2333.40000 2324.10000 2320.20000 2320.10000 2320.80000 2320.50000 2318.10000 2315.00000 2314.20000 2310.30000 2304.60000 2304.40000 2301.40000 2299.50000 2299.00000 2299.60000 2300.00000 2305.10000 2315.90000 2324.50000 2334.00000 2345.10000 2352.30000 2358.90000 2365.70000 2377.00000 2390.30000 2404.60000 2421.70000 2443.50000 2473.60000 2490.50000 2497.60000 2502.60000 2500.50000 2491.80000 2483.00000 2472.40000 2459.60000 2445.90000 2434.90000 2427.10000 2419.50000 2411.80000 2405.40000 2399.90000 2394.40000 2388.20000 2383.70000 2378.70000 2373.50000 2368.00000 2362.30000 2356.50000
2344.00000 2345.70000 2344.20000 2337.80000 2328.50000 2323.00000 2322.20000 2322.10000 2321.20000 2319.00000 2316.90000 2317.40000 2317.90000 2318.70000 2320.70000 2317.90000 2314.80000 2313.40000 2313.30000 2313.10000 2315.60000 2322.10000 2330.40000 2338.90000 2345.60000 2352.20000 2360.00000 2367.50000 2378.70000 2393.90000 2411.10000 2428.10000 2454.60000 2479.50000 2496.80000 2507.20000 2509.50000 2503.00000 2492.00000 2479.70000 2468.80000 2456.70000 2443.10000 2432.50000 2425.30000 2417.60000 2409.10000 2402.60000 2396.30000 2389.70000 2382.10000 2376.30000 2371.30000 2366.20000 2360.80000 2355.40000 2350.30000
2347.30000 2348.40000 2347.00000 2340.50000 2330.50000 2324.70000 2323.20000 2322.30000 2321.20000 2319.50000 2318.50000 2319.80000 2323.30000 2327.20000 2335.00000 2339.20000 2334.30000 2331.50000 2331.30000 2330.40000 2329.40000 2333.20000 2341.40000 2347.60000 2349.20000 2353.50000 2362.50000 2372.60000 2383.80000 2399.90000 2420.50000 2439.10000 2462.60000 2487.00000 2510.20000 2519.20000 2517.30000 2505.20000 2491.80000 2479.00000 2465.70000 2456.20000 2444.90000 2434.70000 2426.10000 2416.80000 2407.40000 2400.20000 2393.40000 2386.20000 2378.90000 2372.10000 2366.00000 2360.70000 2355.30000 2350.10000 2345.50000
2349.40000 2350.00000 2347.50000 2341.20000 2331.60000 2326.80000 2325.50000 2323.00000 2321.70000 2320.70000 2320.10000 2322.80000 2328.00000 2334.60000 2346.70000 2357.00000 2356.30000 2354.50000 2354.60000 2352.60000 2348.10000 2348.90000 2355.50000 2359.10000 2357.70000 2361.00000 2373.20000 2384.00000 2394.50000 2411.90000 2435.70000 2454.90000 2478.10000 2497.70000 2520.70000 2521.30000 2515.20000 2502.40000 2489.20000 2474.50000 2459.60000 2450.30000 2442.00000 2433.70000 2424.90000 2416.00000 2406.50000 2399.00000 2391.40000 2384.00000 2376.00000 2369.20000 2363.20000 2357.40000 2352.00000 2347.20000 2342.40000
2351.50000 2351.50000 2348.00000 2341.50000 2332.50000 2329.20000 2328.50000 2324.60000 2322.70000 2321.90000 2322.20000 2326.20000 2332.40000 2339.90000 2354.30000 2368.10000 2375.10000 2378.90000 2380.30000 2378.30000 2372.50000 2368.20000 2370.50000 2371.90000 2369.30000 2373.90000 2389.20000 2401.90000 2413.10000 2429.80000 2455.10000 2475.10000 2494.70000 2511.60000 2521.50000 2515.50000 2506.50000 2494.80000 2481.00000 2467.20000 2452.80000 2442.60000 2435.40000 2430.00000 2422.10000 2411.80000 2402.40000 2395.70000 2389.10000 2381.60000 2373.70000 2367.00000 2361.10000 2354.90000 2350.00000 2346.10000 2341.60000
2352.90000 2353.30000 2349.70000 2343.00000 2334.70000 2331.80000 2330.60000 2326.70000 2324.30000 2323.80000 2325.00000 2328.90000 2336.20000 2344.00000 2357.40000 2371.20000 2379.50000 2385.30000 2392.20000 2396.70000 2393.90000 2385.30000 2383.90000 2384.90000 2384.00000 2389.10000 2402.60000 2416.60000 2430.20000 2447.70000 2470.40000 2488.00000 2502.50000 2514.20000 2516.50000 2510.00000 2500.40000 2488.40000 2475.30000 2461.90000 2448.00000 2436.70000 2431.00000 2425.90000 2417.80000 2407.50000 2398.90000 2392.20000 2386.60000 2379.50000 2372.20000 2366.10000 2360.10000 2354.40000 2350.10000 2346.60000 2341.30000
2353.70000 2355.00000 2353.30000 2347.20000 2339.70000 2334.80000 2332.60000 2329.50000 2327.00000 2326.70000 2327.90000 2332.40000 2342.20000 2350.50000 2361.40000 2374.40000 2381.70000 2385.70000 2391.00000 2395.80000 2398.50000 2394.50000 2392.40000 2393.70000 2396.60000 2402.60000 2413.80000 2425.70000 2440.60000 2460.90000 2482.10000 2497.20000 2508.30000 2516.70000 2517.20000 2509.20000 2499.10000 2486.20000 2473.20000 2459.70000 2445.80000 2433.60000 2427.30000 2420.90000 2412.40000 2403.20000 2395.70000 2389.80000 2384.80000 2378.50000 2371.50000 2365.00000 2359.60000 2356.20000 2353.00000 2349.00000 2342.40000
2354.20000 2357.00000 2357.20000 2352.90000 2346.90000 2340.70000 2339.10000 2336.70000 2333.20000 2333.50000 2333.30000 2337.10000 2346.50000 2356.90000 2370.10000 2377.70000 2383.50000 2386.60000 2390.20000 2395.20000 2398.50000 2399.00000 2398.70000 2399.40000 2402.40000 2410.50000 2423.10000 2435.80000 2450.90000 2472.00000 2491.80000 2505.60000 2516.20000 2524.00000 2520.90000 2511.30000 2500.60000 2487.20000 2473.10000 2458.90000 2445.30000 2432.20000 2424.10000 2415.70000 2408.30000 2400.20000 2393.70000 2388.50000 2384.10000 2377.00000 2370.40000 2365.50000 2362.00000 2359.40000 2357.10000 2352.60000 2345.90000
2354.20000 2358.20000 2360.00000 2357.90000 2353.30000 2347.70000 2346.60000 2344.70000 2340.50000 2341.40000 2342.20000 2343.90000 2351.70000 2361.90000 2372.50000 2380.40000 2384.80000 2387.30000 2390.40000 2395.10000 2398.40000 2400.20000 2401.30000 2403.40000 2406.60000 2414.80000 2428.30000 2442.80000 2457.60000 2480.40000 2499.30000 2513.50000 2524.00000 2530.40000 2525.20000 2514.60000 2502.60000 2486.80000 2470.80000 2456.40000 2443.10000 2429.20000 2420.10000 2411.70000 2404.90000 2398.40000 2393.60000 2387.50000 2381.90000 2375.70000 2371.20000 2368.00000 2364.90000 2361.50000 2359.00000 2354.90000 2348.30000
2353.10000 2358.00000 2360.90000 2360.70000 2357.20000 2353.90000 2352.70000 2350.20000 2346.70000 2347.00000 2348.40000 2349.90000 2355.10000 2366.00000 2375.30000 2381.40000 2385.50000 2388.50000 2391.00000 2395.30000 2399.70000 2401.80000 2402.20000 2404.20000 2409.10000 2419.10000 2430.80000 2443.40000 2458.40000 2483.70000 2504.80000 2520.40000 2530.80000 2535.80000 2528.80000 2515.80000 2501.90000 2485.00000 2468.40000 2453.00000 2439.30000 2426.40000 2417.20000 2409.10000 2402.70000 2396.20000 2390.60000 2384.80000 2378.70000 2374.70000 2371.50000 2368.80000 2366.20000 2363.40000 2360.70000 2355.10000 2350.00000
