wepppy/_scripts/Test_Watershed_15/dem/topaz/RELIEF.ARC
ncols   179
nrows   167
xllcorner  746128
yllcorner 4319283
cellsize   30.00
nodata_value     0.0
[rows 50 to 74 of 167, columns 57 to 113 of 179]
2076.00000 2089.00000 2100.60000 2110.50000 2119.10000 2125.00000 2124.40000 2120.50000 2118.90000 2117.10000 2114.10000 2110.30000 2104.60000 2097.20000 2089.60000 2081.10000 2073.00000 2064.30000 2061.90000 2056.20000 2045.10000 2032.20000 2017.10000 2003.60000 1995.10000 1986.60000 1979.90000 1976.50000 1976.20000 1972.60000 1966.20000 1958.60000 1950.10000 1941.30000 1933.80000 1927.00000 1924.00000 1923.80000 1924.80000 1927.40000 1930.10000 1931.80000 1930.10000 1921.40000 1917.00000 1917.00000 1917.30000 1919.40000 1922.30000 1924.10000 1922.50000 1920.40000 1918.90000 1916.70000 1909.50000 1899.20000 1897.60212
2086.60000 2098.00000 2108.90000 2118.40000 2125.10000 2126.30000 2122.80000 2120.10000 2119.00000 2115.10000 2109.60000 2102.10000 2093.10000 2084.60000 2077.90000 2070.50000 2062.60000 2053.00000 2050.50000 2047.50000 2039.60000 2030.30000 2019.20000 2006.30000 1996.10000 1987.60000 1977.20000 1969.60000 1968.60000 1966.40000 1961.30000 1953.70000 1945.30000 1938.00000 1930.20000 1926.60000 1926.80000 1927.80000 1930.00000 1932.70000 1934.90000 1936.00000 1933.30000 1922.50000 1918.00000 1918.90000 1920.10000 1924.50000 1927.30000 1928.20000 1926.50000 1925.60000 1924.40000 1919.60000 1912.50000 1905.40000 1897.70000
2096.50000 2106.60000 2116.20000 2123.80000 2126.60000 2124.30000 2120.90000 2118.50000 2115.40000 2110.30000 2104.10000 2095.30000 2084.00000 2071.90000 2063.90000 2057.70000 2051.00000 2042.80000 2038.30000 2036.00000 2030.00000 2022.30000 2014.40000 2005.80000 1996.00000 1986.90000 1977.90000 1967.10000 1960.00000 1956.90000 1953.30000 1947.20000 1940.00000 1933.60000 1929.50000 1930.40000 1931.60000 1932.80000 1936.10000 1938.30000 1939.40000 1940.10000 1937.50000 1926.30000 1920.20000 1920.90000 1923.70000 1930.10000 1933.90000 1934.10000 1933.20000 1932.90000 1930.20000 1922.70000 1912.80000 1906.00000 1898.20000
2105.10000 2114.40000 2122.70000 2126.60000 2125.90000 2124.10000 2120.20000 2113.50000 2107.90000 2101.90000 2097.50000 2089.10000 2078.50000 2067.00000 2054.30000 2045.00000 2039.10000 2033.80000 2028.40000 2024.60000 2019.50000 2012.60000 2005.40000 1999.00000 1992.20000 1984.90000 1977.10000 1968.00000 1957.50000 1949.00000 1945.20000 1941.40000 1934.50000 1931.20000 1934.00000 1936.10000 1937.00000 1938.90000 1941.80000 1943.30000 1943.50000 1943.60000 1941.00000 1931.90000 1923.10000 1922.90000 1929.30000 1935.60000 1937.30000 1937.40000 1937.50000 1937.20000 1935.20000 1931.40000 1921.50000 1911.70000 1898.70000
2114.80000 2122.10000 2126.30000 2125.90000 2124.90000 2124.30000 2120.30000 2110.20000 2101.90000 2094.20000 2089.70000 2082.00000 2072.00000 2062.50000 2050.10000 2039.10000 2030.30000 2024.40000 2020.30000 2016.20000 2009.60000 2003.80000 1997.20000 1992.30000 1986.60000 1980.00000 1973.00000 1962.50000 1950.30000 1943.20000 1940.60000 1939.10000 1933.20000 1936.70000 1940.20000 1940.60000 1942.00000 1944.50000 1946.50000 1947.20000 1947.50000 1947.20000 1945.10000 1940.20000 1932.40000 1927.60000 1933.50000 1938.80000 1939.50000 1939.50000 1939.10000 1938.20000 1937.10000 1934.90000 1928.90000 1917.90000 1904.80000
2124.10000 2127.40000 2125.40000 2122.60000 2120.40000 2120.60000 2117.20000 2108.90000 2099.60000 2091.60000 2082.10000 2072.00000 2062.10000 2053.70000 2044.30000 2036.10000 2028.10000 2019.90000 2013.60000 2009.00000 2001.50000 1995.40000 1989.40000 1984.50000 1981.30000 1976.10000 1967.60000 1956.20000 1945.30000 1942.00000 1939.10002 1939.40000 1937.10000 1943.50000 1945.50000 1945.30000 1946.80000 1948.60000 1950.30000 1952.10000 1953.00000 1952.40000 1950.80000 1947.70000 1942.50000 1935.60000 1935.60000 1940.80000 1941.10000 1940.70000 1940.10000 1939.70000 1938.80000 1937.90000 1931.90000 1921.40000 1912.30000
2130.70000 2129.70000 2124.10000 2119.70000 2116.00000 2113.80000 2110.10000 2104.30000 2097.70000 2090.30000 2080.70000 2068.80000 2057.50000 2048.80000 2040.60000 2031.80000 2027.00000 2020.80000 2011.00000 2002.50000 1993.90000 1988.90000 1985.20000 1981.30000 1974.20000 1965.90000 1957.00000 1951.60000 1949.40000 1946.50000 1939.40000 1940.10000 1946.50000 1949.50000 1950.30000 1950.50000 1951.30000 1952.40000 1954.40000 1958.60000 1960.40000 1959.30000 1957.10000 1952.60000 1947.30000 1941.10000 1936.80000 1941.90000 1942.40000 1942.10000 1942.00000 1941.60000 1940.90000 1940.70000 1937.30000 1927.20000 1917.50000
2134.30000 2130.80000 2124.60000 2122.50000 2115.50000 2106.90000 2102.40000 2099.70000 2095.60000 2090.90000 2084.60000 2073.40000 2061.40000 2052.30000 2042.70000 2032.50000 2024.30000 2016.40000 2008.50000 2003.30000 1999.30000 1994.40000 1989.20000 1983.30000 1976.90000 1970.50000 1965.60000 1962.10000 1955.10000 1945.40000 1939.40002 1946.10000 1952.00000 1953.60000 1954.80000 1956.50000 1957.40000 1959.00000 1960.60000 1962.50000 1965.50000 1963.40000 1959.30000 1953.50000 1948.20000 1942.00000 1940.00000 1943.60000 1943.70000 1943.30000 1943.30000 1943.20000 1942.80000 1942.60000 1940.30000 1930.60000 1920.10000
2135.50000 2129.40000 2126.50000 2122.70000 2114.70000 2106.30000 2099.20000 2095.90000 2093.10000 2092.00000 2086.40000 2075.60000 2064.00000 2054.30000 2043.70000 2032.90000 2027.00000 2021.80000 2016.20000 2011.10000 2004.50000 1997.40000 1992.10000 1986.80000 1979.60000 1971.10000 1964.30000 1958.90000 1948.00000 1939.80000 1946.00000 1953.00000 1956.10000 1957.50000 1960.00000 1963.20000 1966.70000 1968.70000 1968.30000 1962.90000 1964.70000 1961.50000 1955.80000 1949.90000 1945.60000 1943.40000 1944.40000 1945.00000 1944.50000 1944.20000 1944.10000 1944.10000 1944.30000 1944.30000 1941.70000 1931.70000 1920.90000
2134.00000 2130.00000 2128.80000 2122.20000 2111.10000 2104.40000 2099.30000 2095.30000 2092.70000 2089.60000 2084.40000 2075.40000 2064.80000 2056.00000 2047.30000 2040.20000 2038.50000 2033.50000 2027.00000 2019.10000 2010.90000 2002.80000 1996.10000 1989.20000 1978.70000 1968.10000 1959.10000 1952.40000 1945.50000 1946.10000 1952.50000 1957.60000 1960.30000 1962.40000 1965.60000 1969.30000 1974.40000 1974.90000 1972.50000 1964.90000 1961.90000 1957.30000 1951.50000 1948.20000 1946.20000 1946.70000 1947.10000 1945.70000 1945.00000 1944.80000 1944.70000 1945.00000 1945.60000 1945.50000 1941.30000 1930.50000 1920.40000
2137.60000 2134.90000 2131.50000 2122.00000 2111.90000 2106.90000 2103.80000 2098.10000 2093.80000 2089.20000 2083.40000 2077.20000 2070.20000 2063.70000 2056.20000 2053.20000 2051.30000 2045.20000 2037.10000 2028.70000 2019.90000 2010.10000 2002.20000 1991.20000 1977.10000 1964.40000 1951.90000 1947.00000 1948.50000 1954.30000 1958.70000 1961.50000 1963.30000 1966.90000 1970.30000 1974.60000 1979.00000 1976.60000 1971.40000 1965.60000 1960.30000 1954.70000 1950.70000 1951.10000 1950.40000 1949.40000 1947.80000 1946.50000 1945.80000 1945.40000 1945.40000 1945.80000 1946.90000 1946.60000 1940.10000 1928.20000 1919.50000
2149.40000 2146.60000 2139.50000 2128.80000 2120.20000 2113.70000 2106.20000 2097.60000 2093.90000 2088.80000 2083.20000 2079.00000 2074.30000 2069.10000 2062.80000 2062.20000 2061.90000 2056.70000 2048.40000 2040.70000 2030.20000 2019.60000 2009.70000 1995.40000 1978.70000 1963.90000 1957.30000 1959.50000 1959.40000 1959.90000 1962.00000 1965.00000 1966.90000 1970.00000 1973.90000 1977.30000 1977.20000 1974.20000 1969.80000 1965.30000 1958.90000 1954.50000 1953.80000 1953.20000 1951.70000 1950.00000 1948.40000 1947.40000 1946.60000 1946.30000 1946.80000 1947.50000 1948.50000 1946.70000 1937.70000 1926.80000 1919.10000
2162.50000 2157.20000 2148.00000 2136.20000 2125.80000 2116.50000 2107.60000 2097.80000 2093.30000 2087.00000 2081.80000 2077.90000 2073.10000 2068.40000 2064.90000 2065.30000 2067.50000 2065.80000 2060.10000 2051.90000 2040.70000 2029.20000 2018.00000 2004.00000 1988.10000 1973.20000 1964.60000 1964.90000 1961.20000 1960.90000 1965.30000 1969.80000 1970.60000 1972.70000 1976.50000 1978.00000 1976.20000 1972.60000 1968.70000 1965.00000 1958.10000 1957.60000 1957.00000 1954.80000 1952.90000 1950.70000 1949.20000 1948.20000 1947.50000 1947.90000 1948.70000 1949.40000 1950.30000 1946.50000 1935.90000 1926.20000 1919.00000
2171.70000 2162.80000 2151.90000 2139.00000 2127.20000 2117.20000 2109.10000 2099.60000 2090.80000 2083.90000 2079.20000 2075.00000 2070.90000 2067.30000 2065.50000 2065.90000 2069.00000 2070.80000 2067.10000 2058.20000 2046.70000 2033.50000 2020.30000 2005.90000 1991.10000 1978.70000 1972.00000 1971.00000 1966.00000 1963.90000 1969.10000 1973.10000 1974.20000 1975.60000 1978.00000 1978.60000 1976.30000 1972.50000 1968.60000 1964.80000 1960.70000 1960.80000 1959.70000 1958.60000 1955.70000 1952.80000 1951.10000 1950.30000 1949.70000 1950.50000 1951.10000 1951.90000 1951.70000 1946.30000 1935.90000 1926.60000 1920.00000
2170.40000 2162.30000 2151.70000 2139.10000 2126.60000 2116.00000 2105.70000 2096.80000 2089.10000 2082.00000 2076.70000 2072.20000 2068.60000 2066.50000 2065.40000 2065.40000 2068.30000 2070.50000 2067.40000 2058.20000 2045.40000 2030.20000 2015.40000 2001.80000 1988.60000 1981.40000 1980.60000 1979.40000 1974.70000 1969.10000 1971.70000 1978.40000 1979.70000 1981.00000 1983.20000 1982.30000 1978.40000 1973.30000 1967.90000 1962.50000 1964.20000 1963.50000 1963.40000 1962.20000 1959.10000 1955.70000 1954.10000 1953.80000 1953.60000 1954.20000 1954.60000 1955.00000 1952.30000 1945.40000 1936.10000 1927.60000 1921.60000
2166.60000 2156.90000 2147.40000 2136.00000 2123.80000 2112.70000 2104.10000 2095.40000 2087.10000 2079.60000 2075.60000 2071.70000 2068.30000 2066.50000 2064.80000 2063.70000 2064.50000 2065.70000 2063.00000 2055.40000 2042.50000 2026.30000 2010.50000 1997.20000 1988.70000 1987.60000 1990.50000 1989.50000 1984.70000 1977.50000 1975.10000 1978.90000 1985.20000 1985.90000 1984.90000 1983.10000 1978.50000 1974.20000 1969.80000 1965.20000 1966.80000 1967.00000 1965.60000 1964.70000 1961.90000 1959.30000 1958.20000 1957.90000 1958.00000 1959.10000 1959.60000 1958.20000 1954.30000 1946.30000 1937.40000 1929.50000 1923.60000
2163.20000 2150.90000 2140.50000 2129.90000 2119.40000 2108.70000 2100.70000 2093.60000 2085.50000 2079.50000 2075.10000 2071.40000 2068.30000 2066.00000 2063.70000 2061.80000 2059.90000 2058.60000 2056.20000 2051.00000 2039.40000 2024.40000 2009.90000 2000.50000 1997.00000 1997.40000 2001.10000 1999.70000 1995.40000 1988.70000 1983.30000 1982.00000 1986.60000 1988.60000 1986.60000 1983.90000 1980.30000 1979.20000 1975.00000 1969.00000 1970.80000 1971.90000 1970.90000 1968.10000 1964.80000 1963.60000 1962.80000 1962.60000 1963.80000 1965.70000 1965.50000 1962.60000 1958.00000 1950.50000 1941.10000 1932.70000 1926.10000
2159.50000 2147.10000 2136.00000 2122.90000 2112.70000 2104.50000 2098.10000 2090.80000 2084.70000 2080.60000 2075.00000 2070.90000 2068.90000 2067.10000 2065.30000 2063.40000 2058.80000 2051.90000 2046.30000 2042.90000 2033.60000 2023.70000 2016.60000 2013.30000 2010.20000 2008.70000 2011.10000 2010.10000 2005.80000 1998.30000 1992.60000 1986.90000 1989.30000 1992.80000 1990.10000 1986.70000 1984.80000 1983.50000 1977.70000 1973.00000 1975.80000 1977.60000 1974.50000 1970.60000 1968.70000 1967.90000 1967.10000 1968.30000 1971.70000 1973.10000 1971.60000 1968.10000 1962.10000 1955.30000 1946.70000 1938.10000 1930.50000
2154.20000 2143.30000 2133.40000 2123.50000 2114.70000 2106.20000 2098.20000 2092.10000 2087.00000 2080.20000 2074.10000 2071.70000 2073.50000 2073.70000 2072.10000 2069.50000 2063.20000 2050.70000 2039.50000 2035.20000 2030.10000 2030.40000 2031.00000 2028.50000 2023.60000 2020.50000 2021.80000 2021.50000 2015.10000 2009.10000 2002.20000 1994.10000 1994.40000 1998.60000 1993.30000 1989.20000 1987.60000 1983.00000 1976.70000 1976.80000 1983.50000 1983.90000 1979.30000 1976.10000 1974.50000 1973.80000 1974.50000 1976.70000 1980.00000 1979.90000 1977.50000 1972.70000 1966.60000 1960.40000 1953.00000 1944.20000 1935.90000
2148.40000 2139.20000 2129.60000 2120.70000 2112.00000 2103.50000 2095.40000 2089.20000 2083.00000 2077.30000 2076.60000 2081.00000 2083.80000 2081.70000 2077.40000 2074.30000 2066.10000 2053.60000 2041.60000 2033.90000 2034.80000 2043.40000 2044.60000 2039.40000 2035.70000 2033.10000 2033.90000 2033.80000 2026.30000 2020.80000 2014.30000 2005.80000 2004.40000 2005.30000 1998.90000 1993.30000 1988.80000 1982.90000 1980.00000 1983.20000 1989.40000 1989.00000 1986.70000 1984.50000 1982.60000 1982.40000 1983.60000 1985.30000 1987.40000 1986.40000 1982.00000 1975.80000 1970.80000 1966.00000 1959.60000 1950.60000 1942.00000
2142.70000 2135.20000 2127.40000 2119.50000 2111.20000 2103.80000 2096.20000 2087.70000 2080.10000 2079.10000 2084.00000 2090.60000 2093.60000 2088.30000 2081.80000 2074.80000 2064.50000 2053.90000 2043.70000 2036.90000 2043.10000 2051.20000 2050.80000 2047.60000 2046.90000 2046.70000 2046.10000 2044.90000 2038.70000 2035.30000 2030.50000 2022.30000 2017.10000 2013.20000 2007.90000 2002.10000 1993.90000 1985.90000 1983.90000 1990.90000 1995.10000 1993.90000 1993.00000 1992.50000 1993.20000 1993.50000 1993.80000 1995.40000 1995.40000 1992.00000 1985.70000 1979.60000 1975.40000 1971.20000 1965.50000 1957.40000 1948.30000
2138.50000 2132.10000 2124.10000 2117.70000 2108.90000 2099.40000 2092.80000 2085.70000 2080.20000 2084.00000 2091.60000 2099.00000 2099.50000 2092.10000 2083.20000 2073.20000 2062.80000 2053.30000 2043.20000 2040.70000 2048.30000 2053.30000 2056.20000 2056.60000 2057.50000 2060.90000 2059.40000 2054.90000 2051.10000 2050.00000 2044.70000 2036.00000 2029.10000 2022.00000 2015.50000 2010.80000 2002.20000 1991.20000 1987.80000 1997.50000 2003.00000 2001.90000 2002.10000 2002.90000 2004.00000 2004.50000 2006.10000 2006.90000 2004.30000 1998.10000 1991.00000 1985.10000 1980.80000 1976.10000 1970.60000 1963.80000 1955.70000
2133.40000 2126.20000 2118.30000 2111.00000 2103.30000 2095.80000 2089.40000 2083.90000 2084.20000 2089.20000 2096.80000 2100.70000 2099.00000 2092.10000 2082.10000 2072.00000 2063.00000 2054.10000 2044.90000 2045.10000 2050.70000 2055.10000 2061.10000 2063.90000 2067.00000 2073.70000 2071.70000 2064.30000 2063.40000 2063.30000 2057.20000 2048.40000 2040.60000 2031.90000 2024.20000 2018.90000 2007.50000 1998.90000 1993.40000 2003.30000 2010.30000 2012.40000 2014.10000 2014.30000 2014.60000 2014.60000 2016.30000 2017.60000 2012.50000 2004.70000 1998.30000 1991.50000 1985.70000 1980.50000 1975.90000 1970.10000 1963.30000
2137.10000 2130.60000 2121.50000 2113.00000 2105.00000 2095.80000 2088.70000 2087.90000 2088.50000 2092.00000 2097.00000 2098.40000 2096.40000 2089.40000 2080.60000 2071.70000 2064.00000 2056.30000 2049.50000 2050.10000 2053.50000 2057.90000 2063.40000 2069.80000 2076.40000 2079.30000 2075.80000 2072.10000 2074.50000 2074.20000 2067.60000 2058.30000 2049.20000 2040.20000 2033.90000 2026.40000 2015.50000 2006.30000 2001.20000 2011.00000 2019.60000 2023.20000 2025.80000 2026.80000 2025.90000 2026.30000 2026.90000 2026.90000 2022.30000 2013.40000 2005.90000 1997.00000 1989.60000 1983.60000 1979.10000 1973.50000 1966.90000
2144.60000 2137.50000 2128.00000 2118.30000 2109.20000 2098.40000 2093.70000 2094.00000 2093.00000 2095.10000 2099.10000 2098.90000 2094.40000 2087.70000 2078.10000 2071.20000 2065.00000 2057.20000 2053.40000 2055.20000 2058.80000 2064.20000 2070.00000 2077.10000 2082.50000 2081.30000 2078.70000 2080.00000 2083.40000 2080.90000 2073.00000 2063.10000 2053.50000 2045.10000 2039.20000 2030.70000 2017.20000 2011.80000 2015.60000 2023.40000 2028.30000 2033.30000 2037.10000 2038.70000 2039.50000 2037.50000 2035.60000 2036.20000 2030.70000 2022.10000 2011.90000 2000.60000 1991.50000 1984.40000 1978.40000 1972.00000 1966.10000
