wepppy/_scripts/Test_Watershed_15/dem/topaz/TASPEC.ARC
ncols   179
nrows   167
xllcorner  746128
yllcorner 4319283
cellsize   30.00
nodata_value    -1.0
[rows 53 to 105 of 167, columns 0 to 95 of 179]
135 140 122 107 99 105 129 122 187 295 350 41 342 286 340 54 56 51 44 39 41 45 60 71 98 173 158 123 101 84 49 1 354 351 335 353 19 7 355 337 323 317 313 308 306 305 303 308 308 309 310 312 313 313 313 313 315 315 312 310 311 84 98 106 122 137 142 138 125 118 118 125 138 145 150 157 154 147 143 140 134 123 114 107 108 120 142 148 131 114 30 347 348 344 337 338
135 148 140 129 117 112 117 94 295 269 293 34 353 297 320 39 49 46 47 56 78 97 101 100 107 140 134 118 98 71 18 350 356 6 359 358 2 358 351 339 326 320 318 313 310 307 307 309 308 309 312 313 315 317 316 316 321 322 319 316 155 155 132 107 108 117 130 134 131 128 122 117 120 129 138 147 147 143 143 143 142 135 125 119 117 121 132 137 105 33 331 342 349 341 335 339
135 147 146 146 135 124 73 41 313 263 257 313 329 300 306 19 54 56 63 78 94 108 114 111 103 90 80 68 51 28 357 342 355 13 12 3 357 352 349 341 329 322 320 318 315 311 311 310 309 310 309 310 314 318 318 318 325 331 344 94 140 160 155 127 113 106 110 116 121 126 124 118 112 109 112 125 134 138 142 142 140 136 134 128 118 102 87 77 10 338 332 348 352 341 336 335
180 146 143 148 146 23 28 21 333 319 287 273 291 296 307 6 55 69 80 89 92 94 93 88 70 40 31 25 19 11 350 334 350 14 17 8 357 348 347 343 331 324 321 321 319 316 313 309 309 311 310 310 312 317 319 322 334 353 50 84 105 129 146 143 127 109 93 87 87 91 94 97 101 104 105 109 109 104 96 95 100 107 106 92 71 62 67 39 321 326 336 349 351 347 343 337
180 142 134 131 299 324 19 8 331 341 4 353 306 298 307 358 62 71 72 73 71 65 60 50 29 12 6 2 4 6 350 329 341 12 19 11 358 347 346 344 334 326 323 323 323 320 315 310 310 313 312 311 311 315 320 327 352 44 75 78 82 99 120 135 133 113 85 76 75 73 75 81 85 87 82 71 57 53 50 54 64 70 68 60 69 91 93 330 314 325 339 342 345 347 350 354
90 117 102 347 284 303 1 355 328 338 7 357 318 309 313 359 55 61 61 61 58 52 51 42 17 0 356 353 357 5 350 329 335 4 16 9 359 349 347 344 337 330 325 325 326 326 320 313 312 313 311 310 311 314 320 337 48 87 83 82 91 98 104 111 118 115 100 89 85 82 78 74 59 41 37 37 39 47 54 59 71 84 99 117 123 114 69 315 317 330 337 334 336 343 356 22
90 80 59 339 287 292 331 338 324 325 0 347 319 314 318 4 58 60 62 64 62 56 52 44 19 356 351 348 353 2 344 326 333 357 8 4 359 353 349 345 339 333 329 329 332 335 328 316 312 312 310 308 308 311 325 15 70 70 58 70 88 93 86 75 72 90 101 96 85 72 62 48 28 21 28 34 40 47 50 58 78 94 110 124 126 80 331 318 322 330 329 327 325 337 19 63
135 103 56 333 282 284 304 318 328 342 337 325 314 311 316 60 86 75 61 57 54 48 44 42 27 1 348 344 349 353 332 319 326 347 359 358 357 358 355 349 340 333 330 330 335 343 338 322 313 311 309 306 305 312 342 15 26 25 26 49 65 62 53 61 70 83 92 87 74 59 48 33 13 16 30 35 40 44 47 57 75 89 95 88 38 358 332 322 324 325 319 318 313 336 92 96
180 156 139 261 270 275 284 297 322 347 331 320 315 309 333 88 97 91 74 63 60 55 54 53 39 8 351 346 348 340 319 310 315 332 349 351 353 0 2 356 344 334 329 327 332 344 344 330 317 310 307 305 308 324 349 4 12 16 26 44 54 53 56 73 85 96 98 96 86 76 64 39 5 15 30 35 39 45 48 55 65 70 65 37 6 354 327 315 326 328 314 307 300 118 113 105
270 180 270 275 269 268 269 274 293 325 321 315 311 309 359 53 66 80 97 100 95 91 86 75 52 14 353 349 348 333 313 305 307 318 335 339 342 355 4 0 349 339 334 329 330 341 344 335 323 314 309 306 311 327 345 359 12 24 41 58 66 70 75 81 88 100 110 115 114 109 96 68 339 0 30 40 48 55 59 66 70 67 57 26 13 26 331 310 326 334 316 305 344 95 100 98
0 323 342 339 285 270 268 269 277 291 300 302 296 295 338 13 30 55 72 93 97 95 77 55 40 19 353 348 345 334 317 304 300 305 318 323 325 340 355 357 351 346 342 337 335 341 345 340 330 323 317 310 312 324 342 7 34 56 73 80 84 87 92 94 98 104 112 120 121 118 109 103 279 298 39 65 74 81 88 93 93 85 64 25 19 31 352 310 323 343 331 334 27 71 85 96
270 317 337 357 326 297 295 296 292 284 280 284 280 280 303 343 25 54 55 60 71 72 55 43 39 25 357 339 335 332 318 301 294 295 304 309 311 319 334 346 348 348 346 342 339 342 346 344 337 332 327 318 315 322 341 40 83 101 105 101 98 99 102 104 104 105 108 113 112 110 109 125 219 225 163 109 100 100 103 107 105 92 45 10 18 30 14 322 315 336 346 356 43 71 79 83
0 291 310 343 336 318 317 327 331 317 281 267 259 255 252 240 120 80 64 53 63 62 55 58 59 34 355 332 328 327 316 303 294 291 291 294 299 302 310 321 334 343 343 341 340 342 347 348 343 338 332 323 316 313 351 95 101 109 116 116 112 109 108 107 104 102 103 101 97 96 102 126 175 189 169 135 112 103 101 99 89 55 3 358 16 29 25 353 316 318 350 26 68 67 59 57
270 261 276 311 324 321 321 335 356 4 338 277 243 218 214 200 167 134 121 100 86 74 64 62 47 19 355 332 327 325 322 316 304 295 293 296 299 299 300 302 312 325 331 336 338 342 348 351 347 340 334 327 310 245 148 120 110 109 113 117 118 117 116 112 106 99 94 91 92 88 82 86 117 147 154 148 127 108 94 73 43 16 354 355 15 29 30 20 341 314 358 41 50 41 42 50
0 273 280 295 307 312 314 328 8 29 21 346 277 164 176 181 169 157 150 141 115 93 67 50 25 7 350 336 331 321 319 320 309 300 301 305 307 307 308 307 308 310 315 323 330 338 347 356 354 343 340 343 171 160 149 132 118 111 109 108 106 103 101 99 94 89 88 90 72 29 24 27 45 85 118 142 137 111 69 33 19 11 357 356 16 30 33 33 11 330 1 43 42 41 61 64
0 284 285 289 295 304 312 326 19 48 41 13 51 117 147 166 165 157 148 133 102 71 46 28 9 2 354 344 335 322 319 321 310 302 302 308 310 311 317 323 321 315 311 312 318 329 344 3 10 4 42 133 146 150 151 142 128 117 112 105 99 94 95 97 99 101 97 60 359 2 15 22 41 69 86 105 113 51 7 12 16 14 2 358 16 29 30 33 21 348 9 45 47 63 78 54
0 282 283 289 294 303 309 322 42 66 56 38 87 106 123 147 154 145 128 97 62 39 25 13 5 359 353 349 341 332 330 330 314 304 305 311 312 310 318 328 329 326 322 314 313 322 340 10 39 76 126 144 148 147 148 147 135 123 115 109 104 101 99 101 109 111 83 346 342 0 24 40 67 81 83 80 42 332 341 9 18 12 3 0 17 26 23 27 21 4 17 38 41 56 61 2
0 285 285 289 290 288 266 208 144 81 69 80 106 107 112 127 135 119 91 60 38 21 6 1 359 353 350 348 343 339 337 334 318 306 308 315 313 306 311 322 327 332 334 326 318 321 337 19 59 84 110 134 147 146 139 138 133 125 115 108 103 101 102 103 102 89 335 323 333 11 47 69 88 94 92 81 6 310 324 6 13 2 1 5 18 20 17 25 25 18 26 34 38 50 48 339
270 285 286 286 285 269 214 196 212 76 86 104 116 109 106 110 97 72 63 42 14 353 342 346 349 342 338 342 347 349 338 329 319 308 308 316 314 306 306 313 321 329 339 337 328 323 337 48 79 87 95 109 130 138 129 123 123 125 121 120 119 116 117 114 101 26 314 311 325 43 78 89 94 94 90 76 329 298 310 344 356 348 355 13 19 12 15 27 31 30 34 34 43 52 47 336
0 285 284 283 275 251 209 252 265 126 107 114 117 102 91 70 42 35 27 9 348 338 334 337 335 326 326 335 349 357 338 323 318 311 312 321 321 313 308 308 312 320 335 344 341 335 14 100 102 99 96 95 103 119 120 105 98 97 97 101 103 104 104 99 70 337 304 291 280 105 100 97 93 87 79 56 325 302 301 316 333 335 354 23 17 3 15 33 38 39 39 36 46 54 46 340
0 284 279 268 253 236 230 254 235 144 114 110 105 88 73 41 16 6 358 352 348 344 337 333 326 318 320 330 346 356 339 323 320 315 313 322 329 325 320 314 313 318 331 351 3 15 98 106 103 101 99 98 95 84 64 59 53 50 56 61 66 73 74 55 15 337 302 286 143 111 105 100 93 85 73 38 330 316 310 313 320 327 0 31 7 358 24 45 51 52 48 46 57 60 34 339
0 283 268 251 240 234 217 206 187 150 124 106 80 64 54 27 359 352 351 349 352 354 344 337 332 322 321 328 341 348 336 327 327 323 315 320 331 335 334 328 321 321 336 16 58 94 102 91 86 88 92 93 75 31 17 27 34 44 53 56 59 67 63 34 6 341 317 326 45 83 92 91 86 80 66 12 334 326 321 318 319 334 8 10 352 4 48 71 76 76 73 73 74 57 11 338
0 307 274 259 251 233 199 183 176 158 133 88 51 39 31 11 351 348 349 348 352 356 347 340 338 332 328 331 337 337 331 327 332 332 318 314 322 334 341 338 327 325 351 46 71 82 82 80 80 82 82 70 28 4 6 21 40 58 65 62 61 61 52 30 7 339 331 349 32 57 67 74 78 74 46 350 331 327 324 322 328 350 3 357 356 33 77 90 94 96 98 92 70 31 347 333
0 350 315 291 273 233 194 179 171 158 56 18 15 15 14 1 348 347 348 346 348 350 346 342 342 340 337 337 340 337 328 326 332 331 321 311 313 326 343 345 333 333 13 53 60 56 57 75 83 81 73 47 6 358 8 36 63 75 78 72 59 50 44 33 1 332 337 1 38 60 68 75 75 54 19 342 326 327 325 326 338 355 358 2 23 65 86 91 95 98 98 72 23 359 338 331
0 1 343 340 354 24 163 174 232 303 329 356 349 355 0 355 350 348 344 345 345 345 344 342 344 343 339 340 345 342 332 329 331 329 325 318 313 318 335 344 335 342 27 53 53 46 46 64 74 74 64 33 1 5 31 70 83 82 79 68 43 41 50 43 349 323 335 16 52 67 74 76 66 22 359 338 325 325 326 330 343 357 5 28 66 85 89 90 93 96 86 8 344 344 334 327
45 352 349 358 21 38 35 350 315 309 330 348 332 340 352 353 351 345 339 343 346 344 342 342 344 340 337 341 347 346 336 332 329 327 328 326 320 319 329 339 333 348 43 60 55 45 49 62 68 65 53 23 6 25 61 83 85 77 66 44 22 43 56 41 346 316 326 37 64 66 66 63 46 6 353 337 324 322 325 332 348 6 31 71 91 98 97 95 95 90 42 332 331 332 327 323
0 344 349 9 34 45 41 7 323 315 331 335 328 335 349 353 349 342 337 341 346 345 341 339 341 335 334 343 349 346 339 332 324 320 325 329 329 327 330 337 338 7 66 70 58 53 62 68 65 57 42 19 21 45 66 75 73 61 47 33 33 55 48 20 352 321 324 64 73 69 69 57 26 1 353 338 321 315 320 332 356 24 57 79 88 95 97 95 90 68 349 325 327 322 317 315
0 340 352 21 44 48 36 4 338 337 341 335 332 337 348 350 347 341 338 341 346 346 343 338 337 334 336 350 354 348 340 330 320 314 319 329 334 333 333 342 359 47 78 77 67 63 65 65 58 50 37 29 46 61 68 70 63 39 33 42 59 59 20 2 359 346 12 77 84 77 63 37 11 3 356 342 324 312 314 330 7 38 59 70 73 76 82 83 77 43 327 317 321 313 305 302
0 339 5 29 39 44 34 5 344 343 337 332 333 339 345 346 344 341 338 343 346 345 345 341 336 335 345 358 356 352 345 331 321 313 313 324 337 339 338 351 25 55 68 71 68 64 60 59 55 50 46 52 68 69 69 69 54 22 33 57 60 32 352 351 3 17 52 80 81 66 40 14 5 5 358 348 335 319 312 329 18 43 58 64 66 70 76 75 65 23 320 314 319 311 303 297
0 352 21 18 27 39 33 8 349 340 329 327 334 341 341 340 341 340 339 343 345 341 345 342 332 335 348 355 355 356 352 339 327 316 308 312 329 338 340 0 37 50 55 62 67 68 67 64 56 47 55 67 73 67 68 67 47 23 53 65 38 2 350 354 13 46 62 61 49 36 16 3 4 5 359 353 344 330 310 314 28 49 60 67 70 77 79 72 53 15 323 315 317 310 304 298
0 2 22 6 6 27 30 12 354 341 328 325 333 342 339 334 337 339 337 339 336 330 335 328 314 318 332 342 349 356 357 349 335 325 315 309 318 330 340 14 51 58 60 67 70 69 68 60 48 44 57 68 71 70 68 61 48 49 69 53 5 347 354 8 36 62 57 37 29 21 7 0 2 4 2 357 350 345 319 307 59 69 72 76 78 83 78 63 48 16 319 314 312 307 304 298
0 2 21 6 352 14 26 13 353 343 332 325 330 341 339 330 328 324 314 302 281 259 243 247 258 268 283 302 326 346 356 353 340 330 325 323 323 328 343 33 61 62 63 67 64 58 51 45 48 60 72 77 78 72 52 50 55 62 48 12 343 340 0 31 57 60 36 19 20 17 7 359 0 4 8 2 357 2 353 332 60 92 93 91 88 82 68 51 48 13 324 321 316 311 308 302
0 351 19 11 344 2 23 12 353 344 333 324 330 344 345 323 284 249 239 236 226 215 216 227 236 245 256 265 278 305 339 348 336 326 324 325 326 331 355 39 50 44 51 59 61 55 49 52 71 86 88 86 78 49 24 48 63 55 14 347 333 335 10 52 57 37 14 12 16 16 7 359 2 14 20 14 19 26 30 54 107 105 101 95 86 69 48 44 44 4 332 328 321 316 313 307
0 329 10 12 353 356 12 7 352 344 328 317 324 345 3 358 274 251 249 242 229 221 228 236 241 246 254 257 260 266 284 314 317 311 310 314 319 333 9 37 46 46 57 65 64 58 57 70 83 87 84 78 63 19 18 58 66 39 355 335 325 331 39 64 42 14 8 13 15 13 5 0 11 30 38 39 60 82 107 128 125 107 91 71 53 41 38 47 42 353 333 330 323 319 315 309
0 312 348 2 359 1 2 356 354 351 328 310 320 17 49 52 334 261 245 235 221 215 227 241 249 253 255 257 258 262 270 283 292 295 297 300 305 326 15 45 62 74 80 78 69 63 66 76 75 73 72 65 37 6 30 62 57 18 350 336 327 345 58 57 13 359 8 16 17 10 3 7 29 49 55 60 77 97 115 119 108 92 61 36 27 29 41 53 37 343 336 335 331 325 319 312
0 326 342 352 359 2 355 346 354 358 338 326 351 29 42 52 38 273 239 224 216 214 228 244 253 257 258 260 263 268 277 286 289 288 289 291 292 311 22 62 77 87 88 83 77 74 77 75 66 61 59 43 20 16 47 62 44 4 352 345 340 9 43 28 349 349 10 24 25 13 6 26 55 67 71 75 84 88 86 74 71 56 30 22 31 48 59 58 26 340 336 337 337 334 330 326
0 338 350 344 345 352 343 339 354 0 343 335 3 30 34 41 41 20 269 236 228 227 238 251 258 262 265 267 270 273 280 288 288 284 284 286 287 296 45 80 84 86 84 82 79 78 75 71 66 59 45 25 21 37 58 59 31 355 354 354 352 15 27 10 342 344 12 31 31 15 17 48 70 77 81 85 85 74 45 37 43 34 19 40 84 97 88 59 8 339 335 336 338 339 341 356
0 342 5 344 333 337 334 337 356 0 343 340 11 35 37 41 42 36 22 307 261 254 255 265 269 274 277 277 275 274 276 280 282 280 281 282 281 279 88 88 86 83 79 77 76 74 68 64 61 44 19 20 34 49 55 44 13 351 358 0 358 13 18 3 344 345 11 32 31 20 32 60 76 82 84 81 72 51 30 31 38 38 44 78 98 101 88 19 348 340 338 337 337 341 354 19
0 347 3 336 327 331 330 339 1 3 347 346 20 44 46 49 49 41 33 17 314 288 284 278 275 277 279 279 274 270 268 271 277 280 281 279 271 249 128 94 86 81 77 75 75 74 69 61 48 20 4 20 44 56 53 24 358 352 0 4 0 9 15 3 351 349 10 33 35 34 52 71 77 77 74 67 59 48 48 58 63 69 84 95 95 86 32 333 334 336 340 343 343 347 5 22
0 337 346 331 322 325 327 339 6 9 355 359 47 61 58 56 56 48 39 29 355 321 305 279 268 268 270 273 274 273 271 273 279 283 282 277 264 233 142 102 92 88 84 80 79 77 72 61 36 6 4 33 57 60 39 3 353 356 2 5 358 7 18 12 4 358 17 42 50 58 68 72 68 61 55 52 53 58 64 62 55 67 78 87 82 54 347 326 325 329 339 346 348 355 12 23
0 312 329 326 318 317 315 326 23 36 36 59 76 71 63 60 59 52 43 29 8 341 320 287 269 266 269 275 281 284 281 280 282 284 284 282 279 274 103 99 96 93 89 80 74 71 64 48 21 3 26 62 70 53 17 355 355 0 2 4 357 8 26 26 22 21 45 68 77 75 68 60 56 51 49 50 51 57 52 26 27 49 64 70 66 16 326 321 319 323 333 343 348 1 21 31
180 276 295 305 306 305 295 256 130 99 69 51 56 63 62 61 61 56 47 32 17 357 336 304 279 272 272 274 276 276 275 276 280 286 293 302 311 344 54 82 90 89 85 73 66 60 49 32 14 16 53 67 54 29 4 356 357 0 3 3 0 16 37 38 39 50 77 96 88 67 45 43 46 49 54 58 55 51 37 17 30 56 65 62 47 342 316 316 316 320 328 336 345 6 32 41
180 257 263 271 276 274 258 177 149 357 22 23 37 52 59 63 65 64 56 38 32 31 343 295 280 273 269 266 263 259 261 266 273 282 294 308 319 356 48 69 78 78 74 70 67 57 40 23 16 30 43 38 25 11 1 358 355 357 3 6 8 27 43 44 49 61 74 71 43 28 26 37 46 53 60 63 56 46 34 25 44 63 65 58 24 328 314 314 315 319 325 333 344 10 43 54
180 263 265 265 265 262 263 316 337 341 0 16 42 59 63 69 73 74 67 52 53 59 351 281 273 269 266 263 261 257 258 261 265 269 277 290 308 356 51 64 65 62 59 59 60 51 33 22 26 34 30 21 14 6 4 2 353 354 3 9 19 34 43 48 53 59 55 28 7 12 27 44 56 64 68 66 54 42 37 39 52 65 68 49 351 324 317 315 316 320 325 332 345 19 55 68
180 279 281 280 281 291 314 329 338 355 7 20 54 68 74 79 82 81 75 68 73 77 19 282 272 269 267 265 262 260 260 260 260 261 265 274 290 341 54 61 57 53 51 48 41 31 23 24 34 33 20 15 13 6 4 2 353 353 3 15 29 41 46 50 55 58 43 10 5 21 42 56 66 72 73 68 54 41 45 53 65 76 69 9 333 324 321 318 319 322 325 332 350 38 69 78
270 291 294 294 294 311 327 327 341 8 20 28 63 78 84 87 89 86 80 75 79 79 7 288 278 272 271 270 270 270 269 268 266 266 269 273 278 310 52 58 53 52 51 41 27 21 22 24 25 20 12 15 15 6 3 1 356 355 5 22 39 48 51 53 56 55 35 8 21 49 61 65 68 72 70 64 52 40 55 69 82 82 47 337 325 321 320 319 321 325 328 334 4 59 78 81
0 287 291 293 298 315 326 322 339 18 34 46 74 86 91 92 89 86 81 81 84 79 341 294 287 278 275 274 277 282 286 286 279 276 275 277 280 294 44 59 54 54 48 31 20 23 27 22 17 16 13 14 13 5 0 359 357 359 10 30 46 57 63 67 63 50 30 24 54 76 79 73 67 68 66 63 56 49 69 81 84 66 3 328 319 316 316 317 322 330 333 345 41 77 84 83
0 282 281 281 286 298 307 303 313 61 77 82 89 91 93 93 89 83 77 75 75 66 332 299 291 283 277 275 278 283 289 290 283 277 274 275 277 282 38 66 59 52 40 22 20 30 30 21 14 16 15 14 11 2 358 359 0 4 22 47 60 65 71 73 68 50 41 55 74 84 86 89 81 73 69 68 69 76 84 88 77 27 340 329 320 314 313 314 321 333 342 18 74 90 88 86
0 277 272 268 264 258 249 237 201 150 120 108 101 97 96 94 89 82 76 69 65 48 335 307 298 289 282 280 280 281 285 288 286 277 270 267 266 270 60 79 67 49 31 19 25 33 30 19 13 13 12 11 6 358 357 2 8 22 51 72 75 69 64 59 51 48 59 75 77 76 82 98 112 103 87 81 81 85 86 83 60 346 331 329 321 313 310 310 318 334 2 66 92 96 93 91
0 269 266 260 250 236 227 219 206 155 114 109 105 103 101 97 86 75 70 62 56 34 340 314 304 297 290 286 284 285 286 289 285 276 268 265 263 259 156 95 68 37 21 19 27 32 29 20 13 6 7 9 2 354 359 10 24 52 75 82 72 61 57 54 49 53 67 75 70 65 73 85 104 118 109 95 86 78 77 72 33 332 326 324 318 313 308 307 315 340 55 91 103 107 107 103
270 277 273 261 245 237 238 247 269 12 73 89 99 102 100 94 73 64 61 51 43 23 340 317 306 298 293 290 290 289 288 287 285 277 271 271 271 266 135 80 31 12 11 17 26 30 29 21 10 0 3 7 358 352 5 26 50 70 77 73 61 52 53 57 62 67 74 74 69 58 64 69 74 83 95 94 87 80 72 56 6 332 329 324 317 311 307 306 314 8 82 97 106 114 120 119
0 286 286 271 255 256 267 281 298 350 61 78 90 96 94 84 55 55 56 45 35 16 341 321 311 304 298 295 296 296 291 287 288 287 282 280 282 298 5 22 358 358 7 10 21 28 29 21 7 355 359 5 0 359 26 60 76 79 72 61 50 47 58 68 73 75 77 75 67 50 57 65 67 70 79 86 87 80 50 25 358 335 331 326 316 310 306 303 315 63 92 100 106 114 119 122
0 285 287 282 278 281 285 287 289 319 79 85 89 90 85 72 45 51 54 42 30 13 340 319 314 310 302 298 298 298 292 284 286 291 290 289 293 314 357 7 353 358 6 2 14 27 29 20 3 353 357 7 13 31 78 94 90 77 63 53 50 60 79 86 85 77 72 68 56 42 60 74 79 83 86 85 71 42 13 6 1 340 328 326 318 311 305 301 327 93 101 103 106 108 111 117
