wepppy/_scripts/Test_Watershed_15/dem/topaz/TASPEC.ARC
ncols   179
nrows   167
xllcorner  746128
yllcorner 4319283
cellsize   30.00
nodata_value    -1.0
[rows 106 to 158 of 167, columns 0 to 95 of 179]
0 281 282 290 293 294 288 281 268 228 100 93 90 86 79 63 37 42 47 34 24 9 337 315 312 312 305 297 295 295 293 288 289 295 297 299 305 323 352 3 1 8 10 1 12 28 29 17 1 353 1 23 50 78 94 97 89 73 64 62 65 77 85 88 84 72 62 54 45 42 70 84 89 91 83 56 30 12 2 2 8 350 328 323 317 310 304 301 59 98 99 99 101 105 108 112
0 285 293 294 291 290 281 273 260 197 101 94 89 84 76 58 25 23 32 24 18 3 334 316 312 313 309 304 302 300 299 300 301 304 306 308 314 330 350 3 17 29 30 25 41 50 41 22 3 358 45 93 103 102 97 93 90 86 87 91 94 93 89 83 76 61 45 44 46 56 78 87 86 75 41 17 11 7 4 6 12 0 335 320 314 309 305 312 71 90 91 93 96 100 104 106
0 306 320 311 292 282 277 272 267 145 94 90 86 81 72 49 11 11 25 18 10 353 329 316 312 313 313 312 311 303 299 301 302 303 307 312 320 336 352 10 37 55 67 97 133 152 143 121 145 150 131 125 122 114 102 92 91 95 99 100 103 102 97 86 74 55 43 54 64 75 84 84 71 40 12 5 8 11 9 12 11 5 347 323 313 309 307 335 71 87 92 95 96 99 102 104
0 313 329 336 315 294 285 282 283 87 90 88 84 78 65 32 357 8 30 10 351 341 324 314 311 310 310 309 309 298 292 293 296 297 298 304 316 337 359 27 54 65 73 98 130 167 175 159 164 162 142 129 125 120 108 98 96 98 97 95 96 96 94 86 71 53 47 63 75 78 78 70 46 17 7 7 11 14 14 18 13 8 357 329 315 309 308 5 86 95 99 99 98 98 99 101
0 306 322 348 337 309 297 292 300 66 85 84 81 74 55 14 349 11 31 355 333 333 324 314 309 306 306 310 314 310 304 303 308 310 303 302 310 333 15 55 74 80 86 97 116 155 171 161 164 166 148 129 121 119 112 104 102 106 105 100 96 96 94 88 73 60 57 65 69 70 65 52 25 7 8 12 15 18 22 26 20 13 0 331 317 311 310 76 98 101 101 100 99 98 97 96
0 304 313 347 2 331 304 300 316 65 80 81 78 67 42 2 346 17 30 341 320 327 326 315 308 304 305 309 313 312 307 304 310 315 311 304 302 319 71 90 96 100 104 106 110 134 156 156 162 169 159 137 122 121 116 109 105 108 109 102 95 92 88 80 70 66 66 61 61 62 59 42 12 4 10 17 23 30 34 37 36 26 354 324 315 311 325 93 99 99 99 98 98 97 96 94
0 311 313 345 19 344 306 303 335 69 79 79 74 61 30 2 351 21 26 326 306 315 323 314 305 301 296 295 298 300 296 290 291 297 299 295 286 276 100 98 97 98 102 106 109 117 134 143 154 169 169 150 136 137 137 127 119 118 117 109 101 94 90 88 87 87 86 83 82 80 71 40 4 359 7 23 38 46 49 51 54 37 339 317 312 313 41 94 98 99 100 101 100 98 97 97
0 327 327 356 40 3 311 307 3 74 74 69 64 47 20 10 3 9 9 323 298 301 311 310 307 308 304 300 297 294 286 278 277 282 288 286 278 275 90 90 89 90 93 100 108 115 122 130 141 160 168 158 148 149 150 144 136 134 134 127 119 112 110 117 126 131 133 135 127 113 94 33 349 346 2 35 53 58 57 59 60 31 333 318 314 327 73 94 99 101 104 106 105 105 105 104
0 342 347 19 46 15 327 322 41 82 70 58 51 31 12 12 6 2 1 334 302 294 299 302 308 314 311 301 290 284 278 274 276 282 296 303 302 80 101 99 94 93 94 97 102 106 113 120 130 146 159 157 151 151 151 147 143 142 141 136 130 125 125 131 139 144 143 139 128 112 78 355 340 332 358 54 68 69 67 63 49 14 338 323 315 15 98 102 102 102 104 106 107 107 108 108
0 347 6 46 59 30 347 349 53 74 54 34 29 13 6 10 6 1 0 346 317 303 299 295 295 294 291 284 279 280 283 284 283 288 301 319 344 69 100 105 103 100 98 99 100 103 109 117 124 133 144 150 148 147 146 144 142 141 140 137 132 128 129 131 134 138 139 132 115 80 3 343 338 329 11 73 78 76 73 57 29 4 347 334 322 116 116 114 110 106 105 105 105 105 105 104
0 354 40 64 68 51 17 26 67 66 26 357 1 353 355 6 8 3 0 356 339 322 314 308 297 282 284 287 287 288 292 293 288 291 303 330 20 70 89 99 102 99 94 92 95 99 105 113 118 121 127 135 139 140 139 138 138 136 135 133 128 125 125 127 127 126 121 101 70 23 337 337 338 338 33 72 71 61 51 33 13 4 1 7 82 113 115 114 112 108 106 106 105 103 103 102
0 9 66 78 77 63 42 55 69 58 356 324 327 327 337 358 7 3 2 3 355 338 330 336 333 308 304 307 302 298 301 300 296 296 304 342 63 88 96 102 107 105 96 90 91 95 99 105 109 111 114 120 126 128 129 130 129 128 127 124 118 115 117 119 116 97 61 43 39 2 326 328 334 350 42 63 60 47 36 24 12 11 16 45 87 106 110 108 105 103 102 103 104 103 99 94
0 34 79 85 80 56 42 52 52 32 332 310 311 308 314 342 0 0 1 7 5 351 342 353 351 324 317 322 317 308 308 310 306 300 298 103 115 113 112 113 118 123 119 110 104 104 106 108 107 107 109 112 114 116 117 115 113 113 114 111 101 92 89 84 66 36 22 31 39 358 319 318 329 353 42 59 56 43 33 29 23 29 48 77 94 103 107 106 102 97 94 92 90 86 79 70
0 44 76 81 75 47 44 54 40 8 321 303 300 295 294 312 342 350 355 6 11 2 352 359 354 327 319 323 320 311 309 309 305 294 272 130 123 119 116 114 117 125 129 121 113 112 115 115 111 106 105 105 104 104 102 98 97 101 103 101 86 70 56 44 25 17 25 41 33 350 330 333 344 359 33 51 48 36 27 30 32 46 75 98 106 106 105 104 98 90 81 73 67 61 58 55
0 33 63 68 63 42 46 53 31 356 318 301 300 294 287 288 299 312 329 359 18 14 358 358 349 325 314 314 311 305 303 303 296 286 125 110 109 107 107 105 107 114 126 123 117 114 115 115 109 103 100 99 94 84 73 76 85 90 91 88 73 56 43 37 29 27 39 39 10 348 343 345 353 6 31 45 41 26 20 35 49 67 89 103 111 109 104 97 85 73 60 53 51 51 52 53
0 3 46 53 49 33 28 33 17 356 331 305 301 299 294 293 289 277 266 274 28 26 1 350 336 317 309 306 302 298 300 303 303 315 58 84 90 92 95 95 97 104 118 121 118 114 112 109 104 99 97 91 77 57 50 60 70 74 73 64 51 47 48 55 58 60 54 16 347 345 347 349 359 15 36 43 35 23 25 58 81 99 106 110 114 110 104 91 74 58 40 39 43 47 50 51
0 321 31 45 43 28 16 22 12 356 344 314 300 297 294 294 292 281 271 267 303 12 353 335 315 302 300 300 296 293 297 303 310 338 53 75 83 89 93 96 97 103 114 118 115 109 104 103 103 99 90 73 58 46 50 61 68 67 58 44 44 52 67 75 69 63 38 342 332 341 347 352 5 23 38 42 35 35 64 90 100 108 109 112 114 109 97 81 62 43 27 35 44 49 51 48
180 282 8 44 43 27 15 24 13 355 348 321 300 290 288 287 288 285 277 275 285 323 332 313 298 290 287 285 283 284 291 299 309 354 63 79 88 93 98 101 102 106 111 113 111 108 108 110 109 102 85 67 57 54 65 73 67 50 36 37 48 46 43 43 38 42 15 327 325 335 345 354 11 29 39 39 36 50 80 93 97 97 98 96 92 83 67 48 36 26 24 44 55 56 54 47
180 253 270 53 49 31 20 31 17 348 343 325 302 290 286 284 286 293 287 284 290 314 316 306 297 291 286 280 277 278 283 291 302 15 79 89 95 97 99 102 103 104 106 109 111 114 118 119 113 99 87 77 66 57 58 59 43 25 27 40 43 20 14 22 28 37 3 325 327 333 341 354 17 34 39 36 39 57 78 89 91 89 82 72 58 46 35 25 22 19 26 45 53 54 52 47
180 238 232 160 65 41 31 37 16 342 335 325 311 304 297 289 291 305 305 298 297 314 320 317 302 290 287 286 281 278 277 280 285 71 94 97 98 98 98 99 99 98 100 104 108 111 112 112 107 95 82 67 51 40 38 33 19 15 33 44 31 7 8 23 38 40 350 325 331 335 338 355 21 34 35 35 44 59 69 74 74 69 58 47 40 34 25 19 20 22 25 31 39 45 49 49
180 235 232 225 101 54 27 25 4 338 328 317 314 319 326 311 298 307 316 315 313 313 313 317 306 295 290 287 280 274 271 270 268 104 100 101 100 99 97 96 92 89 90 97 105 106 102 100 93 76 57 46 33 23 21 21 18 29 51 49 24 6 16 43 62 46 331 321 332 336 334 354 24 34 33 37 47 56 61 61 56 47 40 39 40 34 25 19 20 21 19 22 33 44 49 50
180 234 237 236 221 22 349 356 351 339 328 312 309 323 349 337 304 301 314 324 324 308 300 302 300 292 284 276 269 265 263 260 253 111 97 97 96 96 94 92 85 81 82 87 92 94 88 76 57 41 37 40 31 17 18 29 53 76 77 62 33 24 50 73 76 34 317 317 332 336 331 353 24 31 33 40 47 52 55 54 42 32 33 41 42 32 22 18 17 18 17 20 33 46 51 52
180 232 236 235 236 291 320 338 346 339 332 316 306 320 358 0 318 301 305 321 326 302 286 279 276 272 270 266 264 263 260 256 251 104 86 86 88 88 86 81 76 76 78 77 75 69 57 42 31 30 40 43 33 28 47 79 87 81 70 62 61 76 92 82 62 359 318 318 333 337 334 353 17 25 32 41 47 48 50 44 27 22 35 43 39 26 17 14 14 14 18 23 35 48 53 53
180 231 235 236 247 286 312 332 346 336 334 324 307 316 357 8 338 311 306 317 326 304 287 283 281 277 273 270 268 265 261 259 260 66 82 84 86 86 83 77 75 77 77 73 68 60 48 40 35 37 45 45 35 44 68 86 83 69 55 49 57 66 78 56 24 346 321 321 335 339 338 353 7 17 31 42 46 46 46 35 22 29 43 44 34 23 16 16 14 14 20 26 35 47 52 53
180 237 242 245 256 279 297 321 343 331 331 329 312 312 348 7 351 323 312 318 329 314 293 282 274 268 265 265 263 261 260 261 263 206 93 92 91 88 84 80 80 80 76 70 65 58 51 50 50 54 58 55 52 63 75 78 79 69 58 46 43 40 33 14 358 341 323 323 333 336 338 352 1 14 34 43 46 44 42 32 27 41 42 32 26 22 17 17 18 17 24 30 37 48 52 51
180 252 257 260 265 273 282 301 333 327 322 326 312 306 328 358 358 335 319 320 328 325 303 282 267 261 261 261 259 258 258 258 255 189 105 99 95 88 81 79 79 78 74 69 64 60 58 61 68 71 67 56 57 71 75 62 51 42 37 32 30 25 13 0 353 341 326 325 329 329 332 347 0 16 37 45 46 42 38 32 32 37 25 18 24 23 20 20 21 21 26 31 40 49 50 49
180 268 276 282 283 283 284 293 318 327 319 317 316 316 327 355 5 350 329 319 323 327 317 299 289 281 274 268 262 258 255 253 246 187 108 99 94 86 79 77 76 73 70 67 59 52 54 56 57 57 51 42 44 52 40 22 22 24 22 15 9 8 4 358 353 340 330 330 330 326 327 341 1 20 37 43 44 39 34 31 29 25 13 14 25 27 22 22 24 25 28 32 41 48 48 50
180 275 287 298 299 297 295 297 310 329 328 325 330 330 335 0 14 8 342 320 318 320 321 307 295 290 285 277 266 257 254 252 248 205 103 93 88 81 80 80 76 70 66 63 52 42 44 46 43 38 34 31 30 31 14 0 6 17 15 5 1 358 357 357 354 342 333 334 333 328 325 335 2 26 37 40 40 35 31 29 24 18 11 16 27 29 24 24 25 27 30 36 44 50 49 51
180 273 281 295 301 304 305 306 313 330 332 326 331 332 340 9 24 22 357 326 318 317 322 317 297 287 282 271 258 252 255 256 257 248 87 81 76 76 80 79 73 66 63 57 44 33 40 48 46 38 31 25 11 10 3 354 2 14 13 3 357 354 355 357 355 346 338 335 333 328 324 328 3 33 38 38 37 33 30 28 22 16 13 18 28 29 25 24 25 28 32 37 43 49 50 51
270 270 274 284 296 304 309 311 317 327 328 320 322 325 342 23 36 32 9 333 321 316 320 320 300 282 269 252 246 249 256 258 260 265 71 72 68 70 72 68 61 58 56 49 36 29 42 53 52 39 27 14 357 358 356 350 359 12 14 5 357 352 353 355 354 350 344 339 335 332 329 328 3 34 34 33 34 32 30 28 21 16 15 19 25 27 25 25 26 30 36 38 41 44 47 48
0 277 275 274 276 277 278 278 284 295 305 307 301 290 294 71 57 38 14 338 322 317 314 311 297 281 274 265 262 262 264 264 263 269 50 65 64 64 61 55 52 50 48 41 30 31 47 55 53 38 19 6 351 351 350 349 357 6 9 7 359 351 351 351 351 351 349 344 339 337 338 340 1 23 25 27 30 31 29 25 20 16 16 18 22 25 25 25 27 35 40 42 45 47 45 46
0 276 267 254 240 227 222 221 223 232 241 243 229 210 196 172 136 37 6 338 320 316 314 310 291 280 280 288 287 277 274 275 278 284 0 59 63 62 57 54 52 47 41 36 29 34 45 50 48 34 13 1 349 345 345 347 353 0 7 8 0 351 350 349 347 349 350 347 343 342 346 349 0 12 19 23 26 27 25 22 18 17 18 18 21 23 25 27 31 37 41 43 46 50 49 46
180 246 235 226 217 210 209 211 215 219 217 209 200 195 194 191 193 215 273 313 315 313 317 320 301 283 277 282 287 287 285 286 290 297 338 54 63 62 58 55 52 45 37 35 34 38 43 47 45 31 12 2 348 341 343 347 351 356 0 4 359 351 350 348 345 346 348 348 346 348 350 351 0 9 15 20 23 24 21 19 18 19 19 18 21 24 25 28 34 39 40 41 44 47 47 44
180 222 217 215 211 208 209 213 218 218 212 205 199 197 196 195 200 213 228 251 283 295 309 319 309 290 277 272 271 277 278 281 284 288 311 51 63 61 55 51 48 39 31 34 38 40 42 46 44 31 13 3 346 338 343 347 353 355 353 356 355 352 353 350 345 344 346 346 346 351 354 353 0 8 12 17 20 22 19 18 18 19 19 18 22 25 26 30 36 39 41 42 43 45 42 39
180 218 216 215 213 212 212 215 218 216 209 206 203 202 201 199 204 212 218 224 232 245 265 291 308 304 297 291 287 282 276 270 262 251 257 45 62 59 52 47 43 34 27 31 37 40 41 42 42 33 16 359 342 337 341 346 353 354 350 352 352 352 354 352 346 344 346 345 346 352 355 356 2 8 10 14 17 19 18 17 18 20 20 21 25 27 27 31 37 41 42 42 43 44 42 41
180 218 216 215 214 214 214 214 216 213 207 206 206 206 205 203 207 211 213 216 217 220 228 245 275 294 305 302 301 294 276 255 237 226 233 243 64 59 50 44 39 30 23 29 36 39 36 33 36 35 20 354 339 336 339 344 350 352 351 351 351 352 352 350 346 345 348 346 345 350 356 358 3 8 10 12 15 17 18 18 19 21 23 24 29 31 30 33 38 41 43 42 41 43 43 44
180 215 214 215 216 216 213 213 215 213 208 208 209 208 207 206 208 209 208 211 212 214 218 223 236 250 261 267 265 257 240 230 225 224 227 227 164 66 51 40 34 29 23 27 36 37 32 26 30 30 15 355 344 338 337 340 345 350 353 353 351 351 350 349 347 347 349 347 346 351 356 359 3 7 9 11 14 16 19 20 21 23 25 26 30 33 31 33 39 42 43 42 40 42 44 47
180 221 217 217 218 217 215 216 218 215 210 211 213 210 208 208 210 210 207 208 210 213 215 217 223 226 224 224 224 220 214 217 223 225 226 226 221 105 47 33 28 27 25 28 36 36 28 22 25 23 9 0 353 343 340 342 344 349 352 352 352 351 349 348 347 348 349 348 349 353 356 359 2 5 8 11 13 15 18 20 21 25 25 26 30 32 31 33 38 43 44 43 39 41 47 52
180 218 216 218 221 223 221 222 223 219 215 215 216 213 210 211 213 212 209 207 210 214 215 215 218 218 215 214 216 219 218 218 221 225 226 227 230 229 28 24 21 24 26 27 32 31 24 17 19 17 6 3 358 348 345 346 348 349 348 349 350 349 348 348 349 349 347 348 352 355 356 359 2 4 7 10 12 15 18 20 22 26 26 27 31 32 32 34 39 43 44 41 38 44 55 62
180 218 214 217 226 229 227 226 226 223 220 218 219 216 213 213 214 214 212 209 210 214 215 214 216 216 215 214 218 224 223 220 222 224 225 224 227 229 231 312 0 15 23 25 28 26 19 12 12 12 5 4 359 351 350 350 351 349 348 348 347 347 346 348 351 351 349 349 353 355 356 359 1 4 8 10 12 16 19 21 23 28 28 28 32 31 32 35 38 42 42 40 42 55 69 75
270 221 220 222 231 233 227 224 223 222 221 219 219 219 215 213 212 214 215 213 211 213 213 213 214 216 216 217 220 222 219 217 217 219 220 221 223 225 228 237 280 346 17 23 26 24 17 9 6 8 7 3 357 353 353 353 353 350 348 348 347 345 346 348 352 353 352 350 354 354 354 359 2 5 8 10 13 18 22 23 24 28 29 29 31 30 30 34 38 43 47 49 56 70 79 83
270 221 222 230 236 234 224 220 218 219 219 218 220 221 216 211 212 214 215 213 211 210 211 210 214 217 218 219 221 222 219 217 219 218 217 218 222 226 230 233 239 257 336 17 24 23 16 8 3 4 6 2 357 355 355 355 354 350 347 347 346 344 345 347 350 354 355 353 354 355 355 359 3 5 8 11 14 20 24 25 24 27 28 28 29 29 33 40 48 56 65 74 82 86 86 87
270 0 225 244 248 242 223 211 214 220 221 219 222 225 219 212 215 216 216 215 213 211 210 209 213 219 221 222 223 224 223 219 219 220 218 217 223 230 234 232 228 230 232 277 12 18 11 3 1 2 4 1 358 358 358 357 356 352 347 345 344 343 345 347 350 353 355 354 356 358 357 358 2 5 7 11 16 22 26 27 24 24 26 26 29 35 46 58 69 78 83 90 96 99 97 94
270 0 0 234 233 221 206 201 206 216 222 223 228 229 222 217 218 217 217 219 218 216 213 209 214 222 224 223 224 225 225 222 219 218 214 213 225 232 230 225 223 224 221 221 232 333 353 353 356 1 2 1 0 0 0 359 357 354 348 345 343 343 344 347 350 352 353 354 356 0 358 357 1 6 8 13 19 24 27 29 25 22 22 27 37 51 66 78 85 89 91 93 96 99 99 97
270 45 0 225 221 209 193 191 202 213 219 221 224 224 220 218 217 219 221 221 220 218 215 211 216 225 225 223 224 225 225 222 217 214 211 210 225 236 233 226 222 220 216 215 220 232 267 313 337 353 357 0 2 3 2 0 358 354 349 345 344 343 343 346 350 351 352 354 357 357 357 359 2 6 10 16 21 23 26 28 26 21 23 37 57 72 81 87 91 94 95 95 94 93 91 88
0 54 0 0 225 180 219 214 208 223 228 222 220 220 218 216 213 216 220 217 217 218 216 217 223 229 228 225 224 225 225 222 216 208 206 208 220 233 235 233 225 217 211 212 217 223 228 237 252 283 324 344 357 3 3 1 358 354 348 345 345 344 342 345 348 350 352 355 356 355 356 0 5 9 14 18 21 23 27 30 29 26 37 64 80 87 89 91 95 96 97 96 94 90 84 79
90 45 43 45 0 0 0 270 231 242 240 226 221 222 223 219 212 213 216 213 215 216 217 223 228 230 227 224 223 224 223 219 214 207 202 205 214 221 221 217 214 209 209 211 215 221 224 228 232 238 259 295 334 356 1 359 356 353 348 346 347 345 342 344 346 348 351 354 354 353 356 3 8 12 16 20 23 27 32 39 45 53 75 91 95 95 94 95 97 98 97 96 94 88 82 76
0 51 52 51 0 0 0 0 225 240 242 225 222 228 229 224 218 217 217 215 213 215 218 224 225 224 223 220 220 223 221 215 211 209 203 204 212 215 214 212 212 209 209 212 215 222 228 234 238 245 258 273 295 333 351 353 352 350 347 347 349 347 345 345 346 347 348 350 351 352 357 4 11 15 17 21 26 32 42 54 68 82 94 97 98 96 95 92 91 90 91 91 91 90 88 82
45 66 55 339 343 9 33 45 270 255 255 245 231 237 240 238 235 231 226 220 215 216 219 223 222 221 221 217 218 222 219 212 210 212 206 201 210 213 215 219 220 214 211 215 217 224 231 236 239 240 245 250 255 273 310 335 341 344 341 342 347 349 348 347 347 347 345 344 345 348 356 5 14 19 20 27 35 40 51 63 72 79 85 87 88 86 82 78 76 77 79 81 85 87 88 83
90 62 56 341 328 17 53 65 45 264 266 262 239 250 258 264 267 262 239 226 220 222 224 222 221 220 221 218 217 219 218 212 210 213 208 199 205 212 216 224 226 221 216 219 220 225 230 232 231 230 232 235 235 242 256 281 306 323 327 331 342 350 351 349 349 346 341 339 340 344 354 7 19 25 28 36 42 47 55 62 66 70 74 75 74 71 67 68 71 75 78 78 77 76 73 68
45 51 49 17 275 132 101 105 90 287 295 310 352 292 267 264 263 262 249 233 224 226 227 225 224 223 223 222 217 215 214 211 209 210 208 201 203 214 222 229 231 229 226 226 225 226 230 230 227 226 230 232 232 235 236 239 252 273 292 304 323 342 349 350 350 345 338 335 335 339 351 8 24 32 36 42 46 51 59 64 67 68 68 68 68 67 68 73 79 83 84 80 73 64 56 52
45 45 42 33 28 89 103 116 135 285 289 303 353 317 279 265 258 247 232 229 227 228 228 231 236 235 229 225 217 210 209 209 207 206 206 203 203 213 225 236 239 232 222 220 222 225 229 228 226 227 231 233 232 229 226 226 231 235 246 256 269 300 329 343 350 346 337 332 331 335 348 9 30 39 42 47 52 58 65 70 70 68 67 69 73 78 83 86 87 85 81 72 60 50 46 50
45 41 41 39 47 66 80 58 34 297 269 253 227 259 273 264 254 235 220 220 223 226 232 242 250 248 238 229 217 207 204 205 204 205 209 205 202 207 218 228 227 221 215 214 219 223 227 227 228 232 236 236 231 223 219 220 224 226 232 238 242 255 282 315 339 343 336 330 326 330 344 12 39 48 52 56 62 67 71 74 76 77 79 81 85 88 91 90 85 77 65 52 45 43 48 62
