wepppy/_scripts/Test_Watershed_15/dem/topaz/TASPEC.ARC
ncols   179
nrows   167
xllcorner  746128
yllcorner 4319283
cellsize   30.00
nodata_value    -1.0
[rows 0 to 52 of 167, columns 0 to 95 of 179]
315 90 90 0 270 270 270 270 270 270 270 270 270 270 270 270 270 270 270 270 270 270 270 270 180 180 270 225 135 135 135 135 90 135 135 135 135 135 135 135 135 135 135 135 135 135 135 135 180 90 90 90 90 90 90 135 90 90 0 0 135 90 0 90 90 0 270 135 90 0 90 90 90 90 0 270 0 270 90 90 90 0 0 270 270 270 270 270 270 270 270 270 270 270 270 270
0 26 25 359 344 327 311 309 310 309 307 307 307 306 310 323 320 315 316 322 338 7 30 122 148 211 229 193 142 130 126 124 122 117 109 110 115 118 119 122 125 126 125 129 135 136 134 136 140 135 122 86 65 60 59 56 55 54 54 341 0 77 79 68 69 0 56 76 353 343 11 54 55 12 348 0 5 350 28 39 0 339 325 316 316 322 320 314 314 321 328 318 320 326 325 325
45 24 8 353 353 328 306 308 310 311 308 305 304 303 309 318 314 313 314 321 351 53 81 105 128 186 207 182 147 132 127 128 130 122 114 112 115 117 118 119 122 124 126 130 134 136 133 132 129 125 111 79 78 77 66 45 48 41 39 30 59 90 85 72 55 23 40 14 344 284 180 90 58 351 339 351 3 16 28 353 331 327 324 318 317 322 321 314 313 324 325 307 309 315 319 317
45 20 353 347 357 325 305 305 308 310 308 302 300 302 311 314 314 314 313 323 44 85 84 76 81 123 179 173 151 132 124 126 130 127 121 118 118 119 121 124 128 129 129 131 133 134 133 130 124 131 155 147 133 125 122 108 87 52 37 45 72 94 95 66 41 35 22 354 0 45 0 29 22 348 347 326 347 29 8 324 320 322 322 319 318 323 324 318 319 332 320 302 298 300 311 315
45 354 327 338 349 318 306 304 305 308 307 300 297 302 309 311 315 315 316 37 121 118 102 80 78 87 117 143 143 128 121 123 127 128 124 121 120 120 122 127 132 132 132 134 135 132 129 115 104 104 128 136 125 115 125 149 128 63 41 62 68 69 68 18 9 27 7 354 5 12 0 3 6 0 3 339 356 6 330 319 317 320 320 316 317 322 325 324 328 335 318 310 309 305 307 312
45 340 325 334 330 313 307 307 308 312 312 307 305 309 310 310 314 318 2 124 137 150 149 123 116 111 108 113 121 120 121 123 127 128 124 121 120 119 119 123 130 132 133 137 139 141 140 140 135 122 118 117 119 105 108 121 0 351 56 74 68 65 42 351 350 17 5 355 3 5 5 5 355 0 11 357 347 328 320 318 318 320 319 315 315 320 327 331 339 333 318 323 319 307 307 315
0 331 327 329 319 312 309 310 313 316 316 316 317 315 312 311 314 336 118 126 139 168 169 144 137 136 131 123 117 116 119 121 125 127 125 122 122 121 121 124 131 133 132 136 144 155 158 160 155 147 147 156 162 117 72 20 354 342 41 65 57 36 24 356 351 9 356 345 354 0 6 10 356 358 11 5 333 318 316 317 317 320 319 315 315 319 329 342 348 330 319 328 319 308 308 318
0 325 330 330 324 317 314 314 316 317 318 319 319 317 315 314 327 120 126 128 143 176 168 147 142 146 144 136 124 118 118 118 121 125 125 123 124 124 124 125 128 130 129 128 135 140 136 136 132 131 141 166 143 60 18 12 6 355 29 43 33 13 10 2 3 4 356 339 347 347 356 0 3 12 2 344 322 312 311 312 313 316 318 315 315 320 333 350 349 326 322 328 317 309 310 324
0 322 329 327 322 318 317 317 318 319 321 321 320 319 318 329 103 125 130 132 151 176 164 148 145 146 144 133 120 117 117 116 117 121 122 123 124 126 127 126 126 125 120 106 96 80 69 65 80 86 63 329 0 18 7 344 355 9 22 31 15 358 4 5 7 11 2 339 332 337 345 338 5 27 351 325 316 311 308 308 308 314 318 316 319 324 336 351 342 326 327 331 322 313 315 347
0 315 320 319 318 318 318 318 318 320 322 322 319 318 324 69 111 121 126 127 139 160 160 150 146 145 129 101 102 108 112 112 113 117 119 120 122 125 128 128 125 124 111 89 65 52 52 59 73 75 6 322 352 38 7 320 352 21 24 22 15 357 351 354 356 9 13 4 342 326 331 318 10 35 333 314 312 314 308 304 305 314 317 317 324 329 337 345 332 325 329 334 330 323 329 2
0 316 318 318 317 317 318 316 315 319 322 320 316 315 37 112 114 112 104 67 66 91 128 139 140 131 4 81 96 103 107 107 109 112 115 115 115 116 121 122 114 98 43 38 40 39 46 66 82 75 337 307 336 54 342 313 352 37 38 21 20 23 307 302 324 358 20 26 348 319 323 299 5 349 323 315 316 320 311 303 304 313 314 318 329 329 335 334 325 324 328 336 339 338 348 358
0 320 319 318 316 317 318 316 314 318 322 320 313 259 133 125 116 94 28 16 43 57 65 77 53 310 19 96 102 105 107 107 108 110 112 113 110 110 114 119 115 106 99 88 78 68 67 78 84 84 270 256 225 56 313 313 0 38 45 21 18 32 0 265 260 285 40 50 342 317 334 351 342 321 317 315 319 323 314 305 305 309 311 324 334 325 330 326 323 323 328 341 350 349 354 3
0 322 320 318 316 317 319 317 316 320 327 328 225 141 136 127 101 21 358 18 53 64 64 59 355 308 102 107 109 110 110 109 108 108 111 113 112 112 116 125 125 138 157 160 157 154 143 126 107 99 0 238 270 317 317 335 6 42 47 7 5 27 19 346 267 255 318 31 344 316 339 351 321 314 314 315 320 322 313 306 305 303 308 330 330 322 324 322 322 324 334 350 350 351 5 34
0 323 322 321 318 317 319 317 317 322 334 46 121 130 128 103 6 346 3 50 73 76 71 46 347 0 88 104 108 111 111 110 108 109 111 113 114 117 124 136 131 128 137 151 161 165 161 143 117 54 41 0 279 288 321 0 9 45 58 354 340 12 15 21 353 283 296 349 338 308 327 327 318 315 317 319 321 317 311 311 309 305 312 332 322 318 320 322 322 328 344 350 350 3 36 62
0 323 322 322 320 319 319 317 317 325 48 114 114 97 50 20 342 339 57 88 84 71 52 15 352 32 80 97 104 110 114 114 113 113 114 114 115 119 132 150 137 132 134 124 127 151 143 97 27 0 45 58 272 273 292 4 25 45 65 26 277 324 353 22 18 330 287 307 329 310 315 320 317 315 319 322 319 313 312 316 314 311 319 327 318 316 318 321 323 334 346 347 0 41 67 72
0 325 323 322 320 320 320 318 322 35 119 116 93 18 16 11 347 29 85 80 65 45 29 5 5 66 91 100 104 109 115 119 118 118 118 116 115 121 140 163 146 135 135 125 102 68 8 14 342 348 47 54 270 260 259 306 48 62 77 79 249 260 292 10 24 8 296 292 317 314 314 319 318 316 319 325 319 312 315 318 317 316 321 324 317 315 318 322 326 336 344 355 43 76 83 94
0 331 328 324 322 321 322 321 5 125 113 64 13 0 23 34 28 51 61 55 53 43 34 33 96 109 110 111 112 113 116 119 119 120 121 118 116 119 137 164 145 132 128 95 72 8 353 0 338 45 90 95 243 243 242 227 139 98 82 54 323 255 257 286 31 47 292 288 313 311 313 320 323 318 319 323 316 312 315 316 321 320 321 320 317 315 320 325 331 338 353 48 89 99 108 117
0 334 332 328 325 325 327 18 132 119 33 5 10 21 31 29 28 37 48 67 84 100 125 141 141 128 120 118 116 115 117 118 118 119 121 119 117 115 117 135 120 77 45 23 16 0 0 14 349 114 114 135 315 252 239 219 180 146 68 27 18 284 258 254 166 77 294 299 309 308 311 320 326 320 319 319 314 313 313 315 325 321 317 316 316 316 322 330 336 347 47 95 110 120 126 128
0 333 334 332 330 333 359 56 63 36 338 349 47 39 5 6 15 28 48 72 93 115 132 140 144 135 124 120 118 116 118 119 118 118 120 120 116 108 77 16 14 13 14 8 2 5 19 59 101 94 81 0 329 292 252 216 188 201 255 7 48 329 276 260 207 0 305 307 307 306 310 321 327 322 317 315 316 319 317 320 325 317 311 312 315 319 324 332 346 33 96 110 122 128 131 132
0 331 335 336 338 346 6 20 25 19 355 10 44 5 347 354 8 31 53 71 92 114 127 134 142 141 132 125 122 119 119 121 119 118 120 121 117 112 68 11 0 7 11 0 13 54 85 84 23 43 49 9 343 339 321 315 108 266 275 6 56 34 266 246 264 306 305 306 304 304 309 320 325 322 314 311 318 320 317 320 322 312 306 307 312 319 325 339 66 115 117 121 126 128 131 133
0 329 336 342 353 340 339 3 22 25 19 17 12 347 339 346 12 53 77 93 107 116 124 129 135 139 136 131 127 123 121 122 123 122 124 125 128 140 159 207 288 11 11 0 52 90 94 50 356 17 42 33 340 337 355 7 41 285 279 0 55 63 243 251 292 303 302 303 303 304 309 318 325 322 311 309 317 320 315 320 322 314 306 304 308 316 333 129 138 133 128 129 129 128 128 131
0 329 342 32 52 282 277 308 32 40 29 12 359 345 341 351 47 90 103 111 114 116 122 126 127 132 134 132 128 125 123 123 125 127 131 131 135 140 315 315 318 350 6 18 75 71 45 0 326 41 77 81 292 308 329 90 100 251 235 189 185 96 326 294 305 304 302 303 306 307 309 316 324 319 309 311 321 322 319 321 323 319 313 312 316 334 113 138 140 132 129 132 132 129 126 127
0 352 37 49 26 276 236 231 187 77 32 7 3 347 340 98 120 113 111 113 114 115 120 126 127 127 130 131 129 124 123 123 124 123 121 115 106 337 338 328 321 346 15 49 79 75 75 79 231 135 102 67 318 322 18 58 51 234 198 191 207 196 315 309 308 303 302 304 307 309 309 315 320 313 309 315 324 324 319 319 323 323 320 321 330 47 99 121 130 125 124 127 131 130 128 127
0 16 18 20 20 40 170 216 205 175 341 350 52 144 160 146 136 121 113 112 111 111 115 123 127 127 127 130 129 123 119 118 117 104 83 64 4 338 338 340 321 336 49 82 81 58 72 84 198 120 99 336 329 343 90 111 129 180 162 207 230 264 299 309 306 302 301 302 307 309 310 314 317 312 312 320 326 325 317 316 322 325 323 327 354 55 80 99 116 119 117 118 123 126 129 129
0 13 12 18 24 42 67 183 210 206 208 185 143 148 152 145 139 127 117 112 110 109 111 118 125 126 125 127 128 122 113 107 101 92 77 48 10 342 345 356 329 351 90 99 100 68 63 58 27 76 45 288 262 157 126 121 117 72 315 297 256 283 294 303 301 300 300 302 307 313 314 315 316 313 316 323 327 322 315 315 320 324 327 336 11 59 79 92 106 112 111 110 112 114 119 121
0 12 14 20 29 47 62 78 202 199 193 179 146 139 142 143 142 135 125 115 109 108 109 113 119 121 120 121 124 121 113 103 93 88 74 40 16 357 350 0 355 45 90 96 100 0 61 63 52 61 8 309 180 135 113 108 45 45 338 351 318 292 298 300 299 300 301 302 306 315 317 315 315 314 318 324 325 319 315 315 319 324 331 345 27 65 80 88 96 103 106 106 105 104 103 106
0 14 18 24 37 56 67 68 102 169 177 169 140 133 138 141 142 140 131 115 104 101 102 105 108 110 108 109 111 116 117 110 98 84 73 69 66 349 346 39 90 117 97 86 23 349 34 45 45 33 5 24 85 113 124 117 45 342 319 338 321 299 301 300 301 303 303 301 304 314 316 313 313 314 319 324 321 318 316 316 319 322 332 352 33 59 69 76 83 89 95 99 104 104 101 99
0 15 20 28 44 61 65 60 59 77 125 140 134 131 133 136 139 138 131 111 93 87 88 92 96 98 96 96 100 109 121 126 114 97 86 95 128 188 193 152 153 159 127 80 354 333 37 12 0 8 20 43 66 68 16 354 18 0 304 321 311 304 302 302 304 306 305 302 304 311 315 312 311 313 320 320 318 319 320 320 319 322 331 5 51 66 71 76 80 83 87 90 95 98 98 97
0 15 22 35 49 58 57 53 55 74 110 127 130 128 125 124 126 125 122 106 88 78 76 79 84 87 89 92 97 104 118 133 126 103 85 82 96 175 180 161 156 315 353 3 344 358 9 334 339 8 38 58 79 76 349 339 32 27 287 303 308 305 303 302 305 307 306 305 307 311 315 313 313 315 319 315 317 321 324 320 318 322 338 43 84 91 89 87 87 87 88 87 86 86 86 86
0 16 30 44 52 55 56 62 78 110 130 132 130 124 115 108 102 95 99 103 97 85 79 77 75 77 84 91 94 97 103 120 115 105 98 93 81 56 56 342 342 347 340 341 346 4 350 329 338 30 67 85 95 98 207 262 56 40 302 299 301 301 300 300 304 307 307 307 310 314 317 317 317 319 317 314 316 323 323 318 319 327 8 80 98 103 103 100 97 95 92 90 87 85 82 80
0 21 41 51 55 61 70 82 97 117 131 132 130 122 109 94 72 69 84 98 104 98 89 85 80 80 86 90 89 87 86 97 115 130 125 120 58 39 18 328 336 336 322 326 344 359 339 323 343 91 104 109 90 56 0 302 354 15 315 300 296 297 298 300 305 308 308 308 311 315 319 320 321 319 315 314 318 323 320 318 321 342 70 98 106 111 112 108 105 103 99 94 91 89 87 85
0 27 49 62 72 84 90 94 100 109 118 123 123 115 102 78 61 71 88 101 114 111 99 92 89 87 89 89 88 86 83 91 119 128 129 149 315 56 10 304 344 300 299 314 343 349 324 316 103 112 117 116 95 63 0 301 335 358 314 304 299 301 301 301 304 307 307 305 307 312 318 321 320 318 315 316 321 321 319 318 327 53 104 113 116 117 116 110 106 105 102 97 95 96 96 95
0 44 65 76 85 93 96 97 98 100 103 109 113 110 100 86 79 84 91 98 111 112 102 95 93 89 88 88 88 88 86 87 103 108 104 291 309 94 315 250 135 286 295 316 352 343 296 156 123 120 121 106 74 63 342 286 317 334 308 302 300 302 304 303 303 306 306 304 304 308 316 319 318 320 321 321 321 320 320 321 2 97 113 118 118 119 118 113 107 104 101 99 98 100 105 106
135 97 96 90 88 86 88 89 89 88 91 99 110 116 121 130 119 99 90 89 96 105 104 100 100 97 90 84 81 82 85 88 97 87 22 327 348 41 50 169 180 280 287 308 7 50 165 146 132 125 111 61 45 36 344 288 305 316 306 302 301 302 305 305 303 305 308 305 303 307 314 315 316 322 326 322 317 319 324 335 69 101 111 114 113 115 118 118 117 118 116 112 110 112 115 115
135 123 121 115 109 97 88 83 80 78 84 93 108 124 138 151 151 131 105 96 100 112 111 104 101 99 90 82 80 81 84 85 88 57 7 345 16 57 54 32 63 260 260 264 96 109 133 136 128 116 34 33 40 31 339 298 309 310 304 303 301 302 305 303 299 303 307 304 303 308 312 311 313 320 317 311 310 317 329 12 83 99 105 108 109 112 115 117 121 127 134 131 126 127 129 129
135 140 137 137 138 133 117 102 92 87 89 95 111 131 145 157 163 157 133 115 110 117 118 108 99 93 87 85 85 81 62 44 39 34 26 7 30 77 52 34 53 241 239 232 194 114 102 104 98 51 4 33 41 18 331 302 308 306 304 304 302 304 307 302 298 302 306 304 305 309 309 309 312 310 294 296 299 309 333 51 86 96 101 106 109 112 114 115 115 120 129 130 128 129 135 138
135 147 143 142 146 149 143 131 122 115 110 112 123 138 149 157 165 167 151 127 115 116 122 114 103 94 91 89 87 79 41 13 11 23 40 44 17 41 32 72 94 246 242 226 208 134 87 72 58 28 18 45 36 3 322 308 307 305 307 307 307 312 314 306 301 305 306 306 306 306 306 308 317 291 287 287 287 294 328 70 85 91 96 102 108 112 115 112 101 91 88 93 99 106 117 129
135 146 145 142 144 149 150 144 140 135 127 124 129 140 150 155 163 171 162 138 117 113 119 119 114 107 105 99 95 89 36 357 18 47 65 74 72 45 45 54 54 315 265 232 216 185 105 69 53 35 32 23 7 336 317 311 305 304 307 308 310 318 319 309 305 306 308 309 306 304 306 320 324 295 296 290 284 285 320 71 80 82 85 90 93 96 94 84 74 71 71 73 78 83 90 100
135 145 148 147 147 150 151 149 146 141 134 127 127 136 148 152 157 169 170 150 122 111 114 122 123 120 118 110 103 97 73 235 139 118 116 120 243 0 60 61 30 322 301 263 237 246 349 62 55 30 16 0 351 327 312 307 302 302 305 306 309 317 315 309 305 304 308 311 306 304 313 352 316 307 307 302 296 294 330 77 79 77 75 73 71 68 63 62 72 84 89 89 88 88 88 87
135 141 150 151 151 152 152 151 149 145 136 126 123 130 142 149 149 162 171 158 130 114 110 116 123 128 125 115 104 99 143 166 150 135 130 123 4 6 66 90 82 304 309 321 302 304 327 44 53 14 357 356 353 322 309 304 301 301 304 306 309 314 312 310 305 303 309 310 305 306 337 340 318 314 313 310 303 283 159 122 102 89 80 74 70 69 71 80 92 98 100 99 97 95 94 93
135 137 146 154 157 156 156 156 154 149 135 122 119 124 135 145 143 153 167 159 136 118 107 107 115 125 127 121 113 120 146 155 144 132 130 336 17 31 86 79 34 286 309 322 309 308 334 37 37 353 350 4 353 317 309 306 304 302 303 306 312 313 313 312 307 307 312 310 307 319 345 322 319 318 317 311 272 174 158 149 134 118 108 103 99 99 103 107 107 105 104 104 103 100 100 102
135 138 144 154 158 158 158 162 164 157 135 120 116 119 127 134 134 142 161 155 137 122 111 103 103 106 109 112 115 127 141 144 132 104 8 305 51 42 68 63 7 300 311 319 312 314 341 28 19 344 351 12 341 313 309 308 306 304 304 308 312 311 314 314 310 311 311 309 311 337 323 315 317 319 318 259 159 153 154 153 146 136 129 125 121 117 117 119 117 113 111 110 109 107 109 113
135 137 141 150 156 157 161 169 175 166 143 125 116 116 121 130 134 143 162 152 136 129 118 106 99 101 112 120 120 127 132 125 68 40 15 345 8 27 52 43 349 315 308 308 308 313 344 19 6 343 355 6 330 312 309 310 308 306 306 310 312 311 314 315 314 312 310 310 328 335 310 310 313 316 162 154 148 146 149 150 147 141 135 131 126 121 119 121 122 121 119 116 114 113 115 120
135 134 137 145 152 155 162 175 183 172 149 130 116 110 108 113 120 135 159 152 135 130 127 117 113 119 132 136 131 130 123 51 18 45 32 347 11 45 51 39 4 303 290 294 298 307 339 6 356 348 358 349 325 313 311 311 310 308 310 314 314 312 314 317 316 310 310 320 346 322 311 311 312 141 144 149 147 145 145 147 147 143 139 135 131 124 120 120 122 123 122 122 121 120 121 125
135 130 133 139 145 149 159 181 191 175 147 125 112 103 91 86 91 109 143 152 137 128 126 119 115 117 125 132 129 123 70 31 72 97 68 320 42 48 36 33 32 309 291 295 298 307 333 352 353 351 349 338 322 314 313 313 312 310 312 315 315 313 314 318 315 310 313 336 333 316 312 312 142 140 142 147 147 145 145 147 147 145 141 139 136 129 123 122 122 122 122 124 126 126 125 127
135 126 128 133 138 142 153 186 201 184 143 121 117 123 121 100 91 95 119 143 138 123 109 100 100 100 104 108 106 75 351 32 73 62 0 337 36 27 16 35 47 315 292 295 300 309 325 345 351 345 337 331 323 317 316 316 315 312 313 315 314 314 316 319 314 310 320 333 315 309 301 149 141 139 140 143 144 144 145 147 148 146 143 142 141 136 129 126 124 123 122 124 128 130 127 126
135 123 125 128 135 140 148 180 198 193 161 125 120 132 136 125 108 101 108 123 137 133 106 92 90 91 90 90 88 72 304 25 43 37 347 337 30 29 12 21 36 311 286 287 293 302 318 342 346 333 326 326 322 319 317 318 317 314 313 314 314 315 319 320 315 313 330 306 298 286 156 140 140 139 138 141 142 141 143 146 149 148 145 146 146 141 134 131 128 125 123 124 127 130 126 123
135 117 120 124 130 136 146 170 188 192 172 130 113 110 114 122 116 109 105 110 130 153 142 119 104 98 92 87 77 56 315 39 32 29 353 342 38 35 12 9 19 308 283 283 290 297 312 336 337 326 321 322 321 317 316 319 319 315 312 312 314 316 318 320 322 336 314 289 276 178 139 139 142 142 138 138 139 139 141 145 150 149 147 149 149 143 136 132 130 126 122 122 125 127 126 124
90 102 106 115 125 131 141 154 173 188 180 134 106 91 91 100 102 101 95 98 112 143 148 128 112 96 82 64 58 44 350 24 13 16 0 3 45 14 351 348 357 318 289 288 294 300 314 330 331 324 320 321 321 317 316 318 317 313 310 311 314 316 317 323 353 55 272 257 208 150 138 138 140 141 139 134 130 130 134 141 148 150 149 152 155 146 135 129 128 125 120 119 123 124 123 110
90 88 91 100 119 129 136 143 148 163 176 151 105 78 69 69 66 75 86 98 105 119 127 99 60 42 42 42 45 43 22 15 0 9 20 18 5 351 346 341 347 329 300 295 297 303 314 324 327 322 318 320 320 317 315 316 315 311 309 311 314 315 318 339 59 83 204 197 169 148 139 137 138 140 141 134 117 111 114 123 135 142 145 152 160 153 134 123 120 118 116 117 120 116 89 352
90 93 90 94 109 127 136 142 133 136 159 156 116 49 31 45 60 77 90 97 96 95 88 51 12 14 27 40 47 46 39 20 11 349 339 353 3 6 351 330 335 326 306 299 299 303 309 318 323 318 314 315 316 314 313 315 313 310 308 310 312 314 323 55 90 97 134 152 150 145 144 144 141 140 148 151 128 108 98 96 101 111 119 133 156 160 140 123 117 115 115 114 110 70 0 338
90 101 93 93 100 122 134 132 124 97 67 70 321 344 17 62 84 90 88 76 63 50 45 26 335 357 30 50 56 52 47 31 17 328 325 349 11 19 359 320 319 317 306 302 303 305 307 314 319 314 311 311 311 309 311 313 312 311 309 308 309 311 39 111 121 127 129 132 135 138 145 149 148 144 152 163 149 129 113 99 90 86 91 103 132 157 152 138 127 122 118 107 59 359 343 336
135 116 99 94 94 113 134 129 128 323 23 47 332 304 3 80 84 76 63 48 38 32 41 42 343 232 115 81 76 67 56 17 355 337 321 346 27 24 0 327 317 313 308 304 305 307 304 309 314 310 309 309 309 308 310 311 311 311 309 308 307 319 106 117 133 141 139 133 126 126 133 143 149 147 151 161 157 145 136 126 115 105 97 95 106 133 149 147 134 127 118 56 356 348 339 336
