wepppy/_scripts/Test_Watershed_15/dem/topaz/UPAREA.ARC
ncols   179
nrows   167
xllcorner  746128
yllcorner 4319283
cellsize   30.00
nodata_value    -1.0
[rows 70 to 139 of 167, columns 0 to 95 of 179]
5 4 3 2 1 0 0 0 0 0 1 2 0 0 1 7 21 22 23 1601 40 51 3 44 8 8 1 2 77 58 0 14 3 9 18 6 6 5 4 4 1 0 8 2 2 1 0 0 1 2 4 1 1 2 2 3 3 3 8 0 1 2 0 0 1 18 864 1 0 0 1 0 1 2 3 4 306 1 0 0 3 4 2 2 0 21 2 0 4 4 0 4 4 4 13 2707
273 4 3 2 1 0 0 1 1 0 0 1 3 5 6 7 1585 1587 1600 39 13 36 2 43 7 7 0 1 2 73 57 7 5 2 8 17 5 5 4 3 3 0 1 5 1 1 0 0 0 1 2 8 13 0 3 3 4 4 0 9 0 0 4 1 2 859 1 1 0 0 0 1 2 3 4 5 287 11 0 0 1 3 1 1 16 3 1 0 2 3 3 3 3 3 3 2706
267 3 2 1 0 0 7 3 0 0 0 0 2 3 4 1576 0 11 13 24 12 35 1 42 6 3 2 0 1 72 47 8 6 4 1 7 16 4 4 3 2 2 0 1 2 0 0 0 0 1 2 3 4 14 16 21 26 193 202 204 215 217 218 224 837 15 1 0 0 0 1 2 3 4 5 262 19 3 10 0 0 2 0 0 15 2 0 1 2 2 2 2 2 2 1 2699
262 2 1 0 0 8 2 1 0 0 1 3 5 6 17 1552 10 12 16 6 11 20 13 0 41 5 2 1 0 71 29 16 7 5 3 0 6 15 3 3 2 1 1 0 0 0 0 1 3 4 5 6 7 48 153 158 160 2 3 6 9 15 16 315 295 12 1 0 0 0 1 2 3 4 5 249 14 3 2 8 1 0 0 1 12 1 0 1 1 1 1 1 1 0 16 2677
258 3 2 1 9 3 0 0 0 0 1 2 6 9 12 1538 9 11 15 5 10 10 8 12 29 10 4 1 0 70 26 1 15 6 4 2 1 3 14 2 2 1 0 0 0 1 0 1 22 23 24 25 34 103 3 0 1 2 1 1 4 0 1 295 294 5 5 0 0 2 3 4 12 13 14 233 9 3 2 1 5 0 0 7 3 0 0 0 0 0 0 0 0 15 2667 7
62 190 18 17 6 1 0 1 0 2 0 2 1 11 10 1526 8 10 14 4 9 9 7 11 7 20 9 3 0 69 13 11 0 14 5 3 1 0 2 13 1 1 0 0 1 2 5 19 0 1 2 7 98 3 2 0 1 0 0 3 1 8 290 3 293 4 3 0 0 2 4 6 0 1 184 47 3 4 2 1 0 4 3 2 1 0 0 1 2 3 4 5 13 2650 15 5
1 59 170 161 157 0 1 2 1 3 0 0 10 9 1515 9 7 9 13 3 8 8 6 10 6 10 8 8 2 68 5 6 10 5 7 4 2 0 1 6 5 0 0 1 4 7 12 0 1 2 3 93 3 2 1 0 0 1 2 0 5 278 1 2 292 3 0 1 0 0 0 0 1 13 167 41 4 2 3 1 0 3 2 1 0 0 1 2 3 4 5 6 2641 7 14 1
0 58 3 3 2 155 146 5 6 1 0 9 5 2 1514 8 6 8 12 2 7 7 5 9 5 9 7 7 1 58 8 4 5 9 4 6 3 1 0 5 3 0 0 1 1 3 5 9 10 11 36 55 2 1 0 0 1 2 3 4 277 0 1 0 290 1 0 0 0 1 8 9 10 152 13 36 3 3 1 2 0 2 1 0 0 1 2 3 4 5 6 2639 0 6 9 3
53 3 2 2 1 7 18 118 36 12 0 8 4 1 1513 7 5 7 11 1 6 6 4 8 4 8 6 6 0 48 8 7 3 4 8 3 5 2 0 4 1 0 0 0 2 4 2 0 1 23 4 49 1 0 0 1 2 3 17 274 1 0 0 277 9 1 0 0 1 5 1 2 143 7 12 31 3 2 2 0 1 1 0 0 1 2 3 4 5 6 2609 14 6 5 4 3
52 2 1 1 0 6 17 73 22 9 0 7 3 0 1512 6 4 6 10 0 5 5 3 7 3 7 4 0 5 5 41 7 6 2 3 7 2 4 1 2 0 0 0 1 3 1 0 1 20 3 3 44 0 1 3 4 5 12 20 234 0 0 3 271 6 1 0 0 2 0 0 1 137 6 11 26 3 2 1 1 0 0 2 3 4 5 6 7 8 9 2591 8 4 5 4 3
51 1 0 0 5 10 5 72 20 0 8 6 1 0 1511 5 3 5 6 2 4 4 2 6 2 5 0 3 4 4 33 6 6 5 1 2 6 1 3 0 1 0 1 2 0 11 13 17 2 2 42 0 0 0 3 4 5 19 231 1 0 1 268 1 3 1 0 0 0 1 75 128 7 5 10 21 3 2 1 0 0 1 2 3 4 14 15 16 17 2555 27 6 7 3 4 3
49 0 0 4 9 1 2 71 18 0 7 1 3 0 1510 4 2 4 5 1 3 3 1 5 1 3 0 2 3 3 25 6 5 5 4 0 1 5 0 2 0 1 4 7 10 0 2 1 1 30 10 0 1 2 13 14 18 230 0 0 1 259 7 0 2 0 0 1 13 72 43 7 6 4 9 7 12 2 1 0 0 1 2 5 8 0 1 2 7 2528 19 6 5 6 2 3
47 0 3 8 0 1 17 19 32 17 4 1 0 2 1509 3 1 3 4 0 2 2 0 2 1 0 2 1 2 2 3 20 5 4 4 3 0 2 1 1 0 1 1 1 0 1 0 0 29 9 5 6 7 12 1 2 228 0 0 1 253 2 3 2 1 0 1 10 57 33 8 6 5 3 8 6 3 7 1 0 0 1 1 1 0 1 2 3 217 2309 12 5 5 4 5 1
43 2 2 7 0 12 3 18 31 12 3 3 0 1 1508 2 0 2 1 1 1 0 0 0 0 0 1 0 1 1 2 3 15 4 3 3 2 1 0 0 0 0 0 0 16 17 22 28 8 4 1 2 3 0 0 223 3 0 1 10 239 1 2 1 0 0 7 56 5 26 7 5 4 2 7 5 2 2 3 0 0 0 0 0 1 2 3 216 6 2301 5 5 4 4 3 4
42 1 1 6 11 0 1 17 30 1 9 2 2 0 1505 1 1 0 0 0 0 0 0 0 0 1 0 0 0 0 1 2 10 3 3 2 2 1 0 0 2 6 11 14 1 3 4 7 3 0 0 1 2 3 221 2 0 1 7 234 3 0 1 0 0 5 55 4 9 15 6 4 3 1 6 4 1 1 1 0 0 1 0 1 2 3 211 5 2 2269 27 4 4 3 3 2
41 0 0 5 10 0 0 15 29 0 5 2 1 1 1496 7 0 0 0 0 0 1 1 1 2 0 3 2 1 0 0 1 6 2 2 2 1 1 0 0 2 3 1 0 0 3 6 2 0 1 2 3 4 216 1 0 1 4 206 26 1 0 0 0 3 49 4 3 8 14 5 3 2 0 5 3 0 0 0 0 0 0 3 4 5 206 4 1 3 2264 0 25 3 3 2 2
39 0 0 3 3 5 9 4 6 21 2 1 1 0 0 1495 6 5 3 1 2 2 2 3 11 9 4 3 2 1 0 0 0 4 1 1 1 0 0 1 2 0 0 1 2 5 1 0 1 2 3 4 40 169 0 0 1 190 14 23 1 0 0 1 8 39 3 2 7 13 4 2 1 0 3 2 0 1 0 0 1 3 4 186 199 3 0 2 2240 21 0 20 3 2 2 1
14 23 0 1 2 4 8 3 5 7 12 1 0 0 0 7 1485 1 0 3 3 3 4 12 9 8 7 6 5 4 3 2 1 0 3 0 0 0 0 1 0 1 2 3 4 0 0 1 2 32 33 34 166 1 0 1 11 177 13 20 1 0 0 7 36 1 2 1 6 12 3 1 0 2 1 0 1 2 5 7 9 10 180 11 0 1 1 1 2237 18 1 11 7 2 1 1
10 2 22 0 1 3 7 2 4 6 9 1 0 2 6 0 14 1466 9 4 4 5 13 21 10 9 8 7 6 5 4 3 2 1 0 2 1 0 0 1 2 3 4 5 6 7 8 9 28 1 3 163 1 0 0 8 4 171 12 18 0 0 5 13 21 0 1 0 5 11 2 0 1 0 0 1 2 3 4 162 164 168 8 1 0 0 0 1 2234 17 0 7 2 6 1 0
8 0 1 21 0 2 6 1 3 5 7 0 0 1 2 6 6 1387 67 66 60 53 38 15 14 13 12 11 10 9 8 7 6 5 4 3 2 0 0 0 1 2 3 4 5 6 7 17 0 0 152 5 0 2 6 3 157 12 11 9 7 4 0 11 19 0 0 1 2 10 1 0 0 1 2 3 4 132 156 0 2 4 2 0 0 0 0 6 2226 9 6 6 1 0 4 0
6 0 0 15 4 1 5 0 2 4 5 0 0 1 2 2 5 35 1350 17 16 15 14 13 12 11 10 9 8 7 6 5 4 3 2 1 0 0 0 1 2 3 4 5 6 7 8 9 19 151 3 0 1 2 2 2 153 11 10 8 6 3 4 5 17 0 0 1 5 3 0 0 1 2 3 4 126 21 0 1 1 1 1 0 1 3 5 2221 3 1 6 5 5 0 3 0
4 0 2 11 3 0 3 0 1 3 3 0 0 1 1 4 27 6 12 1318 83 31 30 14 13 12 11 10 9 8 7 6 5 4 3 2 1 0 0 1 2 3 4 5 6 7 8 8 36 93 2 0 1 1 1 140 11 10 9 7 5 2 3 4 12 3 0 1 2 2 0 1 2 3 119 120 12 7 0 0 0 0 0 1 2 3 2208 11 2 0 1 3 4 4 2 1
2 0 1 7 2 2 1 0 0 2 1 0 0 0 3 26 5 6 4 13 1219 50 35 14 13 12 11 10 9 8 7 6 5 4 3 2 1 0 0 0 1 2 3 4 5 6 7 35 89 2 1 0 0 0 127 11 10 9 8 6 4 1 2 3 11 2 0 1 1 0 1 101 110 114 4 11 6 0 1 14 53 56 58 59 60 82 2120 5 4 1 0 2 3 3 1 0
1 0 0 3 2 1 1 0 0 0 0 0 1 2 25 4 5 3 2 9 9 1208 13 34 28 27 26 25 24 9 8 7 6 5 4 3 2 0 0 2 3 4 5 6 13 31 34 19 68 1 0 0 1 79 46 10 9 8 7 5 3 0 1 2 10 1 0 0 0 1 98 7 2 3 5 5 3 6 11 37 1 0 0 1 20 2107 5 5 4 3 0 1 2 2 0 1
2 1 0 0 1 1 0 0 0 0 12 14 22 24 3 4 2 1 1 6 8 1206 0 12 4 3 2 1 0 13 12 11 10 9 8 4 1 0 0 1 2 3 4 5 16 1 18 64 2 0 1 6 76 34 10 9 8 7 6 4 2 0 1 3 5 0 0 1 2 95 6 1 2 4 4 2 1 3 34 1 0 0 13 17 1 2104 5 4 4 3 2 0 1 1 0 2
7 3 2 1 0 0 0 0 2 10 0 6 0 2 3 1 0 0 0 4 7 2 1202 0 10 9 8 7 6 5 4 3 2 1 0 2 1 0 0 1 2 3 14 15 0 17 6 56 1 0 3 68 22 10 9 8 7 6 5 3 1 0 2 4 5 11 12 21 91 5 0 1 3 3 1 0 2 6 26 0 5 11 2 0 2074 16 5 4 3 3 2 1 0 0 1 2
15 6 5 4 3 2 1 0 5 0 4 0 1 2 0 0 1 2 3 6 0 0 1201 12 11 10 9 8 7 6 5 4 3 2 1 0 1 0 0 2 5 9 4 10 16 5 48 6 0 2 67 10 10 9 8 7 6 5 4 2 0 1 3 4 4 3 7 68 2 1 0 2 2 0 0 1 5 19 5 4 4 1 0 1 2071 10 4 4 3 2 2 1 0 0 1 0
37 20 19 11 10 9 3 2 1 2 3 0 1 0 1 2 3 4 5 0 1 2 1170 13 12 11 10 9 8 7 6 5 4 3 2 1 0 0 0 1 2 3 4 4 4 47 4 0 1 56 9 9 9 8 7 6 5 4 3 1 0 2 3 3 2 2 2 64 1 0 1 1 1 2 3 4 18 4 3 3 0 0 1 2058 11 4 4 3 3 2 1 1 0 0 0 1
60 2 1 6 3 0 4 1 0 1 2 0 2 3 4 5 6 7 8 9 10 11 1154 14 13 12 11 10 9 8 7 6 5 4 3 2 1 0 0 1 2 3 3 3 44 1 3 0 35 19 8 8 8 7 6 5 4 3 2 0 1 2 2 1 1 1 61 1 0 0 0 0 4 11 12 17 3 2 2 0 1 2 2043 11 5 4 3 3 2 2 1 0 0 0 1 2
18 1 0 0 1 1 1 1 0 0 1 1 0 1 2 3 4 5 6 7 8 9 1131 28 20 19 18 17 16 15 14 12 5 4 3 2 1 0 0 1 2 2 2 41 1 0 2 34 8 9 7 7 7 6 5 4 3 2 1 0 1 1 0 0 0 12 47 0 0 1 2 3 5 1 3 2 1 1 0 1 2 7 2031 5 4 4 3 2 2 1 1 0 0 1 2 3
15 3 2 1 0 0 0 0 0 0 0 0 1 2 3 4 5 6 7 16 18 19 1081 0 6 5 4 3 2 1 0 0 5 4 3 2 1 0 0 1 1 1 9 30 0 1 3 29 7 8 6 6 6 5 4 3 2 1 0 0 0 0 9 10 11 40 5 0 1 2 3 4 0 0 1 0 0 0 1 2 3 2012 6 10 4 3 3 2 1 1 0 0 0 1 2 3
5 4 3 2 1 0 0 0 0 0 0 0 1 2 3 4 5 6 7 0 50 878 134 65 62 18 17 16 15 14 13 12 10 4 3 2 1 0 0 0 0 8 27 1 0 2 12 15 6 7 5 5 5 4 3 2 1 0 0 1 2 7 21 33 39 4 0 1 2 11 12 13 0 0 0 1 2 3 4 5 6 2004 5 4 4 3 2 2 1 0 0 0 1 2 3 4
4 3 2 1 0 1 1 1 0 0 2 4 0 1 2 3 4 25 34 49 560 265 76 56 1 42 5 4 3 2 1 0 0 4 3 2 1 0 0 1 7 12 13 0 1 5 5 14 5 6 4 4 4 3 2 1 0 0 1 2 3 20 10 4 3 1 2 3 7 1 9 10 25 1 0 1 2 3 4 5 1983 13 5 4 3 3 2 1 1 0 0 1 2 3 0 0
154 30 21 3 2 2 2 2 0 0 2 3 9 10 11 12 19 7 13 559 3 260 56 18 55 0 35 34 33 30 12 11 10 4 3 2 1 0 0 4 11 4 7 0 4 1 2 13 4 5 3 3 3 2 1 0 1 2 3 4 19 9 3 2 0 0 1 2 0 6 49 82 85 113 116 117 118 119 120 1816 159 6 5 4 3 2 2 1 0 0 0 1 2 0 4 1
122 0 7 16 15 11 7 3 1 0 0 1 2 3 4 5 6 12 558 2 3 255 46 8 17 54 46 36 33 1 16 1 0 4 3 2 1 0 2 5 4 3 6 3 0 1 2 9 3 4 2 2 2 1 0 0 0 1 10 13 8 2 1 0 1 2 3 4 5 48 31 1 0 0 1 2 3 4 1694 11 140 5 5 4 3 2 1 1 0 0 1 2 3 7 9 5
120 1 0 6 5 4 3 2 0 0 0 1 2 3 4 5 11 557 1 2 5 248 30 14 7 16 6 8 1 32 0 13 12 11 10 9 6 0 1 4 3 2 5 2 0 1 2 5 2 3 1 1 1 0 0 1 2 7 1 7 1 0 0 1 2 3 10 42 47 30 0 0 1 2 3 4 1667 1688 5 4 18 120 4 4 3 2 1 0 0 0 1 2 3 4 5 10
117 10 9 8 7 5 3 0 1 0 0 1 2 3 4 10 556 0 1 4 201 45 21 7 13 6 15 5 7 0 31 13 12 11 6 2 1 4 0 3 2 1 4 1 0 1 1 2 1 2 0 0 0 0 1 2 3 0 6 0 0 1 2 3 4 5 30 3 28 0 1 2 3 4 5 1661 11 7 4 3 17 114 4 3 3 2 1 0 0 1 2 3 4 5 6 13
105 68 23 1 0 0 0 1 0 0 0 1 2 3 4 7 547 0 3 191 8 44 14 5 6 12 5 14 4 6 5 16 5 2 3 2 1 0 3 2 1 0 3 0 0 0 0 0 0 0 0 0 0 1 2 3 4 5 0 1 2 3 4 5 6 29 2 25 1 0 0 1 2 3 1654 5 4 6 3 2 16 3 109 3 2 2 1 0 0 1 2 3 4 5 6 7
35 1 43 20 4 3 2 1 0 0 2 3 4 5 6 6 539 2 0 189 7 43 8 4 4 5 11 4 13 3 0 4 9 1 1 2 1 0 2 1 0 2 0 1 0 0 0 0 0 0 0 0 1 0 1 2 3 4 5 6 7 8 9 10 21 1 24 0 0 1 2 3 4 1642 6 4 3 5 2 1 15 2 104 3 2 1 1 0 0 1 2 3 4 5 6 7
30 1 0 42 14 9 3 2 0 0 1 2 3 4 5 535 2 1 0 187 6 42 3 3 3 3 4 10 3 12 1 0 3 8 0 0 1 0 1 0 1 1 2 3 2 2 0 1 2 0 1 1 1 2 0 1 2 3 4 5 6 7 8 9 0 23 1 3 5 6 7 27 1629 6 5 3 2 4 1 0 14 1 94 8 2 1 0 0 0 1 2 3 4 5 6 7
26 2 0 1 39 3 4 1 0 0 1 2 3 4 10 523 1 0 1 184 5 10 30 2 2 2 2 3 9 2 11 8 5 2 7 4 1 0 0 0 0 0 1 2 7 6 1 0 5 1 0 2 2 5 3 4 5 6 0 1 2 3 4 5 22 0 0 0 0 15 18 2 1597 5 4 2 1 3 0 3 9 0 93 5 1 1 0 0 1 2 3 4 5 6 7 8
22 2 1 0 35 2 2 1 0 0 1 2 3 4 505 16 0 0 1 181 4 4 4 29 1 1 1 1 2 8 1 1 1 4 1 1 1 0 0 0 1 2 3 4 5 14 9 1 6 2 0 1 3 0 6 0 1 2 10 11 12 13 14 15 5 6 9 11 13 1 1 1 1594 4 3 1 0 2 2 4 3 3 88 2 1 0 0 0 1 2 3 4 5 6 7 8
18 2 1 0 0 33 1 1 0 0 1 2 3 17 486 14 0 0 15 161 2 3 3 3 28 0 0 0 0 1 7 0 0 0 3 0 0 0 0 2 3 4 5 6 7 8 15 10 9 3 1 0 2 4 1 7 0 0 0 0 1 2 3 4 0 1 0 0 0 0 0 1580 12 3 2 0 1 1 3 2 2 72 11 2 1 0 0 1 2 3 4 5 6 7 8 9
15 1 1 0 0 29 1 0 0 0 1 5 12 480 4 5 7 6 7 159 0 1 2 2 2 27 13 11 9 7 0 6 5 4 3 2 1 0 0 1 2 3 4 5 0 1 11 16 11 14 2 0 1 3 5 2 8 1 1 1 0 0 0 0 0 0 0 0 0 0 1 1577 11 2 1 0 0 2 1 1 0 70 8 1 1 0 0 1 2 3 4 5 6 7 8 9
12 1 0 0 2 23 1 0 0 1 2 5 464 14 3 4 6 5 6 71 86 82 0 1 1 1 12 0 0 0 6 5 4 3 2 2 0 0 0 0 1 2 3 4 11 12 13 12 17 12 18 0 1 2 4 6 3 9 2 2 2 1 1 1 1 1 1 1 1 3 1573 2 10 1 0 0 1 0 0 0 21 47 5 1 0 0 0 0 1 2 3 4 5 6 7 8
10 0 0 1 2 2 16 0 0 1 4 463 5 7 2 3 5 4 5 56 13 2 81 56 0 0 0 11 10 9 8 7 6 2 1 1 0 0 2 4 5 6 7 8 9 10 11 14 13 18 13 19 1 2 3 5 7 4 10 3 3 3 2 2 2 2 2 2 5 1556 11 1 8 0 0 0 1 2 3 19 42 3 3 0 0 0 0 1 0 1 2 3 4 5 6 7
8 0 0 1 0 0 14 0 0 1 462 4 2 3 1 2 4 3 4 4 50 12 1 23 55 31 30 29 13 12 11 7 0 2 1 0 0 0 1 2 3 4 5 6 7 8 9 22 15 14 19 14 20 2 3 4 6 8 5 11 4 4 4 3 3 7 11 642 644 904 10 0 6 0 0 2 5 9 14 21 19 2 1 0 0 0 1 3 2 3 4 5 6 7 8 9
6 0 0 0 1 6 6 0 1 32 428 3 1 2 0 1 3 2 3 3 3 45 11 0 22 22 14 6 14 8 3 2 5 2 0 0 0 1 2 3 0 0 1 2 3 4 5 6 30 47 63 20 15 21 3 4 5 7 9 6 19 25 31 5 10 611 626 0 1 901 7 1 4 0 0 1 2 3 5 14 18 1 0 1 2 4 1 2 7 8 9 10 11 12 13 14
5 0 1 2 3 5 24 25 29 3 368 54 2 0 1 0 2 1 2 2 2 43 0 10 4 16 6 6 5 4 3 2 1 1 0 0 0 0 0 0 4 1 0 0 1 0 0 0 1 2 3 68 90 16 39 44 50 57 66 77 78 79 544 594 599 9 3 0 1 896 1 6 0 3 0 1 2 4 5 7 17 0 0 0 1 2 8 9 10 11 12 13 14 15 435 440
4 0 2 3 4 23 0 2 2 87 278 0 53 1 0 0 1 0 1 1 1 3 38 9 3 10 4 5 5 4 3 2 1 0 0 0 1 1 3 5 7 5 2 1 0 2 4 1 2 3 4 5 6 98 99 100 101 102 103 104 105 463 16 3 5 2 2 0 2 878 13 0 5 2 0 1 3 4 6 14 1 1 2 0 0 1 2 3 4 5 6 380 386 418 3 5
3 0 1 3 6 15 0 1 48 37 273 3 2 52 10 9 3 0 0 0 0 2 37 8 2 6 2 3 4 4 3 2 1 0 0 1 3 6 7 8 9 18 6 3 2 1 2 8 9 10 11 12 13 49 53 64 65 66 67 68 356 15 2 2 1 1 1 1 874 2 5 6 4 1 0 2 3 5 13 0 0 0 1 5 7 8 9 10 11 183 372 4 30 2 4 6
2 0 0 1 2 11 0 4 42 36 192 79 0 1 40 37 4 2 1 0 0 0 36 7 1 1 3 1 2 3 3 2 1 0 0 1 2 3 4 5 6 7 19 7 4 8 9 10 11 12 13 14 34 2 9 239 250 251 252 286 14 1 1 0 0 0 0 870 2 1 4 5 3 0 1 2 4 11 0 0 1 0 0 1 0 0 1 2 170 187 3 29 1 3 5 16
1 0 0 1 1 8 2 0 41 35 189 1 77 74 0 1 36 3 2 1 0 0 34 2 3 0 0 2 0 1 2 2 1 0 0 1 2 3 4 5 6 7 8 20 8 9 10 11 0 1 2 18 1 8 238 9 0 1 32 13 0 0 0 1 350 355 841 27 1 0 3 4 2 0 1 3 9 0 0 1 2 5 7 8 2 4 5 166 186 2 28 0 2 4 15 4
1 0 0 0 1 5 1 0 39 34 5 182 0 1 73 0 0 35 13 12 11 9 33 0 0 2 1 0 1 0 0 1 1 0 0 1 2 3 4 5 6 7 16 26 48 49 0 0 12 13 14 0 7 237 8 0 1 29 9 2 0 4 343 347 3 0 483 24 1 0 2 3 1 0 2 3 4 5 6 7 8 9 10 11 84 152 159 185 1 26 0 1 3 14 3 4
2 0 0 0 0 3 0 2 35 33 4 9 171 0 0 71 70 4 20 2 1 0 8 32 14 13 11 4 3 2 1 0 0 0 0 1 2 3 4 5 6 7 8 9 10 11 50 1 3 4 5 6 236 7 9 12 26 7 0 1 2 337 2 1 0 5 476 19 3 0 1 2 0 1 2 3 4 10 11 12 13 14 15 62 66 5 184 0 23 1 0 2 13 2 3 6
4 1 0 0 0 1 1 2 31 32 3 2 5 169 56 4 3 64 3 16 2 0 4 2 16 0 0 5 4 3 2 1 0 0 1 2 3 4 5 6 7 8 9 10 11 12 25 77 78 0 1 235 6 8 1 12 4 1 0 1 333 2 1 0 4 1 471 1 18 2 0 1 0 1 2 3 9 5 10 11 25 34 45 65 4 3 179 14 7 0 1 12 1 2 5 3
7 1 1 0 0 0 1 2 27 27 3 2 1 4 111 50 0 2 63 2 12 1 1 1 1 14 12 5 4 3 2 1 0 0 1 2 3 4 5 6 7 8 9 10 11 12 13 14 15 230 232 5 7 0 11 1 1 0 0 2 329 1 0 3 0 0 467 1 0 17 1 0 0 1 2 8 4 3 5 12 7 9 64 3 2 31 146 13 6 0 11 0 1 4 2 5
10 2 1 0 0 0 1 2 23 3 22 2 1 0 3 110 48 47 1 62 1 11 0 0 0 0 0 5 4 3 2 1 0 0 1 2 3 4 5 6 7 8 9 10 11 12 13 52 134 0 4 1 4 8 1 0 0 0 1 80 247 0 2 0 1 461 2 1 0 14 1 0 0 1 7 3 2 4 5 6 8 63 2 1 30 128 16 12 5 7 2 0 3 1 4 12
14 2 1 1 0 0 0 1 22 2 17 3 1 0 2 98 10 3 46 0 61 0 10 9 8 7 6 5 4 3 2 1 0 0 2 3 4 5 6 7 14 15 16 17 18 34 37 64 15 3 0 3 6 0 0 0 1 77 79 246 0 1 0 1 139 315 2 1 0 8 4 0 0 6 2 1 3 4 5 7 62 1 0 29 9 117 15 11 4 6 1 2 0 3 11 16
18 2 2 1 1 2 1 0 21 1 0 15 2 0 1 5 91 5 2 45 26 33 11 10 9 7 6 5 4 3 2 1 0 0 0 1 2 3 4 5 0 1 2 3 14 1 63 11 2 2 2 2 2 70 72 73 74 0 245 25 31 81 82 136 110 197 5 1 0 6 0 3 5 1 0 2 3 4 6 59 1 0 28 8 104 11 14 10 3 5 0 1 2 10 15 7
22 3 5 2 5 1 0 0 1 18 0 12 1 1 0 4 79 10 4 1 44 25 20 1 0 0 7 6 5 4 3 2 1 0 0 1 2 3 4 5 6 7 8 9 0 62 10 1 1 1 1 1 69 0 0 1 218 244 24 4 48 26 52 80 28 190 5 4 0 4 0 2 4 0 1 2 3 5 25 32 0 27 7 103 3 6 13 9 2 4 0 1 9 14 6 15
47 19 12 11 4 3 2 1 0 14 2 7 3 0 0 3 4 73 9 3 0 43 24 17 16 15 6 5 4 3 2 1 0 0 0 1 2 3 4 5 6 7 8 9 61 9 0 0 0 0 0 68 13 14 15 215 24 23 3 47 25 24 51 27 27 135 53 4 3 2 0 1 3 0 1 2 4 24 5 25 26 6 102 2 0 4 12 8 1 3 0 8 13 5 14 23
73 24 23 22 13 12 1 0 0 10 2 1 6 2 0 2 3 36 35 8 2 28 13 23 7 6 5 4 3 2 1 0 1 0 0 1 2 3 4 5 6 7 8 50 8 9 19 30 49 54 67 12 20 135 198 23 22 2 46 24 23 24 25 26 26 132 1 52 3 2 1 0 2 0 1 3 23 4 24 25 5 87 13 1 0 2 11 7 0 2 7 12 4 13 22 15
81 6 5 3 7 3 9 5 1 0 8 1 0 5 0 1 2 5 29 34 7 1 27 12 14 13 11 8 7 6 5 4 1 0 0 1 2 3 4 5 6 32 40 7 8 8 9 17 3 11 11 19 113 33 27 22 21 1 45 23 22 23 24 25 25 85 45 0 51 2 1 0 1 0 2 22 3 23 24 4 78 7 12 0 1 7 2 6 1 6 11 3 12 21 14 45
84 1 0 0 2 2 2 2 2 0 4 2 0 3 0 0 1 4 20 7 33 6 0 26 11 0 0 1 0 5 4 3 2 0 0 1 5 6 7 8 24 6 6 7 7 8 16 2 10 10 18 112 32 5 20 21 20 0 44 22 21 22 23 24 24 25 58 44 25 24 1 0 0 1 21 2 22 23 3 19 57 6 11 0 6 1 5 0 5 10 2 11 20 13 44 14
99 4 3 2 1 1 1 1 1 1 1 1 1 1 0 0 1 1 4 14 6 32 5 1 23 9 8 7 6 4 3 2 1 0 0 2 2 3 9 14 5 5 6 6 7 15 1 9 9 17 61 49 31 4 19 20 19 21 21 21 20 21 22 23 23 24 33 23 43 24 23 0 0 20 1 21 22 2 18 3 52 5 10 5 0 2 1 4 9 1 10 19 12 43 13 14
8 3 2 1 0 0 0 0 0 0 0 0 0 0 0 0 0 0 2 7 5 5 31 4 0 22 21 20 10 4 3 2 1 0 0 1 1 4 3 4 4 5 5 6 14 0 8 8 16 60 32 15 30 3 18 19 18 20 20 20 19 20 21 22 22 23 32 22 41 0 23 22 19 0 20 21 1 17 2 31 19 4 9 4 1 0 3 8 0 9 18 11 42 12 13 28
3 2 1 0 0 0 0 0 0 0 0 0 0 0 0 0 0 0 0 3 2 4 4 30 3 2 1 0 8 7 6 5 4 1 0 0 1 2 3 3 4 4 5 6 6 7 7 15 5 53 31 14 29 2 17 18 17 19 19 19 18 19 20 21 21 22 31 21 20 19 22 21 18 19 20 0 16 1 30 11 6 3 8 3 0 2 5 1 8 17 10 41 11 12 27 12
0 0 0 1 1 1 1 1 1 1 1 1 0 1 2 1 0 0 0 0 1 1 3 3 29 10 9 8 7 6 5 2 1 1 0 0 1 2 2 3 3 4 5 5 6 6 14 4 5 46 30 13 28 1 16 17 16 18 18 18 17 18 19 20 20 21 30 20 19 18 21 20 17 18 19 15 0 11 17 10 5 2 7 2 1 4 0 7 16 9 40 10 11 26 11 12
2 1 2 2 2 2 2 2 2 2 2 1 2 0 3 3 1 1 0 0 0 0 0 2 2 17 4 3 2 1 0 1 0 0 0 0 1 1 2 2 3 4 4 5 5 13 3 4 5 39 29 12 27 0 15 16 15 17 17 17 16 17 18 19 19 20 29 19 18 17 20 19 16 17 18 14 10 9 6 9 4 1 6 1 0 3 6 15 8 39 9 10 25 10 11 11
