wepppy/_scripts/Test_Watershed_15/dem/topaz/UPAREA.ARC
ncols   179
nrows   167
xllcorner  746128
yllcorner 4319283
cellsize   30.00
nodata_value    -1.0
[rows 0 to 69 of 167, columns 0 to 95 of 179]
1 0 1 347 170 108 88 79 70 62 54 47 40 37 28 26 18 14 10 7 5 3 1 0 0 1 0 0 0 0 0 0 0 1 0 0 0 0 0 0 0 0 0 0 0 0 0 0 0 0 1 2 3 13 14 15 0 26 30 5959 0 0 6 0 1 322 0 0 0 128 1 3 4 5 218 0 6 2 0 2 91 106 178 156 122 117 79 75 72 43 39 32 29 26 16 11
0 1 169 3 60 17 0 7 7 6 6 5 5 1 7 0 6 2 2 1 0 0 0 0 1 2 1 0 0 1 1 1 1 0 2 4 1 1 1 1 1 1 1 1 1 1 1 1 2 3 4 6 8 1 3 5 24 0 1 5958 0 3 0 0 317 0 0 111 125 0 0 0 0 205 3 0 2 1 0 2 84 13 20 32 4 3 36 2 1 27 2 5 1 1 8 3
0 1 164 2 25 33 16 7 6 6 5 5 4 4 0 6 2 2 1 1 0 0 1 2 6 5 1 0 0 1 2 2 2 2 1 2 5 2 2 2 2 2 2 2 2 2 2 5 8 0 0 0 0 0 0 0 0 0 5954 5957 0 0 1 2 312 0 109 9 0 0 0 25 46 156 0 1 1 0 1 74 8 12 19 4 21 3 2 35 1 0 26 1 4 0 0 7
0 1 161 1 24 24 7 7 6 5 5 4 4 3 3 2 2 1 1 0 0 0 1 3 5 20 2 1 0 1 2 6 3 3 3 0 3 6 3 3 3 3 3 3 3 3 7 0 0 9 1 0 0 1 0 0 0 5953 0 0 3 4 5 0 310 2 104 8 0 5 23 0 12 5 155 0 0 0 20 52 7 11 4 13 3 20 2 1 34 0 13 11 0 3 2 3
0 141 18 0 23 15 7 6 6 5 4 4 3 3 2 2 1 1 0 0 0 0 0 0 0 0 22 5 0 1 4 0 7 4 4 4 1 4 7 4 4 4 4 4 4 9 10 19 21 23 34 38 39 40 2 1 5950 0 0 2 0 1 9 309 1 0 102 7 1 1 16 0 10 1 2 154 0 0 18 51 6 5 4 3 12 2 19 1 0 33 1 10 10 6 2 1
127 12 16 0 22 7 6 6 5 5 4 3 3 2 2 1 1 0 0 0 0 2 0 0 0 0 0 24 31 1 0 5 1 8 5 5 5 2 5 8 5 5 5 5 5 0 0 0 0 0 0 0 0 0 42 5943 1 0 0 0 1 6 0 291 0 1 99 6 0 0 10 4 9 0 1 0 151 10 6 33 16 5 4 3 2 11 1 18 0 30 1 0 9 2 2 1
126 10 0 15 14 6 6 5 5 4 4 3 2 2 1 1 0 0 0 0 2 3 0 1 1 1 1 0 0 32 2 1 6 2 9 6 6 6 3 6 9 6 6 19 6 1 1 1 1 1 0 2 0 1 5868 0 26 0 0 2 3 266 273 8 7 0 98 3 1 6 2 3 3 4 0 114 35 9 5 27 4 15 4 3 2 1 10 0 17 21 7 0 5 2 1 1
125 0 8 14 6 6 5 5 4 4 3 3 2 1 1 0 0 0 0 1 4 4 0 1 2 2 2 2 1 1 33 3 2 7 3 10 7 7 7 4 7 10 18 19 40 50 53 0 3 6 10 5856 5858 5864 0 0 25 0 0 3 265 2 2 3 3 6 97 2 0 5 1 2 2 3 77 35 34 8 5 4 26 3 14 3 2 1 0 9 16 11 8 6 2 1 1 0
116 7 7 6 6 5 5 4 4 3 3 2 2 1 0 0 0 0 1 1 7 5 0 1 2 3 3 7 3 2 2 34 4 3 8 4 11 8 8 8 5 14 15 16 17 18 107 163 167 168 5840 0 2 0 0 18 1 1 2 0 259 1 1 2 2 2 2 96 1 4 0 1 1 2 76 34 13 19 1 4 3 25 2 13 2 1 0 8 15 9 0 7 5 1 0 0
107 7 6 6 5 5 4 4 3 3 2 2 1 1 0 0 0 1 1 4 15 6 0 1 2 3 198 200 209 214 218 222 258 5 4 9 5 12 9 19 29 30 31 32 83 87 0 2 0 1 5670 0 1 0 15 1 0 0 1 6 251 0 0 1 1 1 1 2 92 0 3 0 0 1 75 33 6 5 18 0 3 2 24 1 12 1 0 7 14 2 5 1 4 4 0 0
99 6 6 5 5 4 4 3 3 2 2 1 1 0 0 0 1 3 6 100 103 120 129 2 6 189 0 0 1 2 3 4 5 265 6 12 23 30 44 45 46 47 48 49 1 0 1 1 2 3 5661 0 0 0 13 1 0 0 2 2 171 78 0 0 0 0 0 1 61 29 1 0 0 62 11 32 10 5 4 17 3 2 1 23 0 11 0 6 7 5 1 4 0 3 3 1
91 6 5 5 4 4 3 3 2 2 1 1 0 0 0 0 1 6 92 1 0 2 4 135 180 0 0 0 1 2 3 4 5 6 266 267 0 1 2 0 1 0 0 0 0 0 0 0 1 5657 0 1 0 2 5 0 0 1 1 170 0 2 72 4 0 0 0 1 60 0 28 0 37 23 10 10 9 9 4 3 12 2 1 0 22 9 0 5 4 1 4 0 3 2 2 0
84 5 5 4 4 3 3 2 2 1 1 0 0 0 0 1 3 82 1 0 0 0 0 1 43 0 0 1 2 3 4 5 6 7 15 0 268 269 270 274 0 2 2 1 0 0 0 0 1 2 5651 1 0 1 0 3 0 0 2 166 0 0 4 61 2 0 0 1 54 1 0 26 36 22 10 9 9 8 8 3 2 11 1 0 20 0 8 2 1 3 0 3 2 1 0 0
77 5 4 4 3 3 2 2 1 1 0 0 0 0 2 46 80 0 0 0 1 2 3 35 2 0 0 2 3 4 0 1 2 3 4 16 1 2 3 0 275 1 3 3 7 1 1 0 578 587 0 5059 2 1 0 1 0 1 0 163 0 0 2 1 58 1 0 0 49 1 0 25 35 10 10 9 8 8 7 7 2 1 10 0 14 4 2 4 1 0 2 2 1 0 0 3
71 4 4 3 3 2 2 1 1 0 0 0 0 37 41 29 1 0 0 1 2 20 24 5 1 0 1 2 3 4 5 0 0 0 0 5 23 24 29 0 1 276 2 7 0 567 570 576 5 1 0 5050 4 0 0 0 0 1 3 162 0 0 0 0 3 51 1 0 47 0 0 24 12 10 9 9 8 7 7 6 6 1 0 9 8 4 3 1 3 0 1 1 0 0 1 3
35 34 3 3 2 2 1 1 0 0 0 0 34 1 0 26 1 0 0 12 16 2 2 1 0 0 1 2 3 4 5 6 1 1 1 1 2 3 30 0 1 281 0 0 9 545 3 0 4 0 0 5048 2 1 0 0 0 0 0 156 2 1 0 0 1 46 1 0 0 45 12 12 10 11 9 8 8 7 6 6 5 5 0 8 3 3 3 2 0 2 0 0 0 1 2 0
30 3 33 2 2 1 1 0 0 0 1 28 2 0 0 24 0 5 10 2 1 0 0 0 0 0 0 0 0 0 5 6 7 2 2 2 3 4 40 1 0 0 524 526 540 3 2 1 1 0 0 0 5045 2 1 0 0 1 2 6 144 1 0 0 0 0 44 1 0 31 12 11 11 9 10 8 7 7 6 5 5 4 4 3 3 2 2 2 1 0 0 0 1 2 0 0
25 3 2 32 1 1 0 0 0 1 22 1 0 0 18 4 4 3 1 0 0 1 0 0 0 1 1 1 1 1 1 6 7 8 3 7 8 9 10 54 98 239 0 2 9 2 1 0 0 0 3 4285 0 754 2 0 0 0 0 1 0 140 2 0 0 1 41 9 8 7 17 11 10 10 8 9 7 6 6 5 4 4 3 3 2 2 1 1 1 0 0 1 0 0 3 1
21 2 2 1 31 0 0 2 8 17 1 0 0 17 3 3 2 0 1 2 3 0 2 1 1 1 2 2 2 2 2 2 7 8 9 10 11 12 39 42 1 136 1 6 1 1 0 0 0 0 22 4280 0 748 1 0 1 1 0 0 0 132 2 1 0 0 27 26 25 12 6 16 10 9 9 7 8 6 5 5 4 3 3 2 2 1 1 0 0 0 0 0 2 1 1 4
17 2 1 1 0 30 1 1 2 2 4 0 6 8 2 2 1 0 2 3 4 4 1 3 2 2 2 3 3 3 3 3 3 12 22 23 24 25 0 0 0 135 0 5 0 0 0 1 19 20 3 0 4250 0 747 745 743 739 1 0 1 131 0 0 0 28 27 26 12 11 11 5 15 9 8 8 6 7 5 4 4 3 2 2 1 1 0 0 0 0 0 1 1 3 2 2
14 1 1 0 0 29 0 0 1 1 3 5 3 3 1 1 0 1 0 0 0 5 5 2 4 3 3 3 4 4 4 4 4 0 1 0 1 0 1 2 133 0 3 0 0 1 10 13 0 0 1 2 4241 3 0 0 0 733 0 0 0 0 125 1 44 14 13 12 12 11 10 10 4 14 8 7 7 5 6 4 3 3 2 1 1 0 0 0 0 1 1 1 2 2 4 3
12 0 0 0 26 1 0 0 0 0 1 4 2 2 0 0 0 0 1 1 1 1 6 6 3 5 4 4 4 5 5 5 5 5 0 3 6 7 8 126 1 0 1 0 0 1 5 0 0 0 0 1 4240 0 1 0 729 1 0 0 0 0 121 74 28 27 26 12 11 11 10 9 9 3 13 7 6 6 4 5 3 2 2 1 0 0 0 0 1 1 2 2 2 3 3 5
10 0 12 20 3 0 0 0 0 0 1 1 1 0 0 0 0 0 1 4 2 2 2 7 7 4 6 5 5 5 6 6 13 20 27 89 100 103 111 2 1 0 0 1 2 3 0 0 0 0 1 4235 3 1 0 0 727 0 0 2 0 0 44 43 27 26 12 12 11 10 10 9 8 8 2 12 6 5 5 3 4 2 1 1 0 0 1 1 1 2 2 3 3 3 4 4
9 7 3 6 2 0 2 2 0 0 0 0 0 0 0 0 1 1 2 3 9 13 17 3 8 8 5 7 6 6 13 21 22 23 24 60 9 1 0 5 1 0 0 0 1 6 7 4194 4196 0 4231 0 0 0 0 0 20 703 9 7 3 0 1 0 14 13 12 11 11 10 9 9 8 7 7 1 11 5 4 4 2 3 1 0 0 1 2 5 8 2 3 7 4 4 4 5
8 6 2 5 1 0 1 9 1 0 0 0 0 0 1 1 1 2 0 1 0 1 2 18 4 9 9 6 8 7 8 9 10 11 12 34 3 4 0 3 0 0 0 1 2 0 0 4184 0 4199 4229 1 0 0 2 17 0 536 155 150 148 27 24 23 22 11 12 11 10 10 9 8 8 7 6 6 0 10 4 3 3 1 2 0 0 1 2 3 4 14 18 19 28 34 40 5
7 5 1 4 0 1 2 3 17 0 1 0 1 1 1 2 2 2 3 0 3 4 5 9 19 5 10 10 7 9 10 11 12 13 18 1 2 2 0 1 0 0 1 2 3 4179 4180 1 0 0 26 0 0 0 0 13 0 535 3 0 104 14 13 12 11 9 10 11 10 9 9 8 7 7 6 5 5 4 4 3 2 2 0 1 0 0 1 2 3 4 5 6 7 8 9 51
6 4 0 3 0 3 4 5 6 19 2 1 0 2 2 2 3 3 3 8 9 10 11 12 23 44 51 63 75 84 0 1 2 3 0 0 0 0 0 0 0 0 1 3 4172 1 0 0 12 19 2 0 0 1 11 0 379 153 0 1 103 26 25 24 9 10 8 9 10 9 8 8 7 6 6 5 4 4 3 3 2 1 1 0 0 2 4 5 6 7 8 9 10 11 12 13
5 3 0 1 2 4 10 16 21 30 51 3 2 1 3 3 3 4 4 0 1 9 10 11 12 13 14 15 16 17 85 0 1 2 3 4 0 0 0 0 1 0 0 4153 13 0 0 10 2 2 1 0 1 6 0 375 1 152 0 0 75 52 51 9 13 8 9 7 8 9 8 7 7 6 5 5 4 3 3 2 2 1 0 0 0 0 0 1 2 3 4 5 6 7 8 9
4 2 0 1 3 4 4 3 0 0 0 52 4 3 2 4 9 14 5 5 6 0 3 4 5 6 7 8 9 10 29 86 0 1 2 3 9 13 0 0 4145 4149 4152 0 12 0 4 3 1 1 0 0 1 0 373 0 0 148 1 0 21 20 9 40 8 12 7 8 6 7 8 7 6 6 5 4 4 3 2 2 1 1 0 0 1 2 3 4 5 6 7 8 9 10 11 12
3 1 0 2 3 3 2 0 1 0 1 1 53 5 4 8 9 10 26 6 0 1 0 1 2 3 4 5 6 7 8 39 127 0 0 1 2 384 4134 4138 1 1 1 2 1 4 3 2 0 0 0 1 2 12 359 0 0 147 24 11 10 9 9 8 39 7 11 6 7 5 6 7 6 5 5 4 3 3 2 1 1 0 0 0 1 2 0 1 2 3 4 5 6 7 8 9
2 0 1 2 2 1 0 1 2 2 1 2 2 54 61 62 79 82 83 111 7 8 9 10 11 12 13 14 15 16 17 18 0 128 1 2 380 0 3732 2 0 0 0 1 0 3 2 0 0 0 1 2 6 1 353 3 0 96 23 11 10 9 8 8 7 38 6 10 5 6 4 5 6 5 4 4 3 2 2 1 0 0 0 1 0 0 3 4 5 6 7 8 9 10 11 12
1 0 1 1 0 0 1 2 3 7 11 2 3 7 8 15 1 0 1 2 112 0 1 2 3 4 5 6 7 8 9 10 30 1 131 375 0 0 3731 0 0 3 2 1 0 2 0 0 0 0 1 2 0 0 351 1 0 95 22 21 20 16 8 7 7 6 37 5 9 4 5 3 4 5 4 3 3 2 1 1 0 0 0 0 2 1 1 2 3 4 5 6 7 8 9 10
0 0 0 0 1 2 3 4 5 6 7 20 3 4 5 0 0 1 2 3 7 113 114 115 116 117 118 119 120 121 122 123 124 156 237 4 0 0 3729 0 0 8 3 1 0 0 0 0 0 2 3 13 124 126 350 1 0 76 17 16 15 2 15 7 6 6 5 36 4 8 3 4 2 3 4 3 2 2 1 0 0 0 1 1 1 3 2 0 1 2 3 4 5 6 7 0
0 0 1 2 3 4 5 6 7 8 9 10 32 0 0 0 0 0 1 2 3 8 0 1 2 3 4 5 6 7 8 9 10 11 79 0 1 0 3726 0 12 1 0 0 0 0 0 0 1 2 8 109 0 4 213 1 0 75 26 25 15 14 1 14 6 5 5 4 35 3 7 2 3 1 2 3 2 1 1 0 0 1 3 6 9 12 4 3 0 0 0 0 0 0 0 9
0 1 0 0 0 1 2 3 4 5 6 7 8 33 1 1 1 1 0 1 2 4 9 10 11 12 13 24 25 26 27 28 29 60 4 0 0 0 0 3721 3696 1 0 0 0 1 1 1 3 4 107 0 3 151 58 1 0 47 23 13 8 14 13 0 13 5 4 4 3 34 2 6 1 2 0 1 2 1 0 0 0 1 2 3 4 5 19 5 4 1 1 1 1 1 1 0
0 1 2 1 1 0 0 0 1 2 3 4 0 9 34 4 2 0 2 0 1 3 5 6 7 8 9 0 1 2 10 22 26 2 0 2 0 2 9 0 0 3692 2 0 0 0 3 6 7 105 0 0 1 150 57 1 0 22 9 8 12 7 13 12 5 12 4 3 3 2 33 1 5 0 1 0 0 1 0 0 1 2 3 4 5 0 0 20 6 12 2 2 2 2 2 2
0 1 2 3 2 2 1 1 0 0 0 0 5 1 10 35 8 1 0 3 0 3 4 0 1 2 3 4 5 6 9 0 2 1 0 0 0 4 0 0 0 3688 2 1 0 0 1 3 6 88 0 0 10 138 42 11 10 9 11 8 7 11 6 12 5 4 11 3 2 2 1 32 0 4 3 2 1 0 0 0 1 2 3 4 5 6 1 3 25 65 80 85 89 93 97 3
0 1 2 3 4 3 3 2 2 1 1 1 1 6 2 11 45 2 0 1 4 5 4 5 0 1 0 0 1 2 5 0 0 0 0 1 2 0 3150 3152 3156 526 1 0 1 0 0 0 1 87 0 9 63 73 12 28 27 9 8 10 7 6 10 5 11 4 3 10 2 1 1 0 31 14 10 7 2 1 0 0 1 2 3 4 5 12 20 35 38 0 0 0 1 2 3 102
0 1 2 3 4 5 4 4 3 3 2 2 2 2 7 3 58 3 1 0 2 3 10 5 6 0 2 1 2 3 0 0 0 0 1 2 0 3149 0 0 0 498 24 0 8 2 0 0 1 84 3 3 62 72 11 10 9 16 8 7 9 6 5 9 4 10 3 2 9 1 0 0 15 2 2 1 3 1 0 0 1 2 3 7 9 11 13 1 0 1 2 3 4 5 6 7
0 1 2 3 4 5 6 5 5 4 4 3 3 3 3 8 4 63 2 0 1 2 3 15 6 7 1 3 4 5 0 0 1 1 2 3143 3146 0 0 1 495 0 0 22 0 2 0 0 2 80 2 2 61 41 29 19 9 8 15 7 6 8 5 4 8 3 9 2 1 8 0 5 2 2 1 1 0 0 0 0 0 1 2 0 0 0 0 0 1 2 3 4 5 6 7 8
0 1 2 3 4 5 6 7 6 6 5 5 4 4 4 4 9 69 3 1 0 0 1 2 19 7 8 2 0 0 6 1 3 4 3135 0 0 0 0 1 486 3 0 6 4 1 0 0 32 46 1 1 60 30 9 8 8 8 7 14 6 5 7 4 3 7 2 8 1 0 7 2 1 1 1 0 0 0 0 1 1 0 0 0 0 0 0 0 1 2 3 4 5 6 7 8
0 1 2 7 5 6 7 8 7 0 7 6 13 5 11 5 5 10 74 0 2 1 0 1 2 23 32 42 3 1 8 2 3 755 3129 0 1 2 4 5 479 0 0 2 2 1 0 0 30 45 0 0 59 29 9 8 7 7 7 6 13 5 4 6 3 2 6 1 7 0 4 1 1 0 0 0 0 0 1 1 2 2 1 1 1 1 1 1 0 0 0 1 2 3 4 0
0 1 2 3 14 0 15 9 8 0 1 8 0 15 0 12 6 6 86 0 1 3 2 3 4 5 0 0 43 48 60 65 750 0 2 2367 0 0 1 93 376 7 0 0 0 1 0 0 28 43 0 29 28 9 8 8 7 6 6 6 5 12 4 3 5 2 1 5 0 6 1 1 0 0 0 0 0 1 1 2 2 3 3 2 2 2 2 2 2 1 1 0 0 0 0 5
0 1 2 3 4 15 17 10 9 1 0 2 12 13 30 32 46 14 87 0 1 2 4 0 0 0 6 1 1 2 3 682 0 0 0 2365 0 0 6 83 375 0 4 3 2 1 0 3 23 30 11 28 18 8 8 7 7 6 5 5 5 4 11 3 2 4 1 0 4 3 1 0 0 0 0 1 1 1 2 2 3 3 4 4 3 3 3 3 3 3 2 2 1 1 1 1
0 1 2 3 4 5 34 11 10 0 2 1 0 1 2 3 4 52 103 0 1 2 3 5 7 9 11 21 22 23 680 0 0 0 2363 0 0 5 0 81 1 372 10 9 6 1 0 2 22 29 10 27 8 8 7 7 6 6 5 4 4 4 3 10 2 1 3 0 3 1 0 0 0 0 1 1 2 2 2 3 3 4 4 5 5 4 4 4 4 4 4 3 3 2 2 2
0 1 2 3 4 5 41 23 0 1 0 3 2 0 0 0 1 2 56 105 0 2 6 11 12 13 14 15 16 0 655 0 2 2343 2361 0 1 1 80 0 222 137 1 0 1 3 0 1 21 28 9 17 8 7 7 6 6 5 5 4 3 3 3 2 9 1 0 2 1 0 0 0 0 1 1 2 2 3 3 3 4 4 5 5 6 6 5 5 5 5 5 5 4 4 3 3
0 1 2 3 4 5 48 25 2 0 0 1 4 8 1 1 0 1 2 57 106 1 0 1 2 3 4 5 6 652 0 0 2338 0 13 0 0 0 79 221 5 128 2 1 0 0 2 0 20 27 8 8 7 7 6 6 5 5 4 4 3 2 2 2 1 8 0 1 0 0 0 0 1 1 2 2 3 3 4 4 4 5 5 6 6 7 7 6 6 6 6 6 6 5 5 4
0 1 2 3 4 5 6 75 3 1 0 1 4 5 15 18 2 3 4 8 58 109 0 0 0 1 2 3 4 627 0 0 2336 4 12 0 0 78 220 4 0 123 15 14 13 12 0 1 19 17 8 7 7 6 6 5 5 4 4 3 3 2 1 1 1 0 7 1 0 0 0 1 1 2 2 3 3 4 4 5 5 5 6 6 7 7 8 8 7 7 7 7 7 7 6 6
0 2 5 3 4 5 6 83 4 2 1 0 1 2 3 4 24 25 26 27 37 169 0 1 3 4 602 607 608 10 0 2335 3 0 3 0 0 75 219 3 2 103 24 23 22 10 10 0 18 8 7 7 6 6 5 5 4 4 3 3 2 2 1 0 0 0 4 0 0 0 1 1 2 2 3 3 4 4 5 5 6 6 6 7 7 8 8 9 9 8 8 17 8 8 17 2171
0 1 2 9 4 5 13 0 84 8 2 0 0 2 324 327 330 332 333 0 1 40 170 172 593 596 3 2 6 1 0 2334 2 1 0 0 71 2 218 2 1 50 26 25 10 10 9 9 8 8 7 6 6 5 5 4 4 3 3 2 2 1 1 0 0 2 0 0 0 1 1 2 2 3 3 4 9 15 21 28 6 7 7 15 8 0 9 9 20 10 9 10 18 28 2145 15
0 1 2 3 14 5 6 14 1 87 295 1 0 320 1 1 0 0 1 336 337 338 380 419 1 0 1 1 2 0 7 2325 1 0 64 66 2 1 217 1 0 26 22 10 13 9 9 8 8 7 7 6 5 5 4 4 3 3 2 2 1 1 0 0 0 0 0 1 1 1 2 2 3 3 8 0 0 0 1 2 32 40 49 74 9 0 1 10 0 21 33 0 12 2107 7 14
0 1 2 3 4 20 6 7 15 194 1 298 319 0 0 0 1 2 3 16 22 30 34 2 0 0 0 1 1 2 6 2324 0 61 1 0 1 0 215 0 0 13 11 10 9 12 8 8 7 7 6 6 5 4 4 3 3 2 2 1 1 0 0 0 0 0 1 1 2 2 2 3 3 4 13 1 0 1 0 0 1 2 3 4 90 1 0 2 11 1 0 35 2075 17 6 6
0 0 0 1 2 3 21 7 177 0 0 3 17 0 0 2 3 7 11 4 6 0 1 0 0 0 0 0 0 1 2 2323 4 55 1 0 0 10 23 179 27 13 12 10 9 8 11 7 7 6 6 5 5 4 3 3 2 2 1 1 0 0 0 1 1 1 1 2 2 3 7 3 4 4 5 16 0 1 2 1 0 1 2 3 4 98 1 0 3 12 15 2036 1 16 5 4
0 1 1 2 3 4 4 27 160 0 0 0 11 0 0 0 2 2 3 3 1 0 0 1 2 0 1 0 0 1 2128 193 3 16 35 0 9 10 11 136 13 12 12 11 9 8 7 10 6 6 5 5 4 4 3 2 2 1 1 0 0 0 1 2 2 2 2 2 3 3 4 13 4 5 5 23 0 1 2 3 2 0 0 0 0 0 99 2 1 6 2012 6 0 15 3 0
0 1 2 0 0 1 7 127 2 1 0 0 5 2 0 0 1 2 2 0 0 0 0 1 2 3 1 4 6 2125 188 3 2 2 12 34 8 9 10 87 47 12 11 11 10 8 7 6 9 5 5 4 4 3 3 2 1 1 0 0 0 0 0 0 4 8 12 3 3 4 0 0 15 21 6 6 24 1 2 3 4 3 1 1 1 3 5 103 1981 2001 1 0 5 14 1 0
0 1 5 1 0 46 50 0 66 1 0 0 0 2 0 0 1 1 0 1 2 4 1 2 3 53 78 1818 2117 154 32 2 1 1 11 33 7 8 9 79 6 46 11 10 10 9 7 6 5 8 4 4 3 3 2 2 1 0 0 0 0 2 0 1 0 1 2 16 21 4 5 7 0 1 24 32 7 25 2 3 9 0 4 2 5 307 309 1876 0 11 5 0 4 7 5 0
0 1 8 2 44 0 1 8 8 45 40 4 3 2 1 0 0 0 1 2 3 4 10 11 45 19 1738 297 77 75 31 1 0 0 10 32 6 7 8 16 61 5 45 10 9 9 8 6 5 4 7 3 3 2 2 1 1 0 0 1 7 9 3 1 2 3 4 7 8 31 37 38 47 0 0 1 35 216 248 258 263 287 290 297 300 0 0 1559 1 7 0 4 3 2 3 4
1 2 12 38 1 0 0 7 7 1 1 34 4 1 1 0 0 1 6 10 14 22 27 32 18 1737 296 7 68 74 28 1 0 0 8 31 5 6 7 15 56 3 4 44 9 8 8 7 5 4 3 6 2 2 1 1 0 0 0 3 0 1 12 6 0 0 1 0 1 2 3 4 5 145 164 168 171 4 5 5 12 0 0 0 0 0 0 1557 1 0 6 3 2 1 2 2
2 3 4 24 1 0 0 5 6 0 0 22 5 1 0 0 1 3 2 2 6 3 3 3 13 1736 295 6 67 73 22 4 0 2 4 30 4 5 6 14 50 4 2 3 43 8 7 7 6 4 3 2 5 1 1 0 0 0 1 16 17 0 1 15 23 25 0 1 2 3 4 5 90 16 2 1 3 4 4 5 0 1 2 0 0 1 1543 4 4 0 5 2 1 0 1 0
0 1 3 16 1 0 0 3 4 0 0 20 2 1 0 0 0 1 1 5 2 2 2 2 9 1735 294 5 66 72 21 2 0 1 3 29 3 4 5 13 41 7 3 1 2 42 7 6 6 5 3 2 1 4 0 0 4 9 15 0 1 20 29 33 35 36 63 64 65 77 80 83 15 1 0 2 3 3 4 4 5 6 7 3 1 1519 14 4 3 3 2 1 1 0 0 0
0 0 0 5 2 1 0 1 0 3 13 2 2 1 0 0 0 0 4 1 1 1 1 1 6 1734 293 4 65 71 9 10 1 0 2 28 2 3 4 12 36 3 6 2 0 1 41 6 5 5 4 2 1 0 3 3 3 2 1 0 4 7 2 0 0 1 2 3 10 1 1 1 12 0 1 2 2 3 3 3 4 5 6 23 1431 84 2 10 3 2 2 1 0 0 0 1
0 67 0 4 3 2 1 0 0 2 10 1 1 1 0 0 2 3 0 0 0 0 0 0 4 1733 292 3 64 70 3 4 9 0 1 27 1 2 3 11 22 12 2 5 1 0 7 32 5 4 4 3 1 0 2 2 2 1 0 2 1 1 0 1 2 3 4 5 0 0 0 9 1 0 1 1 2 2 2 1 3 5 7 1400 1 82 0 1 9 2 1 1 0 0 0 1
74 0 64 61 4 3 2 1 0 1 6 2 0 0 0 1 4 6 7 0 0 1 2 3 30 1701 291 2 63 66 2 2 3 8 0 26 0 1 2 10 3 17 11 1 4 0 6 26 4 4 3 3 2 0 1 1 1 0 1 0 0 0 1 2 3 0 0 0 0 0 1 6 0 0 0 1 1 1 0 0 0 0 5 1393 0 5 75 1 0 8 1 0 0 0 2 3
0 2 1 55 5 4 3 2 1 0 0 5 1 0 0 1 0 1 2 15 17 18 23 29 6 1693 290 1 62 35 29 1 1 2 7 15 9 0 1 9 2 8 7 10 0 3 5 21 3 3 3 2 2 1 0 0 0 0 0 1 2 3 4 0 1 6 8 1 1 1 2 3 1 0 0 0 0 0 1 2 3 4 0 1391 0 3 71 0 0 1 5 0 0 2 3 4
2 1 0 1 46 34 31 29 20 2 1 0 4 1 0 0 0 1 3 1 2 3 4 0 4 1692 289 0 61 12 21 28 0 0 1 6 14 8 0 8 1 7 6 2 6 2 4 5 14 2 2 2 1 1 0 0 1 2 0 1 2 3 4 10 11 12 13 23 26 29 30 0 0 0 0 0 1 2 3 4 5 6 1381 8 0 1 64 5 0 0 3 0 0 0 1 16
1 0 0 0 4 5 1 0 7 16 6 0 0 1 0 0 0 0 0 0 2 3 2 3 4 1686 282 5 56 3 11 20 27 25 0 0 5 13 7 7 0 6 5 1 5 1 3 4 10 2 1 1 1 0 0 0 1 2 3 0 0 1 2 3 4 5 6 7 8 9 10 31 2 1 0 1 0 1 2 3 4 1365 7 7 0 3 3 55 3 0 1 0 0 4 13 1
29 2 1 0 3 2 1 0 1 4 8 4 0 0 1 0 0 0 0 0 0 1 2 3 1685 128 152 3 0 55 2 10 19 0 23 14 5 4 12 6 6 5 4 0 4 0 2 3 4 4 1 0 0 0 0 0 0 1 5 4 1 0 1 2 3 4 5 6 7 8 934 949 984 5 1 0 2 0 1 1336 1344 14 6 6 2 0 1 7 46 1 0 0 2 7 0 1
19 5 4 3 2 2 1 0 0 3 2 4 1 0 2 1 1 0 1 1 0 1 1640 1684 115 11 4 146 2 21 32 1 9 18 8 7 7 4 3 11 5 5 4 3 2 0 1 2 3 2 0 0 0 0 0 1 1 0 1 8 14 17 18 19 20 21 22 23 24 924 2 1 0 990 997 3 0 4 1333 4 1 13 5 5 1 0 2 3 43 1 0 0 2 3 0 0
18 3 2 1 0 1 1 0 0 1 1 3 0 0 1 5 2 1 0 2 35 1639 42 103 10 10 3 4 140 1 20 31 0 8 8 7 6 6 3 2 10 4 4 3 2 1 0 1 2 0 0 0 0 1 1 1 2 2 3 4 5 6 7 8 0 0 0 889 895 2 1 0 3 0 1 1000 1005 1327 1 1 0 12 4 4 0 1 2 23 11 6 0 1 2 0 1 2740
13 6 5 4 3 1 0 0 0 0 1 0 0 2 4 8 3 0 3 29 1602 41 52 49 9 9 2 3 137 1 0 19 30 19 7 7 6 5 5 2 1 9 3 3 2 1 0 0 1 0 0 0 1 1 2 2 2 3 0 1 2 3 4 5 15 1 887 3 0 1 0 2 0 1 2 3 316 3 0 0 1 9 3 3 0 1 22 3 6 5 0 1 5 11 12 2724
