wepppy/topo/watershed_abstraction/tests/data/flowpath_infinite_loop/dem/topaz/FVSLOP.ARC
ncols   447
nrows   443
xllcorner  507961
yllcorner 5195383
cellsize   30.00
nodata_value    -1.0
[rows 290 to 318 of 443, columns 335 to 401 of 447]
0.38667 0.46333 0.45667 0.33941 0.33000 0.38667 0.49969 0.43134 0.32527 0.29463 0.29698 0.29463 0.27106 0.16263 0.21685 0.27813 0.30641 0.22392 0.25333 0.32333 0.29667 0.38184 0.27813 0.29667 0.31667 0.32000 0.29667 0.24333 0.24000 0.24277 0.24749 0.23333 0.24667 0.20333 0.16499 0.23570 0.26870 0.29227 0.31820 0.30170 0.20742 0.18000 0.17333 0.24333 0.21333 0.21667 0.20333 0.19092 0.21449 0.23333 0.14333 0.13671 0.13333 0.11000 0.03667 0.01000 0.08333 0.21000 0.20667 0.20506 0.20270 0.17678 0.16263 0.14849 0.13435 0.15321 0.17206
0.41333 0.45000 0.39598 0.40333 0.41667 0.38333 0.46905 0.44076 0.39834 0.35120 0.28756 0.26870 0.23667 0.11549 0.22863 0.28756 0.30333 0.23570 0.18620 0.32667 0.31333 0.34413 0.31584 0.31667 0.33000 0.31333 0.30000 0.23333 0.15667 0.19799 0.22863 0.24667 0.26333 0.24277 0.26399 0.20506 0.18620 0.24749 0.30170 0.31113 0.24042 0.23000 0.25000 0.27667 0.21667 0.20000 0.21000 0.21333 0.21000 0.15000 0.06600 0.13199 0.18000 0.12333 0.04667 0.00333 0.05667 0.16333 0.19092 0.19799 0.20035 0.19092 0.16735 0.13906 0.13671 0.16667 0.17206
0.40333 0.42426 0.38000 0.45000 0.41667 0.25927 0.37005 0.33705 0.30641 0.28667 0.29333 0.29000 0.25000 0.14614 0.25692 0.30641 0.28991 0.25220 0.20977 0.21000 0.30000 0.26870 0.28049 0.20977 0.29000 0.30667 0.31000 0.26000 0.20742 0.18000 0.21333 0.24000 0.25000 0.25220 0.28049 0.25692 0.21449 0.16263 0.21920 0.25220 0.24667 0.28000 0.30000 0.28000 0.22667 0.20667 0.21000 0.15333 0.13906 0.17442 0.18000 0.16735 0.22667 0.15333 0.04667 0.00333 0.02667 0.11333 0.16667 0.18856 0.19092 0.18856 0.17678 0.15556 0.14849 0.16000 0.17206
0.39834 0.45019 0.50000 0.50333 0.32527 0.28991 0.28667 0.27813 0.31667 0.33667 0.32000 0.27667 0.21667 0.14142 0.24000 0.28667 0.28520 0.25927 0.24277 0.21685 0.27333 0.24667 0.24000 0.24513 0.20742 0.25000 0.20667 0.16000 0.20035 0.18333 0.21000 0.22000 0.18333 0.23806 0.27813 0.25927 0.28000 0.26333 0.15085 0.21000 0.29000 0.28000 0.31333 0.25333 0.20333 0.19000 0.26667 0.09000 0.08957 0.14142 0.19667 0.17667 0.23333 0.16667 0.06333 0.00000 0.00667 0.07000 0.13333 0.17206 0.18149 0.17913 0.16499 0.16667 0.16499 0.13435 0.13671
0.37667 0.50000 0.49333 0.34648 0.30170 0.30000 0.27000 0.28667 0.34000 0.37333 0.31667 0.26000 0.18333 0.09899 0.19667 0.32333 0.33000 0.22627 0.23570 0.23806 0.20333 0.24667 0.20333 0.25333 0.17206 0.18385 0.23333 0.20333 0.22156 0.21000 0.20333 0.20333 0.19328 0.22392 0.23570 0.28000 0.32667 0.27333 0.24984 0.20667 0.31333 0.30333 0.32667 0.17667 0.17333 0.15792 0.23570 0.23099 0.29934 0.27667 0.27667 0.19328 0.20000 0.14000 0.06000 0.00000 0.00000 0.02667 0.09000 0.14142 0.17442 0.18149 0.17000 0.16333 0.16971 0.16263 0.15792
0.30641 0.24984 0.15792 0.28000 0.35000 0.32333 0.32333 0.37667 0.36000 0.32000 0.30333 0.25667 0.15667 0.12492 0.21213 0.30667 0.33667 0.27667 0.26634 0.26399 0.18000 0.23000 0.22667 0.16667 0.26333 0.16028 0.11333 0.16000 0.19563 0.19000 0.21667 0.17442 0.19092 0.19563 0.24000 0.30000 0.27333 0.26163 0.28284 0.18385 0.27000 0.25000 0.30406 0.27341 0.25927 0.22627 0.28756 0.42426 0.31667 0.10667 0.04007 0.12667 0.17000 0.06667 0.04242 0.02000 0.00333 0.00000 0.04333 0.09333 0.14000 0.16735 0.17667 0.16735 0.17206 0.17678 0.19092
0.15333 0.22000 0.26667 0.40000 0.38184 0.35827 0.38891 0.44076 0.41484 0.36534 0.35591 0.34177 0.24277 0.22863 0.28991 0.32056 0.30667 0.30000 0.29000 0.21000 0.10371 0.08000 0.14000 0.15333 0.27000 0.19667 0.09428 0.16667 0.19333 0.20333 0.18000 0.18856 0.22627 0.20035 0.21333 0.21667 0.18149 0.22627 0.23000 0.15792 0.17000 0.21333 0.22156 0.31113 0.30877 0.31584 0.36062 0.38667 0.19667 0.04333 0.02000 0.07667 0.12492 0.11314 0.11000 0.09667 0.05000 0.00707 0.02121 0.06000 0.10000 0.13667 0.16000 0.18149 0.20270 0.19328 0.20270
0.31667 0.38667 0.41248 0.42898 0.40069 0.38184 0.42662 0.43369 0.38891 0.35591 0.37241 0.31820 0.22333 0.28667 0.29333 0.30877 0.28049 0.27333 0.31000 0.18667 0.11314 0.10371 0.12667 0.15000 0.14333 0.19000 0.16735 0.10667 0.18667 0.19333 0.17667 0.20035 0.21920 0.22667 0.26000 0.17913 0.17442 0.25000 0.19333 0.12667 0.23335 0.32527 0.26870 0.31667 0.29000 0.29333 0.30333 0.22000 0.11549 0.14000 0.10333 0.11314 0.16499 0.21333 0.18333 0.13906 0.09899 0.06333 0.04478 0.05421 0.09333 0.11333 0.10607 0.15085 0.20270 0.21685 0.20977
0.39362 0.43369 0.37477 0.35591 0.36770 0.38419 0.41248 0.41955 0.38184 0.37477 0.38419 0.23099 0.24667 0.32667 0.35333 0.32333 0.23335 0.22863 0.24667 0.17667 0.14142 0.13906 0.13333 0.14333 0.12333 0.12333 0.27000 0.16499 0.21000 0.24667 0.21920 0.22627 0.22863 0.18667 0.12000 0.17206 0.21667 0.22000 0.21333 0.24000 0.24277 0.22333 0.18333 0.19667 0.18856 0.27341 0.35355 0.43369 0.59000 0.55667 0.52000 0.38667 0.34333 0.28000 0.21449 0.17678 0.13671 0.11333 0.08667 0.07071 0.07071 0.11333 0.12021 0.15556 0.18620 0.22156 0.23099
0.30667 0.30406 0.29333 0.29000 0.30333 0.37667 0.46000 0.43000 0.35591 0.38891 0.28520 0.09899 0.26667 0.35333 0.37333 0.33667 0.28333 0.22000 0.21667 0.12667 0.18333 0.13000 0.07542 0.12728 0.17000 0.21000 0.25456 0.29333 0.13671 0.19333 0.22156 0.23335 0.21213 0.17333 0.15085 0.18667 0.23667 0.16028 0.19333 0.22667 0.22667 0.19333 0.09192 0.17678 0.24513 0.35120 0.50667 0.59333 0.54000 0.41333 0.38419 0.43667 0.39333 0.33941 0.29463 0.19328 0.15333 0.13000 0.11000 0.11667 0.09428 0.09333 0.11667 0.15321 0.17206 0.20506 0.23570
0.30667 0.25692 0.27813 0.28520 0.30333 0.37000 0.48000 0.51667 0.38419 0.39362 0.33470 0.24513 0.25692 0.39000 0.37000 0.29333 0.22667 0.20333 0.21213 0.15321 0.19000 0.18667 0.11333 0.12021 0.17442 0.22333 0.24000 0.26333 0.12021 0.08000 0.14849 0.20270 0.20506 0.16971 0.19799 0.20667 0.20667 0.23000 0.20667 0.19667 0.24667 0.20000 0.15792 0.12021 0.22667 0.30667 0.32333 0.29667 0.26634 0.24513 0.22392 0.24000 0.27341 0.29934 0.32333 0.21213 0.18856 0.19563 0.16667 0.18000 0.13333 0.01886 0.06000 0.11667 0.19667 0.20977 0.23335
0.32527 0.28991 0.27000 0.32667 0.34333 0.39333 0.43667 0.39333 0.38419 0.40305 0.37948 0.31348 0.24513 0.36333 0.33000 0.25667 0.19333 0.16499 0.19799 0.17678 0.21685 0.24277 0.19667 0.19333 0.17667 0.06667 0.09000 0.16000 0.09333 0.02828 0.12000 0.17667 0.20035 0.19328 0.19667 0.21449 0.19092 0.21000 0.20000 0.17333 0.14667 0.07778 0.14333 0.18667 0.11667 0.09428 0.09664 0.18620 0.24042 0.23335 0.21000 0.23570 0.27667 0.27000 0.27577 0.26163 0.24513 0.23335 0.20333 0.19000 0.17000 0.06333 0.03300 0.07333 0.07667 0.14142 0.24984
0.28667 0.32667 0.32667 0.39333 0.37333 0.32333 0.30170 0.37005 0.39000 0.42662 0.41484 0.37712 0.28756 0.32667 0.29000 0.22333 0.18000 0.15333 0.13333 0.12021 0.14142 0.22392 0.27106 0.26163 0.26163 0.24667 0.18856 0.22392 0.24000 0.01886 0.04950 0.13000 0.17442 0.20506 0.19799 0.20742 0.23667 0.25000 0.24667 0.26000 0.18333 0.16971 0.20000 0.21333 0.11667 0.06835 0.07778 0.15085 0.19799 0.22863 0.29000 0.28667 0.24333 0.24749 0.31348 0.30406 0.29698 0.26634 0.23099 0.20667 0.19333 0.14000 0.04007 0.03064 0.04333 0.08250 0.19092
0.33333 0.34667 0.35333 0.40000 0.34333 0.27000 0.31000 0.34667 0.35827 0.35591 0.32291 0.32763 0.23806 0.27000 0.25333 0.21449 0.17913 0.16263 0.16263 0.14378 0.11078 0.11078 0.23335 0.30877 0.27813 0.26634 0.26399 0.29698 0.32763 0.21000 0.07071 0.04000 0.15000 0.20270 0.18620 0.20667 0.24000 0.24000 0.23333 0.16735 0.13671 0.25000 0.24667 0.20333 0.09428 0.09192 0.08014 0.12728 0.17913 0.22333 0.24513 0.28049 0.29227 0.29333 0.28756 0.27106 0.27577 0.27333 0.24667 0.22333 0.21667 0.17667 0.06667 0.01333 0.00707 0.04667 0.10667
0.34667 0.35333 0.36333 0.35667 0.34667 0.32056 0.30170 0.27106 0.24749 0.25667 0.26000 0.33667 0.18333 0.27577 0.28284 0.24984 0.21213 0.19563 0.17678 0.16499 0.15085 0.14000 0.17333 0.15000 0.13435 0.13199 0.15792 0.20667 0.25220 0.28667 0.13667 0.01179 0.11000 0.19563 0.17913 0.19667 0.23667 0.24000 0.22667 0.20977 0.18667 0.30333 0.21000 0.17913 0.15085 0.12492 0.13667 0.09667 0.13000 0.19799 0.31348 0.30877 0.25927 0.25220 0.25456 0.27000 0.28667 0.26667 0.26000 0.24000 0.18149 0.18385 0.12000 0.05333 0.00667 0.00000 0.04000
0.33667 0.36000 0.35000 0.34333 0.40000 0.37712 0.29698 0.25333 0.31333 0.29333 0.28667 0.28667 0.19799 0.28756 0.27577 0.23806 0.22392 0.20977 0.18385 0.17913 0.17442 0.16735 0.18000 0.17333 0.14000 0.09192 0.09899 0.19333 0.23333 0.29333 0.21000 0.06835 0.08667 0.16667 0.21333 0.24000 0.18667 0.11785 0.09664 0.24000 0.30667 0.26000 0.15333 0.17678 0.18620 0.14378 0.14667 0.16499 0.13906 0.14614 0.19092 0.18856 0.21000 0.22667 0.24667 0.25667 0.27000 0.28333 0.22667 0.23099 0.21449 0.20977 0.16667 0.08485 0.04000 0.01000 0.00236
0.31667 0.35667 0.33234 0.39000 0.22392 0.34648 0.34000 0.34667 0.33667 0.30000 0.27333 0.19667 0.18856 0.24667 0.24333 0.19333 0.19328 0.17913 0.17913 0.18149 0.17913 0.17206 0.16735 0.23333 0.24333 0.20667 0.17667 0.16735 0.19333 0.29333 0.26667 0.11078 0.04950 0.12000 0.17000 0.17333 0.14614 0.12021 0.13333 0.29000 0.25000 0.21000 0.18856 0.19563 0.21213 0.20506 0.16971 0.17678 0.16735 0.15321 0.19563 0.24277 0.26870 0.30170 0.26870 0.22392 0.22667 0.23667 0.21920 0.21685 0.19563 0.19799 0.18856 0.12492 0.09000 0.06333 0.02121
0.31113 0.36534 0.31113 0.17678 0.14142 0.40333 0.44000 0.35333 0.29667 0.27333 0.27813 0.18856 0.13333 0.22000 0.22333 0.20667 0.19667 0.17913 0.18385 0.17206 0.17206 0.17442 0.18620 0.18333 0.23000 0.25000 0.23333 0.21333 0.22000 0.24333 0.29333 0.20000 0.07542 0.08333 0.10000 0.06835 0.10607 0.16667 0.18667 0.23000 0.27667 0.22627 0.22392 0.22392 0.23806 0.23099 0.20035 0.17678 0.14378 0.13435 0.17913 0.22627 0.21920 0.24667 0.18856 0.20506 0.20977 0.23806 0.18000 0.17333 0.18000 0.15667 0.15792 0.13671 0.11549 0.09667 0.04667
0.30406 0.27341 0.15792 0.15000 0.23333 0.34333 0.42667 0.34000 0.24000 0.24000 0.29333 0.20000 0.10371 0.21000 0.22333 0.22667 0.21000 0.20035 0.18856 0.18149 0.16263 0.16735 0.17678 0.16028 0.19092 0.28000 0.29333 0.27333 0.27667 0.28667 0.22333 0.25333 0.13906 0.11000 0.10333 0.10842 0.12667 0.17333 0.19092 0.24667 0.25000 0.24984 0.26870 0.25927 0.27106 0.24513 0.19328 0.17442 0.14378 0.11549 0.14333 0.20333 0.18667 0.20000 0.20000 0.19667 0.16000 0.21000 0.13000 0.10333 0.16000 0.12257 0.13435 0.15792 0.15333 0.12667 0.09000
0.26333 0.30000 0.31000 0.32000 0.37005 0.34648 0.27577 0.28000 0.25333 0.31333 0.31000 0.17333 0.12492 0.19667 0.22667 0.25667 0.21667 0.21000 0.17000 0.16499 0.15321 0.19092 0.18620 0.16499 0.19092 0.18385 0.25333 0.28333 0.26333 0.28333 0.22667 0.24000 0.18149 0.10000 0.08667 0.14849 0.14614 0.16000 0.21667 0.23667 0.21000 0.25456 0.24042 0.24042 0.21213 0.19000 0.16667 0.15000 0.20000 0.16667 0.12964 0.15667 0.20333 0.19000 0.22333 0.20667 0.14333 0.16000 0.10371 0.11314 0.15792 0.15085 0.14614 0.17913 0.20000 0.16667 0.12000
0.32333 0.35000 0.36333 0.37477 0.37005 0.33470 0.32056 0.27813 0.26870 0.29463 0.24277 0.15333 0.15321 0.18333 0.21000 0.26000 0.19667 0.18667 0.18333 0.22000 0.14000 0.16499 0.15792 0.15321 0.18856 0.19799 0.20000 0.23667 0.22333 0.21333 0.23333 0.18620 0.20000 0.05000 0.05000 0.12021 0.15333 0.16000 0.13667 0.11078 0.12964 0.19000 0.13667 0.20333 0.23000 0.23333 0.15667 0.12333 0.15333 0.14142 0.09428 0.14000 0.21667 0.19333 0.20667 0.17667 0.09000 0.13906 0.11785 0.10842 0.11549 0.14849 0.17442 0.18385 0.22000 0.21000 0.13000
0.33705 0.33234 0.33000 0.31000 0.33667 0.26667 0.24984 0.23335 0.25692 0.20742 0.20035 0.23000 0.21333 0.14667 0.17000 0.20000 0.17442 0.19328 0.20977 0.24749 0.24667 0.25000 0.13000 0.09000 0.14000 0.14333 0.12964 0.15556 0.17678 0.19333 0.23333 0.22000 0.16667 0.04333 0.05000 0.10000 0.15333 0.13671 0.12021 0.06000 0.13667 0.22333 0.15667 0.22000 0.21333 0.20000 0.27333 0.23333 0.14614 0.11785 0.06333 0.12667 0.18333 0.14333 0.18149 0.19799 0.12728 0.12964 0.12492 0.11078 0.08333 0.11333 0.16499 0.21667 0.22000 0.21000 0.13333
0.27333 0.30667 0.32667 0.29667 0.31333 0.24000 0.26000 0.31584 0.31348 0.26870 0.25000 0.24000 0.22667 0.17667 0.09899 0.15085 0.17442 0.19799 0.22392 0.27341 0.30877 0.31000 0.20333 0.12667 0.14333 0.16000 0.12667 0.11333 0.09192 0.07778 0.13333 0.18333 0.12728 0.05421 0.06000 0.08333 0.06667 0.09899 0.15000 0.13333 0.19333 0.22156 0.16028 0.16028 0.16499 0.19333 0.19333 0.16499 0.18149 0.13667 0.07000 0.11000 0.16667 0.13671 0.15333 0.20667 0.14667 0.09428 0.11549 0.11078 0.11000 0.07778 0.12492 0.20000 0.20506 0.22156 0.18856
0.27667 0.30667 0.33000 0.29000 0.27667 0.22863 0.31333 0.35355 0.39598 0.29934 0.28000 0.23333 0.20667 0.18149 0.14378 0.08485 0.15321 0.18385 0.18856 0.20742 0.28991 0.32998 0.28991 0.21449 0.18149 0.18000 0.16667 0.14000 0.13000 0.06333 0.01414 0.04333 0.09000 0.07071 0.06000 0.05667 0.04950 0.12333 0.20667 0.17000 0.20333 0.17206 0.11314 0.15667 0.18000 0.16263 0.10135 0.10333 0.23333 0.19667 0.12333 0.16667 0.17333 0.16667 0.17667 0.21000 0.11000 0.05893 0.08957 0.10135 0.10000 0.09428 0.11785 0.18149 0.21449 0.22627 0.22156
0.27667 0.30667 0.33000 0.28333 0.20742 0.31333 0.29333 0.32291 0.40069 0.31113 0.23667 0.21667 0.17442 0.17206 0.14142 0.10842 0.10842 0.18000 0.16735 0.19092 0.25456 0.30406 0.33234 0.29934 0.24042 0.21685 0.21685 0.20977 0.21213 0.15333 0.07333 0.03064 0.06333 0.10667 0.07667 0.05185 0.06835 0.15000 0.20000 0.16000 0.17206 0.20000 0.23667 0.19092 0.16263 0.15792 0.14000 0.13667 0.20667 0.21333 0.20333 0.23667 0.18000 0.18333 0.17000 0.17000 0.09192 0.07778 0.10667 0.11000 0.10842 0.12257 0.13199 0.16028 0.20035 0.20506 0.21213
0.28000 0.29667 0.31000 0.26000 0.32763 0.33333 0.23333 0.28991 0.34413 0.32291 0.24000 0.20506 0.19799 0.17678 0.14378 0.14378 0.14142 0.16028 0.12728 0.16735 0.21213 0.23099 0.28756 0.30877 0.28520 0.25927 0.25927 0.25692 0.26870 0.25456 0.16667 0.10667 0.07071 0.08333 0.05667 0.06600 0.08485 0.13667 0.16735 0.18856 0.19328 0.19333 0.17333 0.18385 0.17442 0.17333 0.20333 0.16000 0.17000 0.19667 0.19000 0.21667 0.17000 0.18000 0.13671 0.16971 0.16333 0.19333 0.19000 0.16667 0.13906 0.13906 0.13435 0.12492 0.16028 0.19667 0.19333
0.28667 0.28667 0.25333 0.26870 0.35333 0.28000 0.21213 0.26870 0.27813 0.29227 0.25220 0.25456 0.24513 0.20035 0.14614 0.13906 0.15556 0.17442 0.13906 0.13000 0.13667 0.14142 0.21685 0.27813 0.27813 0.26634 0.24513 0.23806 0.25456 0.27106 0.22863 0.20000 0.10333 0.02000 0.03667 0.06600 0.09428 0.12492 0.14849 0.20333 0.20506 0.14614 0.06364 0.14333 0.19333 0.16667 0.22333 0.19333 0.19333 0.16000 0.10333 0.12000 0.13906 0.17442 0.16735 0.16735 0.21000 0.21000 0.18667 0.19092 0.17206 0.14378 0.14000 0.15333 0.14000 0.19333 0.17333
0.29000 0.25667 0.21000 0.30170 0.31333 0.22000 0.24513 0.26634 0.26399 0.24277 0.22627 0.24513 0.24749 0.18667 0.12667 0.10000 0.09192 0.13671 0.16263 0.16333 0.15333 0.12257 0.13906 0.18149 0.18149 0.18856 0.18620 0.17206 0.19799 0.25220 0.25456 0.25333 0.19000 0.03064 0.04333 0.07667 0.09664 0.12257 0.10842 0.10135 0.15085 0.15000 0.10667 0.13000 0.15667 0.15667 0.22667 0.21000 0.21000 0.15556 0.10842 0.06667 0.11078 0.16028 0.17206 0.20333 0.18333 0.13000 0.11314 0.16028 0.19000 0.17667 0.14000 0.15333 0.12257 0.17678 0.18385
0.26667 0.24042 0.25667 0.28667 0.26333 0.19000 0.26399 0.24984 0.22863 0.16263 0.16000 0.22000 0.27667 0.23000 0.16333 0.08333 0.07000 0.13906 0.18385 0.16971 0.20000 0.19333 0.17678 0.17678 0.16028 0.16028 0.16333 0.14849 0.13435 0.18385 0.22392 0.25333 0.28667 0.06364 0.05000 0.05667 0.07071 0.09899 0.08014 0.05893 0.17333 0.22333 0.13000 0.11785 0.14000 0.15667 0.19333 0.19000 0.17678 0.18667 0.17678 0.14142 0.08485 0.08721 0.10667 0.12000 0.15792 0.11785 0.08333 0.09428 0.19000 0.19333 0.14000 0.13435 0.12492 0.16735 0.18385
