wepppy/topo/watershed_abstraction/tests/data/flowpath_infinite_loop/dem/topaz/FVSLOP.ARC
ncols   447
nrows   443
xllcorner  507961
yllcorner 5195383
cellsize   30.00
nodata_value    -1.0
[rows 87 to 115 of 443, columns 67 to 133 of 447]
0.29000 0.33941 0.33000 0.22627 0.14667 0.17667 0.23333 0.33667 0.32000 0.28000 0.24333 0.21667 0.18667 0.19000 0.10333 0.04333 0.03771 0.07071 0.11078 0.13671 0.13671 0.11785 0.08667 0.14667 0.26399 0.26870 0.23570 0.36667 0.33333 0.13333 0.06600 0.04000 0.02593 0.03064 0.06667 0.10371 0.16263 0.24513 0.27813 0.27577 0.31820 0.33941 0.36770 0.38891 0.41955 0.40541 0.37241 0.32998 0.22392 0.15667 0.26667 0.26163 0.29698 0.25456 0.21213 0.21333 0.25000 0.27667 0.30877 0.31584 0.26163 0.20742 0.13906 0.23335 0.39000 0.39000 0.34177
0.32667 0.29698 0.28284 0.29227 0.20667 0.22333 0.17678 0.23570 0.31820 0.31584 0.28333 0.22627 0.20977 0.21000 0.13667 0.08333 0.06667 0.06333 0.08957 0.10135 0.12964 0.15085 0.12964 0.19000 0.27341 0.29698 0.23335 0.34667 0.27000 0.12333 0.04667 0.01000 0.02357 0.06667 0.10000 0.13199 0.20035 0.25456 0.24513 0.25927 0.28756 0.30641 0.32527 0.32763 0.32998 0.30667 0.26667 0.25927 0.22863 0.27667 0.31000 0.29934 0.35120 0.27341 0.23570 0.24000 0.28333 0.32333 0.33234 0.35120 0.31820 0.29463 0.25927 0.23667 0.36000 0.34413 0.33941
0.29000 0.31333 0.27577 0.28333 0.10135 0.15000 0.16028 0.14614 0.21333 0.28333 0.30333 0.20667 0.18000 0.19667 0.16667 0.10667 0.08333 0.09667 0.10333 0.08485 0.12492 0.14614 0.10371 0.06667 0.19667 0.29227 0.23099 0.32667 0.21000 0.09667 0.02000 0.00000 0.04333 0.07667 0.11333 0.15667 0.22333 0.20977 0.20000 0.24000 0.26333 0.26667 0.25667 0.25667 0.28667 0.24984 0.25456 0.26634 0.29333 0.32333 0.27000 0.32527 0.33705 0.26634 0.25333 0.25667 0.26667 0.26000 0.31113 0.32763 0.29934 0.28520 0.31333 0.20270 0.33234 0.37005 0.34413
0.26399 0.29667 0.32000 0.29934 0.21000 0.23000 0.21920 0.15333 0.16333 0.25667 0.30000 0.20000 0.19000 0.15667 0.16667 0.11000 0.08485 0.11667 0.12000 0.12000 0.14000 0.15000 0.08333 0.01886 0.08000 0.20667 0.22627 0.24667 0.15000 0.07000 0.00000 0.02667 0.06364 0.08250 0.08957 0.15000 0.24333 0.20333 0.20333 0.24667 0.26333 0.23667 0.23333 0.23333 0.23570 0.23806 0.24042 0.30333 0.35000 0.31333 0.24749 0.35355 0.31348 0.24333 0.27333 0.25667 0.21000 0.18620 0.23000 0.29667 0.29000 0.29000 0.31333 0.20667 0.33470 0.41012 0.39127
0.23806 0.20035 0.22627 0.26163 0.17000 0.13333 0.17678 0.17667 0.14000 0.18333 0.28667 0.18333 0.21000 0.14849 0.17442 0.16028 0.12492 0.14000 0.14333 0.13000 0.15000 0.14000 0.08667 0.04478 0.03667 0.12000 0.16028 0.17442 0.11000 0.03667 0.00236 0.08667 0.10842 0.11785 0.11549 0.12492 0.21333 0.18000 0.20667 0.22333 0.25333 0.25456 0.26163 0.25220 0.24277 0.22863 0.20035 0.20000 0.21000 0.17333 0.23570 0.34000 0.27106 0.20270 0.18385 0.16735 0.14614 0.18333 0.29333 0.29667 0.27333 0.30667 0.29333 0.24667 0.23335 0.40305 0.41955
0.30667 0.21920 0.17913 0.16971 0.13906 0.16667 0.20333 0.18333 0.15667 0.11667 0.27106 0.26163 0.27577 0.24749 0.20742 0.18856 0.16028 0.16667 0.19000 0.14333 0.13000 0.11667 0.09899 0.08333 0.05893 0.09428 0.16263 0.16971 0.12333 0.05421 0.06128 0.12021 0.16263 0.22333 0.31000 0.30333 0.24042 0.14614 0.17333 0.14000 0.20667 0.23806 0.26163 0.27106 0.24513 0.24042 0.21685 0.16028 0.13667 0.12492 0.24749 0.30000 0.25692 0.20506 0.18385 0.10371 0.14667 0.31333 0.34000 0.27341 0.26333 0.30000 0.27000 0.25000 0.22667 0.37712 0.46669
0.29333 0.26333 0.10000 0.13906 0.16499 0.15333 0.21000 0.20667 0.15792 0.14000 0.18667 0.16499 0.18385 0.24513 0.23335 0.20035 0.18385 0.18667 0.21333 0.16333 0.15000 0.15333 0.09667 0.07000 0.08250 0.09664 0.12021 0.09667 0.03333 0.05421 0.12333 0.17333 0.25000 0.31348 0.31348 0.32333 0.37333 0.29000 0.18620 0.07071 0.12000 0.18333 0.18667 0.21000 0.18620 0.16499 0.18149 0.14142 0.03064 0.05333 0.23333 0.25220 0.23806 0.23335 0.21000 0.23667 0.28333 0.35120 0.30170 0.24000 0.27667 0.29667 0.23667 0.27000 0.32333 0.34333 0.48319
0.28000 0.30000 0.21000 0.16000 0.14142 0.10135 0.12333 0.16667 0.16735 0.13435 0.16263 0.16000 0.14333 0.12728 0.19000 0.17678 0.19000 0.19667 0.24000 0.19000 0.15333 0.15333 0.09667 0.09667 0.10135 0.08485 0.07542 0.03536 0.03333 0.08014 0.14667 0.21000 0.30667 0.27813 0.25220 0.23335 0.20035 0.21333 0.21333 0.14667 0.09664 0.14000 0.15000 0.16333 0.15667 0.10333 0.14333 0.16333 0.05667 0.03667 0.12333 0.18667 0.14667 0.24333 0.29333 0.32333 0.35667 0.32056 0.25692 0.21685 0.26000 0.26333 0.21333 0.27667 0.40000 0.32000 0.24042
0.32527 0.35000 0.28333 0.23333 0.17000 0.13199 0.13435 0.20333 0.21685 0.17442 0.17913 0.17678 0.21333 0.18000 0.14000 0.15000 0.18000 0.20000 0.23667 0.20333 0.15333 0.12667 0.13199 0.16263 0.14142 0.09428 0.07307 0.04333 0.04000 0.07778 0.18000 0.23000 0.32667 0.32333 0.24667 0.20977 0.19092 0.22667 0.25333 0.29000 0.27000 0.17678 0.10842 0.11667 0.22333 0.19000 0.20506 0.21920 0.18333 0.19667 0.17206 0.15321 0.09333 0.21000 0.29667 0.34333 0.39333 0.32763 0.20742 0.21667 0.27667 0.21920 0.17333 0.24333 0.35667 0.34667 0.19333
0.24333 0.33333 0.32000 0.22333 0.17667 0.21000 0.14142 0.13000 0.21333 0.24333 0.21449 0.18000 0.15000 0.13667 0.10000 0.11078 0.16333 0.18333 0.21333 0.20667 0.19333 0.17667 0.15792 0.17913 0.14378 0.09192 0.07333 0.05332 0.02828 0.05893 0.25333 0.30333 0.34000 0.29667 0.26333 0.22392 0.19563 0.19333 0.22333 0.25333 0.26000 0.22333 0.09664 0.05657 0.25667 0.23000 0.24333 0.24667 0.31333 0.40667 0.45667 0.39667 0.30667 0.23099 0.15556 0.27333 0.40000 0.39362 0.30170 0.24000 0.29333 0.22667 0.16667 0.22000 0.29000 0.35000 0.31333
0.23570 0.28667 0.30333 0.23000 0.19563 0.23667 0.14333 0.06128 0.13000 0.17667 0.16333 0.11000 0.08333 0.10333 0.11667 0.12964 0.13671 0.16000 0.20000 0.21667 0.22000 0.21333 0.16735 0.16971 0.11785 0.06333 0.01666 0.00000 0.01332 0.14667 0.32000 0.36667 0.35355 0.28284 0.23099 0.23667 0.21667 0.19333 0.22667 0.25333 0.28000 0.30333 0.32333 0.26000 0.20035 0.16000 0.25667 0.32667 0.32000 0.28284 0.34333 0.39333 0.42333 0.39333 0.26333 0.21213 0.18333 0.38667 0.35667 0.24667 0.29333 0.27000 0.18333 0.20667 0.25667 0.31667 0.38333
0.23335 0.27667 0.27667 0.21667 0.20333 0.19000 0.17206 0.15792 0.18000 0.18333 0.16000 0.11667 0.10333 0.13333 0.14000 0.12257 0.11785 0.13000 0.17667 0.19667 0.25000 0.24667 0.19000 0.17000 0.09333 0.00000 0.00000 0.00000 0.05999 0.25000 0.35120 0.37712 0.30877 0.23335 0.20270 0.23667 0.23667 0.21000 0.26333 0.27000 0.26667 0.26000 0.26000 0.26667 0.18667 0.14849 0.15667 0.30333 0.43000 0.37000 0.29463 0.26667 0.30333 0.34667 0.37667 0.32000 0.24984 0.29227 0.35000 0.20333 0.22333 0.30667 0.22333 0.18333 0.26667 0.32667 0.39667
0.21213 0.21685 0.23000 0.21667 0.22000 0.21333 0.16667 0.16028 0.10000 0.13667 0.13199 0.10667 0.11667 0.14000 0.12333 0.11000 0.10135 0.13435 0.16333 0.17667 0.24667 0.26333 0.21667 0.17333 0.03999 0.00000 0.00000 0.00000 0.16333 0.29667 0.35355 0.34648 0.25927 0.19092 0.20000 0.22000 0.21000 0.22000 0.16333 0.13000 0.23000 0.30667 0.35000 0.36667 0.35333 0.27333 0.16499 0.16971 0.42667 0.45000 0.35333 0.22156 0.25667 0.31333 0.38000 0.42667 0.40333 0.30406 0.25692 0.26333 0.24000 0.25667 0.22667 0.20667 0.30667 0.32667 0.37000
0.19333 0.20270 0.19799 0.17667 0.22000 0.23000 0.20667 0.16333 0.11785 0.15667 0.19667 0.15792 0.12000 0.12000 0.12333 0.11000 0.11078 0.15792 0.17442 0.17206 0.23667 0.25667 0.23333 0.17333 0.00000 0.00000 0.00000 0.00000 0.24666 0.32667 0.35333 0.32000 0.20977 0.18667 0.20000 0.21000 0.16667 0.19000 0.16000 0.15792 0.18385 0.16667 0.30667 0.39333 0.39000 0.36667 0.32333 0.24277 0.29934 0.39000 0.46000 0.33000 0.24984 0.24333 0.25667 0.29333 0.30667 0.27667 0.23570 0.26634 0.28000 0.25220 0.21213 0.28667 0.35355 0.37477 0.36062
0.23000 0.22000 0.19328 0.17913 0.18620 0.17667 0.24667 0.22000 0.12964 0.13435 0.20667 0.23000 0.21000 0.16667 0.13671 0.09667 0.11078 0.15085 0.17442 0.19328 0.21449 0.23667 0.23333 0.12999 0.00000 0.00000 0.00000 0.00000 0.31999 0.34333 0.34667 0.28667 0.18667 0.18333 0.18667 0.19000 0.14849 0.18856 0.22392 0.22392 0.22156 0.21000 0.24333 0.24667 0.30000 0.27333 0.26000 0.25333 0.32998 0.37712 0.44000 0.30000 0.21449 0.18856 0.20333 0.27667 0.31000 0.31333 0.26333 0.26634 0.27106 0.21213 0.21213 0.25000 0.37333 0.34333 0.29333
0.23000 0.22000 0.20333 0.20035 0.20270 0.17442 0.17333 0.21667 0.21667 0.11667 0.05657 0.13333 0.14333 0.11333 0.13671 0.10667 0.09664 0.13199 0.20270 0.24984 0.26399 0.27341 0.22000 0.06000 0.00000 0.00000 0.00000 0.03333 0.35000 0.33333 0.34000 0.25333 0.17667 0.17667 0.15667 0.16735 0.17678 0.18385 0.19563 0.18385 0.26333 0.24000 0.25333 0.29667 0.24984 0.25667 0.21667 0.23667 0.37005 0.45491 0.43605 0.24984 0.19333 0.18667 0.20000 0.18856 0.13435 0.16333 0.20000 0.22156 0.25692 0.24042 0.28756 0.31584 0.33234 0.28000 0.24667
0.20667 0.20667 0.19667 0.21449 0.23099 0.20742 0.19000 0.13906 0.21920 0.27333 0.06333 0.05185 0.08333 0.11333 0.13671 0.12000 0.09000 0.12964 0.21685 0.28520 0.28284 0.21920 0.12000 0.00000 0.00000 0.00000 0.00000 0.13333 0.29333 0.30333 0.31667 0.25000 0.15000 0.16499 0.18385 0.17333 0.17678 0.17913 0.18667 0.29000 0.29667 0.23000 0.24333 0.26667 0.12333 0.18620 0.20000 0.22333 0.34177 0.30877 0.20742 0.17913 0.19092 0.22392 0.27341 0.20506 0.09664 0.07307 0.11000 0.15556 0.15792 0.16735 0.22627 0.30406 0.29934 0.25220 0.21000
0.18000 0.20667 0.21667 0.21449 0.21685 0.18333 0.15333 0.12257 0.14849 0.29698 0.24667 0.10333 0.05657 0.09667 0.19667 0.17667 0.14378 0.16263 0.23570 0.31333 0.22391 0.09666 0.00000 0.00000 0.00000 0.00000 0.06000 0.15333 0.23000 0.26333 0.28667 0.24667 0.17678 0.17000 0.20035 0.15556 0.10333 0.26333 0.24667 0.27667 0.27000 0.20000 0.23667 0.24667 0.14142 0.07778 0.17333 0.23333 0.22863 0.16263 0.20270 0.18385 0.18149 0.20506 0.26163 0.25927 0.18149 0.13906 0.14849 0.18620 0.20035 0.23099 0.25220 0.27106 0.31000 0.27667 0.24000
0.14142 0.15085 0.18149 0.19092 0.18620 0.16735 0.17667 0.19563 0.17678 0.18149 0.28991 0.22667 0.08667 0.11785 0.13667 0.22333 0.22000 0.20000 0.26163 0.34000 0.19000 0.00000 0.00000 0.00000 0.00000 0.01666 0.09333 0.14000 0.18333 0.22000 0.25667 0.23099 0.17678 0.15085 0.13906 0.18667 0.18333 0.26000 0.22333 0.23335 0.21685 0.22000 0.24667 0.23099 0.18856 0.12021 0.11000 0.20000 0.22000 0.21685 0.22863 0.18385 0.16499 0.19092 0.23806 0.26399 0.23099 0.20506 0.18620 0.20333 0.20742 0.23335 0.25220 0.29000 0.30667 0.29000 0.23000
0.06667 0.08667 0.14849 0.16735 0.16028 0.13671 0.11333 0.16499 0.23806 0.14142 0.21449 0.23806 0.19000 0.16667 0.09428 0.11333 0.19667 0.22333 0.26163 0.25667 0.12333 0.00000 0.00000 0.00000 0.03666 0.10667 0.13906 0.15556 0.15321 0.11667 0.20667 0.24984 0.21920 0.15792 0.17667 0.21000 0.19000 0.19563 0.20270 0.24000 0.22667 0.22863 0.25456 0.23570 0.19092 0.15085 0.16667 0.20000 0.16000 0.21920 0.24513 0.21920 0.19328 0.19799 0.21449 0.23806 0.25667 0.26333 0.25000 0.22863 0.15792 0.21000 0.31333 0.33667 0.29667 0.27000 0.18333
0.11333 0.11667 0.18000 0.13333 0.07333 0.08721 0.06667 0.14333 0.22392 0.21213 0.16333 0.16667 0.18149 0.24333 0.13333 0.11785 0.15556 0.21333 0.18856 0.15000 0.07000 0.00000 0.02000 0.08666 0.15333 0.21333 0.26333 0.24513 0.18620 0.08485 0.04667 0.14667 0.25692 0.21685 0.19000 0.18620 0.16971 0.17667 0.20333 0.24667 0.20742 0.23335 0.25220 0.24667 0.18385 0.14667 0.18667 0.16333 0.15085 0.21449 0.23099 0.22627 0.22156 0.25000 0.31000 0.29698 0.26399 0.23335 0.15321 0.22000 0.23000 0.26667 0.33667 0.30667 0.23667 0.20333 0.24513
0.15667 0.12728 0.17206 0.17678 0.18000 0.10000 0.05893 0.08667 0.19000 0.22000 0.18667 0.13671 0.15792 0.24000 0.18000 0.15085 0.12964 0.11667 0.12257 0.08667 0.02667 0.00000 0.08000 0.14142 0.23806 0.29698 0.29463 0.28333 0.25333 0.18000 0.04007 0.01179 0.26667 0.28049 0.23335 0.20035 0.17333 0.19333 0.21667 0.19563 0.20506 0.22392 0.29000 0.23000 0.15792 0.19333 0.21667 0.19000 0.19563 0.23099 0.23099 0.23335 0.25667 0.24277 0.20035 0.21685 0.16263 0.20667 0.25667 0.28000 0.27333 0.29934 0.33470 0.28284 0.16735 0.15556 0.22156
0.18667 0.12728 0.13199 0.17206 0.20035 0.17333 0.09333 0.09428 0.12333 0.22333 0.21333 0.17333 0.17442 0.19000 0.19333 0.16667 0.10371 0.07542 0.06667 0.04000 0.01650 0.06000 0.14142 0.24042 0.30406 0.28756 0.26634 0.26333 0.29000 0.28991 0.23000 0.06333 0.07071 0.23667 0.21667 0.22156 0.19563 0.20035 0.20270 0.19328 0.19799 0.28667 0.28667 0.19333 0.14142 0.19000 0.18667 0.16333 0.20270 0.23570 0.24513 0.21685 0.18149 0.17913 0.12021 0.21667 0.26000 0.27333 0.27000 0.27333 0.28000 0.29000 0.26399 0.22627 0.15792 0.12492 0.19092
0.20000 0.14333 0.12667 0.11667 0.15556 0.19000 0.16333 0.14000 0.12964 0.15000 0.21333 0.20667 0.17333 0.18856 0.20270 0.15321 0.09664 0.06364 0.02667 0.00000 0.04000 0.14333 0.22863 0.30406 0.29463 0.26399 0.26634 0.26399 0.27000 0.31584 0.28991 0.19000 0.05421 0.12333 0.19333 0.22667 0.22156 0.21685 0.20977 0.19328 0.24667 0.29333 0.24000 0.19092 0.17206 0.18333 0.18333 0.16667 0.20270 0.20506 0.17206 0.16028 0.13667 0.20333 0.20000 0.25333 0.27000 0.26333 0.24667 0.26333 0.25667 0.28756 0.28756 0.27813 0.20035 0.11667 0.20000
0.20000 0.14614 0.11314 0.09333 0.09899 0.17442 0.17667 0.21333 0.17333 0.07778 0.12333 0.18000 0.19333 0.20270 0.20035 0.15085 0.09667 0.06000 0.00943 0.02000 0.11333 0.21685 0.29698 0.30170 0.28049 0.28756 0.31820 0.30406 0.26333 0.30877 0.31348 0.24277 0.18667 0.10842 0.09000 0.17333 0.19799 0.22156 0.20035 0.24333 0.28333 0.24667 0.18667 0.17678 0.19333 0.17333 0.10333 0.09899 0.12964 0.18333 0.16000 0.17667 0.18667 0.22667 0.22667 0.25333 0.26333 0.24000 0.21667 0.20333 0.22392 0.27341 0.29698 0.28284 0.24667 0.12667 0.22333
0.19667 0.14142 0.13906 0.12257 0.11078 0.13000 0.15333 0.19092 0.26000 0.11000 0.09899 0.13435 0.18000 0.19092 0.19328 0.15792 0.13000 0.06835 0.05657 0.09333 0.20742 0.30877 0.32056 0.28520 0.28756 0.34884 0.40776 0.34177 0.25927 0.31820 0.32527 0.28520 0.22000 0.11000 0.05657 0.08000 0.12000 0.22333 0.25000 0.27000 0.27333 0.20270 0.16499 0.19333 0.19333 0.10000 0.06835 0.08000 0.15000 0.21333 0.15333 0.16000 0.20000 0.24000 0.23333 0.25333 0.26333 0.20667 0.17333 0.19667 0.20742 0.25927 0.28520 0.32000 0.25000 0.13671 0.20667
0.19333 0.17000 0.14142 0.16735 0.16333 0.16000 0.11078 0.14142 0.25667 0.18667 0.13199 0.12728 0.13199 0.16735 0.17678 0.13667 0.06333 0.07778 0.13333 0.21667 0.31584 0.35120 0.30406 0.27813 0.32763 0.41719 0.43605 0.30641 0.26870 0.29934 0.31820 0.29934 0.26634 0.19667 0.10333 0.08250 0.10667 0.22667 0.22333 0.24000 0.21667 0.19328 0.14614 0.11000 0.07071 0.04714 0.12333 0.13000 0.15321 0.17667 0.13333 0.13333 0.19000 0.24333 0.23333 0.24000 0.25000 0.20977 0.19667 0.19333 0.19799 0.23667 0.35667 0.31333 0.18667 0.14142 0.12000
0.19667 0.19667 0.20333 0.17000 0.11785 0.13199 0.16667 0.16971 0.19667 0.20000 0.20333 0.12728 0.11549 0.13671 0.10667 0.03000 0.02121 0.12333 0.19000 0.31000 0.32998 0.30170 0.26870 0.30641 0.37948 0.42898 0.40305 0.27341 0.31584 0.32291 0.32291 0.29698 0.28520 0.25220 0.20333 0.15333 0.18149 0.24042 0.19799 0.16000 0.14667 0.15333 0.08667 0.04333 0.07000 0.11000 0.15667 0.15321 0.14378 0.15085 0.12667 0.12333 0.17333 0.22000 0.21333 0.21667 0.20667 0.19092 0.14614 0.12021 0.19000 0.31333 0.35333 0.25333 0.17913 0.11549 0.09428
0.20000 0.17667 0.21333 0.27667 0.11333 0.15085 0.17678 0.19667 0.18385 0.19563 0.19667 0.14667 0.11785 0.09899 0.04333 0.00236 0.09333 0.15333 0.21213 0.31000 0.28000 0.22333 0.27333 0.33234 0.36534 0.37005 0.34413 0.26870 0.34884 0.38419 0.38655 0.35120 0.30641 0.28284 0.22667 0.17000 0.17442 0.20742 0.17442 0.16028 0.13435 0.11667 0.08333 0.08000 0.11333 0.13906 0.14849 0.12492 0.12000 0.14667 0.13333 0.12667 0.15667 0.17667 0.19000 0.17667 0.16735 0.15321 0.12492 0.12000 0.24333 0.30333 0.28667 0.21685 0.19092 0.13667 0.14378
