wepppy/topo/watershed_abstraction/tests/data/flowpath_infinite_loop/dem/topaz/FVSLOP.ARC
ncols   447
nrows   443
xllcorner  507961
yllcorner 5195383
cellsize   30.00
nodata_value    -1.0
[rows 406 to 434 of 443, columns 134 to 200 of 447]
0.07071 0.08721 0.10607 0.11078 0.09428 0.10333 0.11333 0.11333 0.11333 0.11667 0.12000 0.12333 0.12667 0.12667 0.13333 0.13667 0.14333 0.14614 0.18385 0.13435 0.07667 0.07000 0.06000 0.05333 0.05333 0.05000 0.04667 0.04333 0.03667 0.02667 0.01414 0.01414 0.03000 0.05000 0.09667 0.14000 0.15333 0.15333 0.15333 0.15000 0.15000 0.15000 0.12000 0.08333 0.08000 0.10842 0.14667 0.19333 0.20333 0.18333 0.14849 0.13199 0.07542 0.06364 0.08667 0.10000 0.09333 0.08667 0.07667 0.05333 0.04333 0.12000 0.23667 0.24000 0.22333 0.09000 0.04667
0.07542 0.08485 0.10000 0.11667 0.12000 0.11667 0.11333 0.11333 0.11667 0.11667 0.12333 0.12667 0.13000 0.13667 0.13667 0.14333 0.13667 0.12667 0.15321 0.12257 0.07333 0.05185 0.04667 0.04333 0.04000 0.04000 0.04000 0.03667 0.03333 0.02667 0.02593 0.02667 0.04000 0.05000 0.11000 0.14333 0.14333 0.16000 0.17333 0.14000 0.13667 0.15333 0.11000 0.07071 0.08957 0.12492 0.14614 0.09664 0.11333 0.12667 0.09000 0.08485 0.04478 0.05185 0.04950 0.05000 0.07000 0.07333 0.07000 0.05667 0.04243 0.08485 0.21213 0.26667 0.25667 0.12333 0.04243
0.08014 0.08014 0.09333 0.11000 0.12000 0.12333 0.12000 0.11667 0.12000 0.12333 0.12333 0.12333 0.12333 0.12333 0.12000 0.11667 0.11333 0.10667 0.13671 0.09333 0.01333 0.02828 0.03000 0.03667 0.03667 0.03333 0.03333 0.03000 0.02667 0.02121 0.03064 0.04667 0.04667 0.05333 0.11667 0.15333 0.13667 0.15667 0.18667 0.12667 0.10667 0.14849 0.13906 0.10371 0.10667 0.12728 0.18385 0.12000 0.05000 0.03667 0.04667 0.04007 0.04000 0.05333 0.04950 0.03771 0.05333 0.06667 0.06667 0.06128 0.05893 0.04714 0.16971 0.29698 0.33941 0.24749 0.14667
0.08250 0.08000 0.08667 0.09667 0.10333 0.10667 0.11000 0.11000 0.11000 0.10667 0.10667 0.10667 0.09667 0.08667 0.08333 0.07000 0.06667 0.06835 0.09667 0.03667 0.01333 0.02667 0.03000 0.03000 0.02667 0.02667 0.02000 0.02000 0.01179 0.01886 0.04667 0.05667 0.05333 0.06667 0.12000 0.15333 0.13333 0.13000 0.16333 0.13671 0.12257 0.15556 0.16263 0.10842 0.05657 0.06333 0.22333 0.15000 0.04007 0.06333 0.05000 0.05185 0.04000 0.06835 0.07778 0.06600 0.07333 0.08000 0.07333 0.07071 0.07071 0.06835 0.05893 0.19799 0.33234 0.37005 0.32000
0.07307 0.07333 0.07000 0.07667 0.08333 0.08667 0.09000 0.09333 0.08667 0.08000 0.07333 0.06667 0.06667 0.06333 0.06000 0.06000 0.05667 0.05667 0.05000 0.02667 0.01000 0.02000 0.02000 0.01667 0.02000 0.01333 0.01000 0.00471 0.00667 0.03667 0.05667 0.05667 0.06333 0.07333 0.11000 0.13333 0.10667 0.11078 0.14614 0.13906 0.08957 0.09192 0.13000 0.10000 0.06000 0.09667 0.24667 0.11667 0.07667 0.08333 0.07071 0.07307 0.04478 0.09192 0.11785 0.10135 0.10667 0.09000 0.08333 0.08014 0.08014 0.07778 0.07307 0.06600 0.14849 0.27106 0.32291
0.05667 0.06333 0.06667 0.07000 0.07333 0.07667 0.07667 0.07667 0.07000 0.07000 0.06333 0.06000 0.05667 0.05333 0.05000 0.04667 0.04667 0.04333 0.03667 0.02357 0.01179 0.01333 0.01333 0.01333 0.01000 0.01000 0.00943 0.01000 0.02333 0.04714 0.06128 0.06364 0.06835 0.07307 0.09333 0.10000 0.07000 0.07307 0.10667 0.13333 0.08333 0.09333 0.16333 0.13333 0.09000 0.14667 0.20270 0.11549 0.12333 0.13333 0.12000 0.12728 0.08485 0.12728 0.15792 0.11314 0.10667 0.08667 0.09000 0.08721 0.08485 0.08014 0.07778 0.07542 0.08000 0.10842 0.16499
0.02828 0.04000 0.05000 0.05333 0.06000 0.06000 0.06333 0.06333 0.06000 0.05333 0.05333 0.05000 0.04667 0.04333 0.03333 0.03000 0.02667 0.02333 0.02333 0.02121 0.01667 0.01333 0.01667 0.01333 0.01000 0.00943 0.01667 0.02333 0.04007 0.05657 0.06364 0.06600 0.06835 0.06835 0.07667 0.07000 0.05667 0.06000 0.12333 0.17667 0.11667 0.12667 0.17206 0.14378 0.10842 0.12964 0.10371 0.13906 0.14000 0.16000 0.15333 0.17678 0.14142 0.15556 0.15792 0.08485 0.06333 0.08000 0.08000 0.08957 0.08721 0.08014 0.07778 0.07333 0.09667 0.13671 0.17206
0.02333 0.02333 0.02333 0.02333 0.02667 0.03000 0.03000 0.03000 0.03000 0.03000 0.02667 0.02667 0.02333 0.02333 0.02667 0.02333 0.02000 0.02000 0.01667 0.01667 0.01000 0.01000 0.01000 0.00943 0.00707 0.01667 0.02333 0.03333 0.04478 0.05185 0.06128 0.06364 0.06128 0.05667 0.06667 0.06667 0.07000 0.09000 0.14667 0.17333 0.14142 0.16028 0.17678 0.12964 0.08485 0.06600 0.10842 0.12257 0.10333 0.08667 0.10667 0.15556 0.15667 0.13671 0.13667 0.07307 0.05000 0.06333 0.06128 0.07778 0.08014 0.07778 0.07778 0.07000 0.08721 0.11078 0.14142
0.02000 0.02333 0.02333 0.02667 0.02333 0.02333 0.02333 0.02333 0.02667 0.02667 0.02667 0.02667 0.02667 0.02333 0.02667 0.02667 0.02333 0.02000 0.02000 0.01667 0.01667 0.01000 0.01000 0.01179 0.01179 0.02333 0.02333 0.03333 0.04667 0.05667 0.06333 0.05667 0.05333 0.05333 0.06667 0.07333 0.08333 0.11667 0.16000 0.17333 0.14378 0.15085 0.14142 0.08014 0.04478 0.07778 0.11078 0.11078 0.09333 0.08000 0.08014 0.12021 0.11549 0.09000 0.11078 0.08250 0.06333 0.06667 0.06835 0.07778 0.07542 0.07542 0.07778 0.05185 0.06835 0.09192 0.13671
0.01667 0.02000 0.02000 0.02000 0.02333 0.02333 0.02333 0.02667 0.02667 0.02333 0.02333 0.02333 0.02667 0.02667 0.02333 0.02333 0.02333 0.02333 0.02000 0.02000 0.01667 0.01414 0.00707 0.01179 0.02000 0.02000 0.02333 0.03333 0.05000 0.05667 0.06000 0.05333 0.05421 0.05333 0.07333 0.08000 0.09333 0.12667 0.16333 0.16000 0.13667 0.13667 0.11000 0.06000 0.04714 0.10371 0.14378 0.14614 0.14000 0.12000 0.10842 0.11785 0.11549 0.10667 0.14142 0.11314 0.09667 0.07667 0.08250 0.09192 0.08250 0.07071 0.06600 0.04243 0.06364 0.10371 0.14378
0.01667 0.01667 0.02000 0.02333 0.02333 0.02333 0.02333 0.02333 0.02333 0.02667 0.02333 0.02333 0.02333 0.02667 0.02333 0.02333 0.02667 0.02667 0.02667 0.02333 0.01667 0.01650 0.01179 0.01650 0.02000 0.02121 0.02333 0.03333 0.04667 0.05333 0.05000 0.05185 0.06128 0.06364 0.08014 0.09000 0.10000 0.13333 0.15333 0.15000 0.13667 0.13333 0.10333 0.06600 0.08721 0.15321 0.19092 0.16263 0.14333 0.11667 0.11785 0.11667 0.13333 0.15000 0.16971 0.14000 0.10333 0.08485 0.09000 0.10371 0.09899 0.06835 0.06000 0.04714 0.08957 0.13199 0.15085
0.01667 0.01667 0.01667 0.01667 0.02000 0.02333 0.02333 0.02333 0.02000 0.02333 0.02333 0.02333 0.02333 0.02000 0.02333 0.02333 0.02333 0.02667 0.02333 0.02000 0.01886 0.01886 0.01650 0.01886 0.02121 0.02333 0.02333 0.03333 0.04000 0.04667 0.04714 0.04950 0.06128 0.07071 0.09664 0.10371 0.10333 0.13333 0.14667 0.14333 0.13667 0.12667 0.10607 0.08721 0.12257 0.16735 0.16735 0.09000 0.04667 0.06333 0.09333 0.11000 0.12667 0.10667 0.10135 0.05667 0.03333 0.05893 0.09333 0.11314 0.12964 0.09333 0.05667 0.07778 0.12728 0.15321 0.15321
0.01667 0.01667 0.01667 0.01667 0.01667 0.02000 0.02000 0.02000 0.02000 0.02000 0.02333 0.02333 0.02000 0.02333 0.02000 0.02333 0.02333 0.02000 0.02333 0.01886 0.01650 0.01414 0.01886 0.02121 0.02593 0.02828 0.02593 0.02828 0.04000 0.04007 0.04243 0.04714 0.05185 0.06128 0.10135 0.11667 0.10667 0.13333 0.15333 0.14333 0.13000 0.10333 0.10842 0.10667 0.12257 0.14614 0.12667 0.05185 0.03667 0.04667 0.06000 0.07000 0.06364 0.07071 0.06128 0.03000 0.03333 0.05000 0.02357 0.08333 0.17667 0.11667 0.04333 0.10842 0.14849 0.16028 0.13671
0.01667 0.01667 0.01667 0.01667 0.01333 0.01333 0.01667 0.01667 0.02000 0.02000 0.02000 0.02000 0.02000 0.01667 0.02000 0.02000 0.02000 0.02333 0.01886 0.01886 0.01650 0.01333 0.01667 0.02357 0.02828 0.03300 0.02828 0.03064 0.03667 0.03771 0.03771 0.04007 0.04007 0.04243 0.10000 0.13000 0.12333 0.13000 0.15000 0.14333 0.11667 0.08957 0.09192 0.09000 0.10842 0.12021 0.09000 0.05421 0.04333 0.05000 0.05667 0.05421 0.05657 0.06364 0.06333 0.03333 0.02593 0.01886 0.01667 0.12667 0.17333 0.11333 0.08485 0.13435 0.15321 0.13906 0.10607
0.01333 0.01000 0.01333 0.01667 0.01667 0.01667 0.01414 0.01667 0.02000 0.02000 0.02333 0.02333 0.02333 0.02333 0.02000 0.02000 0.01667 0.01333 0.01886 0.01886 0.01414 0.01333 0.01667 0.02333 0.03064 0.03771 0.03536 0.03536 0.03536 0.03536 0.03536 0.03536 0.04243 0.05185 0.09000 0.13333 0.13667 0.13000 0.13333 0.13333 0.10842 0.08721 0.07778 0.07333 0.09192 0.10135 0.08721 0.06835 0.05667 0.05333 0.05333 0.06000 0.06600 0.06667 0.04667 0.03064 0.02000 0.03333 0.07667 0.14378 0.15792 0.08721 0.12492 0.14378 0.14667 0.12021 0.10135
0.01667 0.02000 0.02000 0.01667 0.01667 0.01667 0.01667 0.01667 0.01667 0.01667 0.01333 0.01333 0.01333 0.01333 0.01000 0.00471 0.00000 0.00000 0.01667 0.02000 0.01333 0.01333 0.02000 0.02667 0.03333 0.04243 0.04478 0.04243 0.03771 0.03536 0.03536 0.03667 0.05667 0.07778 0.08957 0.13000 0.14667 0.13333 0.11667 0.11000 0.10842 0.08957 0.07071 0.07778 0.10371 0.12021 0.11785 0.09667 0.08000 0.06667 0.06333 0.05657 0.05893 0.05421 0.03771 0.04333 0.06333 0.08667 0.12492 0.14614 0.12021 0.12021 0.13906 0.14142 0.14378 0.14142 0.13199
0.02000 0.02000 0.01667 0.01667 0.02000 0.01667 0.02000 0.01414 0.01333 0.01000 0.01000 0.01000 0.01000 0.00707 0.00707 0.00707 0.00333 0.01333 0.01650 0.01667 0.01667 0.01667 0.01667 0.02333 0.03333 0.04243 0.04714 0.04478 0.04243 0.03771 0.03771 0.04333 0.04333 0.08014 0.09333 0.13333 0.14333 0.13333 0.10842 0.10371 0.10842 0.10371 0.09428 0.10371 0.12492 0.14378 0.14378 0.13333 0.09000 0.06835 0.05333 0.05657 0.05893 0.05185 0.05333 0.07667 0.07778 0.08250 0.07778 0.08333 0.12667 0.13435 0.13906 0.14142 0.15556 0.16028 0.15792
0.01333 0.01000 0.01000 0.01333 0.01000 0.01333 0.01000 0.01333 0.01000 0.01000 0.01000 0.00667 0.00471 0.00333 0.00667 0.01000 0.00707 0.01333 0.01667 0.01667 0.01667 0.01667 0.01667 0.01333 0.01333 0.03064 0.04243 0.04243 0.04478 0.03771 0.03667 0.02667 0.02593 0.08000 0.10333 0.12333 0.13667 0.12728 0.10842 0.09192 0.09899 0.11333 0.13333 0.13000 0.12257 0.12728 0.09192 0.05333 0.04950 0.05333 0.07333 0.07071 0.07307 0.07542 0.09333 0.08014 0.06364 0.04714 0.06333 0.09333 0.11667 0.12257 0.13906 0.15556 0.16971 0.16735 0.17442
0.02121 0.01650 0.01333 0.01000 0.01333 0.01000 0.01333 0.01333 0.01333 0.01000 0.00471 0.00236 0.00667 0.00471 0.00707 0.01000 0.01000 0.01000 0.01000 0.00707 0.01000 0.01333 0.01000 0.00667 0.00707 0.02333 0.03667 0.03536 0.04007 0.03771 0.03064 0.02357 0.03064 0.07000 0.09000 0.11000 0.12667 0.13671 0.12964 0.10607 0.10000 0.11000 0.11333 0.10333 0.10135 0.09664 0.05333 0.03333 0.04714 0.05667 0.04333 0.06364 0.08485 0.11549 0.11785 0.08957 0.05657 0.05667 0.06333 0.07667 0.09333 0.12492 0.15321 0.16499 0.17678 0.20035 0.22627
0.02593 0.01886 0.01667 0.01667 0.01667 0.01667 0.01333 0.01000 0.00667 0.00667 0.00707 0.00707 0.00667 0.01000 0.01000 0.01000 0.01333 0.01333 0.01000 0.01333 0.01000 0.00667 0.00667 0.00471 0.00707 0.01667 0.03000 0.03064 0.03064 0.03064 0.02828 0.02593 0.03333 0.06000 0.08000 0.09000 0.11549 0.13906 0.14378 0.12728 0.10371 0.09667 0.09000 0.09000 0.08333 0.07071 0.04667 0.04333 0.06667 0.06000 0.05185 0.06128 0.07542 0.11000 0.12492 0.12492 0.10371 0.09667 0.10333 0.10667 0.12021 0.14849 0.16735 0.18856 0.23099 0.24513 0.21449
0.02357 0.02000 0.02333 0.02000 0.01333 0.01333 0.01000 0.00707 0.00471 0.00333 0.00471 0.01000 0.01000 0.01000 0.01333 0.01667 0.01333 0.01000 0.01000 0.01000 0.01000 0.01000 0.00707 0.00707 0.00707 0.01000 0.02667 0.02667 0.02593 0.02593 0.03064 0.02828 0.03667 0.05333 0.06667 0.07071 0.08957 0.11785 0.13435 0.12964 0.11314 0.10667 0.10333 0.10333 0.09667 0.08333 0.06667 0.06000 0.05667 0.05333 0.05421 0.05893 0.07307 0.08721 0.10135 0.12000 0.12667 0.13333 0.13333 0.12667 0.13435 0.15792 0.22156 0.27813 0.27000 0.21667 0.15792
0.02667 0.03000 0.02333 0.01886 0.01414 0.00943 0.00707 0.01000 0.01333 0.00943 0.01000 0.01000 0.01000 0.01333 0.01333 0.01000 0.00943 0.00707 0.01000 0.01000 0.00707 0.00471 0.00471 0.00707 0.00667 0.01000 0.02000 0.02593 0.02828 0.02357 0.02828 0.03300 0.03771 0.04478 0.05893 0.06835 0.07307 0.08721 0.10607 0.11785 0.11314 0.11000 0.11667 0.11667 0.11333 0.10333 0.08667 0.07333 0.06333 0.06000 0.06128 0.07307 0.08250 0.08485 0.09667 0.11000 0.12333 0.12000 0.13667 0.12000 0.17206 0.26634 0.30170 0.26000 0.16000 0.12492 0.11078
0.01333 0.01667 0.01650 0.01650 0.01179 0.01179 0.01000 0.01000 0.01000 0.01333 0.01000 0.01333 0.01333 0.01000 0.00707 0.00707 0.00707 0.01000 0.00707 0.00667 0.00707 0.00471 0.00333 0.01000 0.00707 0.01000 0.01000 0.02000 0.02828 0.02828 0.03064 0.03536 0.04243 0.04243 0.04950 0.06128 0.06835 0.07307 0.08014 0.09192 0.09667 0.10333 0.10000 0.09667 0.10000 0.10667 0.08667 0.08000 0.07667 0.06835 0.06835 0.07307 0.07778 0.07778 0.08667 0.10000 0.11000 0.12333 0.14000 0.20506 0.30406 0.30000 0.19667 0.12728 0.11078 0.09899 0.08721
0.00333 0.00333 0.01000 0.01414 0.01179 0.01333 0.01333 0.01000 0.00707 0.01333 0.01667 0.01000 0.00707 0.00667 0.00707 0.00707 0.01000 0.00707 0.00707 0.00471 0.00707 0.00707 0.00471 0.00471 0.00707 0.01000 0.01333 0.01650 0.02357 0.02828 0.03064 0.03300 0.04243 0.04714 0.04714 0.05185 0.05893 0.06835 0.07307 0.07778 0.07778 0.08000 0.08667 0.08333 0.08333 0.07667 0.07333 0.07333 0.07667 0.07778 0.07071 0.06835 0.07667 0.08667 0.09667 0.10667 0.12333 0.15667 0.18620 0.24333 0.21333 0.13435 0.11549 0.11314 0.10000 0.08957 0.08000
0.00000 0.00000 0.00667 0.01000 0.01000 0.00943 0.00707 0.01000 0.01333 0.01000 0.01000 0.01000 0.00943 0.00471 0.00667 0.00667 0.00471 0.00471 0.00471 0.00471 0.00707 0.00707 0.00667 0.01000 0.01667 0.01414 0.01333 0.01650 0.01650 0.02357 0.03064 0.03300 0.03771 0.04478 0.04714 0.04950 0.04950 0.05657 0.06364 0.07071 0.06835 0.06667 0.07000 0.07333 0.06333 0.05000 0.06000 0.05667 0.04950 0.06364 0.06364 0.06333 0.06667 0.08333 0.09000 0.10000 0.11667 0.13671 0.14614 0.13671 0.11785 0.11314 0.12728 0.11333 0.10000 0.07667 0.06000
0.00000 0.00000 0.00333 0.00707 0.00471 0.01000 0.01000 0.00707 0.00471 0.00667 0.00471 0.00471 0.00667 0.00667 0.01000 0.00707 0.00471 0.00333 0.00333 0.00333 0.00707 0.01414 0.02000 0.02000 0.01667 0.01650 0.01179 0.01414 0.01414 0.01667 0.02357 0.03064 0.03771 0.04243 0.04478 0.04478 0.04714 0.04950 0.05185 0.05893 0.06000 0.06333 0.06333 0.06667 0.06000 0.05000 0.04667 0.04333 0.05185 0.06364 0.06600 0.06000 0.06667 0.06667 0.07667 0.08667 0.09428 0.11314 0.11078 0.11078 0.12257 0.13435 0.11785 0.08333 0.05000 0.03667 0.01333
0.00333 0.00236 0.00333 0.01000 0.01333 0.00943 0.00707 0.00707 0.00707 0.00333 0.00471 0.00667 0.00667 0.00333 0.00333 0.00707 0.00707 0.00471 0.01000 0.01000 0.01667 0.01667 0.01667 0.01667 0.01414 0.01414 0.01179 0.01000 0.01333 0.01414 0.01650 0.01886 0.02667 0.03536 0.04243 0.04243 0.04243 0.04478 0.04950 0.05421 0.06000 0.06000 0.06333 0.06000 0.05333 0.04714 0.04333 0.04667 0.06000 0.06667 0.07071 0.07333 0.07333 0.07667 0.08000 0.09000 0.09667 0.10607 0.11314 0.12492 0.13435 0.10667 0.06000 0.02000 0.00666 0.00236 0.00000
0.01000 0.01000 0.00707 0.01000 0.00707 0.01000 0.00943 0.00707 0.00471 0.00000 0.00667 0.00667 0.00667 0.00000 0.00000 0.00667 0.00707 0.01414 0.01667 0.01333 0.00943 0.00667 0.00000 0.00000 0.01000 0.01333 0.01333 0.00667 0.01000 0.01179 0.01414 0.01414 0.01667 0.02667 0.03333 0.04007 0.04007 0.04333 0.05333 0.06333 0.06333 0.06667 0.06333 0.06000 0.05421 0.04714 0.04667 0.05333 0.05667 0.07000 0.08333 0.09333 0.10000 0.10667 0.11000 0.11000 0.10667 0.11549 0.12964 0.12964 0.10000 0.04667 0.01333 0.00000 0.00000 0.02000 0.05667
0.01667 0.01667 0.01179 0.00471 0.00667 0.00707 0.00707 0.00707 0.00943 0.00471 0.00707 0.00707 0.00333 0.00471 0.00667 0.01414 0.02000 0.02000 0.01000 0.00943 0.00707 0.00333 0.00000 0.00333 0.01000 0.01000 0.01000 0.01333 0.01000 0.01179 0.01179 0.01333 0.01333 0.01667 0.02121 0.03064 0.03667 0.04667 0.05333 0.05667 0.06667 0.06667 0.07000 0.06333 0.06600 0.06000 0.06667 0.06667 0.07333 0.08000 0.08667 0.09333 0.10333 0.11000 0.11333 0.11333 0.11667 0.12000 0.11314 0.08667 0.04333 0.00943 0.00000 0.05000 0.08000 0.11333 0.14333
