wepppy/topo/watershed_abstraction/tests/data/flowpath_infinite_loop/dem/topaz/TASPEC.ARC
ncols   447
nrows   443
xllcorner  507961
yllcorner 5195383
cellsize   30.00
nodata_value    -1.0
[rows 270 to 314 of 443, columns 192 to 287 of 447]
179 192 199 214 228 244 270 292 306 311 314 313 307 302 302 302 310 326 328 308 286 270 258 246 231 215 205 202 198 187 180 194 226 241 235 217 197 177 149 154 193 207 207 206 199 184 171 196 235 237 209 169 147 138 151 199 211 180 168 192 208 211 217 222 222 222 222 220 217 219 216 205 195 189 183 184 190 193 190 181 161 137 128 135 142 140 149 174 182 178 172 175 195 202 193 199
186 208 221 242 263 282 291 297 298 298 300 304 304 303 299 289 291 307 326 327 297 254 233 221 212 202 196 194 191 184 188 213 237 242 229 206 191 176 148 145 179 201 206 205 197 182 176 212 237 229 198 166 143 133 151 205 210 177 165 189 208 216 225 229 228 226 228 228 227 225 215 197 189 186 182 180 183 190 191 184 168 143 125 122 127 133 149 175 180 175 172 184 204 204 194 202
218 260 284 296 294 290 285 280 275 274 274 276 279 282 281 276 278 286 305 333 222 198 203 204 200 195 191 189 186 187 204 231 243 237 217 195 186 177 157 144 162 194 205 205 196 182 185 222 234 219 191 168 145 132 150 202 204 175 168 195 218 230 236 237 233 231 232 233 231 225 208 187 183 185 182 174 175 185 192 188 173 151 131 117 113 119 140 173 178 172 175 194 209 202 198 210
293 303 311 313 304 289 276 264 260 258 258 258 257 257 261 270 276 278 285 49 124 152 183 196 194 190 189 186 186 199 225 243 242 227 203 187 184 179 165 148 151 183 204 204 195 185 198 226 229 210 189 173 151 134 148 195 196 176 178 217 243 253 255 252 248 246 246 247 245 233 201 176 178 183 180 169 166 180 193 191 177 157 140 119 108 108 125 165 176 170 180 203 209 199 203 218
297 305 309 310 306 299 290 279 268 260 257 257 256 255 261 271 276 276 272 129 116 128 162 188 188 186 187 186 194 218 240 245 233 210 189 182 184 180 170 155 147 171 201 203 194 193 211 226 221 203 189 178 162 141 147 187 195 186 206 250 263 267 270 270 269 270 273 276 277 270 181 151 164 177 176 164 159 176 195 195 181 164 147 125 111 108 117 149 172 172 188 207 205 197 208 220
285 292 296 300 302 304 302 301 292 278 269 265 263 263 267 272 273 265 222 146 119 116 137 170 181 183 187 192 211 233 241 236 218 194 179 181 187 183 174 161 147 162 196 201 198 206 222 224 212 199 189 183 173 157 157 184 211 233 265 276 278 280 283 287 290 289 289 291 299 325 65 110 137 163 171 160 154 173 197 198 185 172 157 128 112 105 106 125 158 174 195 207 201 197 210 217
276 279 282 287 292 295 295 299 300 297 290 285 281 278 276 273 261 233 186 159 134 117 121 147 171 181 190 206 227 238 235 225 206 186 174 182 191 186 178 167 149 155 188 201 209 222 228 221 207 195 188 187 185 174 173 215 261 287 298 298 299 300 301 305 308 306 301 298 307 2 74 101 121 146 164 158 151 171 198 199 186 180 174 129 99 88 84 91 119 165 196 205 197 197 210 211
275 276 279 280 283 286 290 294 299 301 302 303 301 296 279 260 233 203 176 164 149 128 120 130 154 179 201 223 236 235 227 215 200 184 173 182 193 189 183 175 155 151 180 209 225 232 228 218 204 193 189 194 201 203 237 289 303 312 311 306 305 305 308 312 316 316 311 305 311 63 100 110 117 132 154 156 151 169 195 196 186 189 193 153 90 73 69 72 86 123 190 200 194 198 209 205
292 291 290 287 285 285 291 296 299 297 297 299 299 290 245 216 202 190 174 166 157 140 129 128 142 179 217 234 235 227 217 207 198 185 172 181 193 190 188 184 164 152 180 223 237 234 224 213 203 200 203 220 243 268 297 307 315 321 318 310 304 304 308 314 319 320 317 311 317 118 122 124 122 126 142 151 150 166 191 192 187 196 205 194 129 79 70 71 77 90 154 192 192 200 208 200
301 301 300 297 293 289 290 295 298 292 283 268 242 202 183 184 193 192 176 166 159 146 135 130 137 183 229 236 228 218 209 204 202 190 172 178 191 192 194 192 173 160 189 229 236 229 221 215 214 228 254 281 291 297 302 308 315 322 323 318 310 307 309 315 321 319 313 272 142 135 136 139 133 128 134 139 141 158 185 191 191 202 210 206 188 118 85 80 80 84 107 168 189 204 208 199
294 297 296 295 295 295 295 296 290 274 250 220 195 178 167 172 193 199 181 166 158 148 139 133 138 190 231 232 221 211 206 212 215 198 167 171 189 196 200 197 180 173 204 231 235 232 237 248 268 284 294 301 305 304 304 308 314 320 323 322 317 311 308 311 306 265 202 160 145 142 146 148 144 140 135 124 121 138 174 191 198 209 212 210 202 171 118 99 92 89 93 125 180 204 208 208
288 290 290 292 297 302 302 296 262 225 203 191 181 170 159 164 193 204 189 170 157 148 140 134 140 198 232 227 215 208 213 225 225 196 162 164 186 201 206 200 187 192 226 251 263 274 286 297 307 308 308 309 310 308 307 309 314 318 321 322 318 308 293 254 200 186 173 157 145 142 149 153 152 156 155 125 106 114 148 187 203 212 214 212 204 182 144 120 109 99 95 104 155 210 225 238
289 291 293 294 295 294 286 248 201 187 183 181 173 164 155 159 194 210 196 175 157 145 139 134 148 203 227 223 215 217 230 238 225 186 158 159 185 204 205 204 204 227 265 287 298 305 307 309 312 313 313 311 311 309 307 309 313 316 318 319 315 293 210 183 178 175 168 157 142 137 146 153 155 168 177 154 116 105 120 171 203 212 213 211 203 182 151 133 124 114 107 107 131 233 257 268
286 289 291 289 282 259 215 184 175 172 175 176 170 161 154 158 192 213 204 183 160 146 139 134 151 208 225 224 228 239 246 237 210 179 157 157 192 219 223 233 255 285 297 306 311 312 312 315 316 316 315 313 311 309 307 308 310 313 313 314 309 154 156 169 178 177 169 159 144 134 139 150 156 172 186 175 139 111 109 140 193 209 213 209 200 178 151 140 135 127 120 118 140 243 260 263
271 272 274 272 256 213 185 176 171 168 172 173 166 158 150 156 190 209 203 187 168 154 144 138 160 216 233 241 249 251 241 220 193 177 165 168 245 278 296 301 305 304 304 310 316 316 318 321 320 318 316 312 309 307 306 305 305 302 296 280 156 137 143 162 179 181 174 164 150 136 133 141 151 168 186 184 161 129 113 124 170 203 212 210 200 175 152 145 142 134 129 131 164 237 250 249
264 265 263 252 216 183 174 171 169 168 169 170 166 158 149 153 188 207 200 187 173 162 152 152 184 232 253 259 252 234 214 196 183 185 201 274 308 314 320 321 316 303 297 303 311 314 317 322 322 320 317 312 310 305 301 292 277 256 230 194 149 131 133 152 177 184 178 169 157 142 131 132 140 157 177 186 174 151 129 124 145 189 212 213 201 175 152 147 145 136 132 137 184 240 246 245
277 276 264 237 189 170 170 172 171 168 167 167 167 161 152 157 185 201 195 186 176 169 160 162 225 265 270 255 230 208 198 192 187 207 251 281 296 302 306 313 315 306 296 295 297 299 304 312 316 318 315 311 304 288 264 234 219 210 200 183 145 126 126 141 167 184 183 177 167 152 139 133 133 141 164 182 179 162 144 131 132 168 211 217 204 176 153 148 146 137 133 140 208 249 254 257
284 280 260 210 172 162 166 172 172 169 166 166 165 159 152 162 190 201 196 187 179 174 169 198 266 268 252 221 204 195 197 205 215 250 264 265 265 264 268 277 292 294 287 280 274 272 274 281 289 295 290 277 249 224 205 195 197 202 199 184 144 120 117 126 150 179 186 183 175 161 150 146 138 128 138 166 173 166 156 144 133 151 212 225 210 178 152 148 145 136 133 150 238 262 266 267
280 260 219 178 161 156 162 171 171 167 165 165 163 156 156 174 196 206 208 198 186 183 204 244 253 246 229 207 199 209 229 244 254 259 259 256 254 255 260 265 268 269 265 259 251 249 251 257 263 252 218 200 195 193 187 185 194 205 204 185 146 119 111 111 126 163 185 186 181 167 154 154 156 143 129 133 145 153 158 153 140 150 215 235 221 175 145 145 145 137 136 179 256 269 268 263
261 219 188 170 158 153 157 167 169 167 166 164 159 156 166 203 238 265 284 308 342 354 292 260 253 252 247 246 277 303 307 310 306 285 274 270 269 269 270 270 266 260 251 242 240 246 253 258 248 201 175 180 187 187 184 184 198 213 211 188 149 123 112 108 115 142 175 184 183 172 158 157 167 168 161 126 97 110 134 146 141 156 227 241 221 169 140 142 146 140 140 228 265 266 261 257
207 188 180 170 159 152 153 161 166 166 165 162 157 160 200 271 301 318 330 343 354 0 357 347 339 329 322 316 311 316 323 334 344 338 317 298 283 273 265 259 252 246 241 242 252 263 268 260 221 169 157 169 186 190 185 188 205 221 218 190 153 129 119 114 114 127 158 179 183 177 162 157 168 180 192 181 107 88 96 117 130 164 236 240 212 165 136 135 143 144 163 246 263 264 265 269
176 178 178 173 164 155 150 153 161 165 163 164 163 211 298 306 315 325 336 345 353 359 359 357 355 354 356 349 321 312 319 334 348 352 344 332 317 299 281 268 260 259 264 274 279 278 268 238 182 153 147 161 184 191 187 194 214 226 220 192 157 134 125 121 117 118 136 163 179 179 168 161 170 189 206 206 158 97 88 96 116 169 225 226 201 165 134 127 134 146 213 266 274 275 276 279
166 175 178 175 167 158 149 146 153 160 166 181 230 297 304 308 314 323 332 340 348 355 358 359 0 4 9 6 333 304 304 318 337 352 354 348 341 334 325 314 310 306 303 298 289 273 245 194 162 150 145 156 183 191 190 203 224 230 219 192 162 139 125 118 116 116 122 142 167 178 173 165 175 201 215 216 203 113 87 86 94 139 218 216 196 170 140 124 126 152 262 276 276 274 272 274
152 172 182 179 169 158 149 142 146 155 174 241 286 298 300 302 306 315 325 334 343 351 357 0 3 6 12 14 354 308 291 295 314 342 350 347 345 343 336 325 320 313 298 283 264 235 199 172 157 148 143 154 181 191 203 226 238 232 213 189 166 147 129 117 109 105 106 116 141 169 175 170 185 209 215 218 216 160 91 80 78 92 187 203 195 177 148 129 132 197 257 267 267 269 272 275
138 166 188 186 168 153 147 143 144 156 232 278 289 294 294 294 298 306 316 326 337 348 356 2 5 8 13 17 8 326 291 280 283 304 323 327 331 330 316 293 274 253 240 229 213 197 182 168 155 144 138 152 181 201 231 247 242 222 201 185 171 159 144 127 108 94 90 93 104 135 164 176 194 208 212 221 223 199 104 77 71 75 110 179 192 184 155 132 138 234 264 270 273 275 275 274
131 156 192 193 168 150 144 143 152 203 274 285 287 287 287 286 287 293 301 311 324 339 352 2 9 13 16 18 16 348 300 276 266 251 239 231 218 208 206 209 210 206 205 203 195 187 178 168 156 143 136 151 182 219 246 247 222 201 191 183 173 167 159 147 127 106 96 92 93 106 135 172 197 207 214 226 230 219 148 76 69 69 77 116 175 186 164 136 150 262 273 274 272 269 266 265
132 149 189 196 168 145 139 141 173 256 280 285 283 280 278 277 276 276 278 281 291 310 335 0 17 26 25 22 20 3 316 276 248 212 202 198 192 189 187 188 194 197 196 195 192 187 179 169 157 144 138 150 188 232 245 231 193 184 186 183 174 172 174 168 148 125 111 103 99 98 109 152 199 214 226 237 237 224 202 109 77 72 74 85 125 174 167 155 203 259 263 261 261 262 265 269
126 138 184 199 166 139 133 138 222 270 279 280 277 272 269 267 265 261 256 252 249 249 248 205 102 90 65 36 27 13 331 261 212 189 188 188 187 185 182 182 190 196 194 194 195 192 182 167 154 145 140 149 198 239 241 214 177 172 184 185 175 176 186 182 160 134 120 115 112 107 110 135 193 222 238 243 234 211 200 188 106 83 81 84 96 135 160 176 230 256 261 264 268 272 275 276
110 125 167 195 167 137 131 148 253 270 273 272 267 262 259 257 255 250 245 240 233 226 213 186 162 161 173 152 91 76 156 175 173 177 182 184 184 182 178 179 190 197 196 197 203 200 184 163 149 144 143 152 210 242 237 202 166 164 181 186 178 184 198 194 170 137 119 117 118 115 114 126 180 225 237 233 215 199 203 208 153 98 90 90 93 103 124 219 260 268 272 275 276 274 273 271
96 111 146 185 168 136 133 180 256 266 264 258 253 250 248 247 245 241 238 236 229 218 203 182 171 187 207 194 159 152 155 155 158 169 179 181 181 179 174 179 193 200 199 203 211 209 188 158 142 138 142 159 218 241 231 192 158 158 178 187 183 196 208 203 185 140 109 104 106 108 109 118 163 223 233 223 205 201 219 232 191 100 93 92 93 94 97 274 278 280 280 281 281 280 279 274
93 98 117 167 162 136 135 215 257 259 252 243 236 235 238 240 240 240 238 235 224 211 195 176 177 205 223 208 163 145 146 149 153 164 175 179 179 176 171 181 199 204 204 214 223 220 190 152 136 133 139 167 226 237 222 184 154 155 177 186 190 209 213 205 201 165 107 94 90 92 96 104 137 223 232 219 206 219 245 256 229 98 95 96 98 101 112 271 278 281 282 283 285 286 282 268
95 93 99 131 148 136 139 239 258 252 242 234 230 233 240 244 246 245 242 234 219 203 186 169 183 219 230 219 170 125 123 131 142 157 171 176 177 173 169 185 206 209 217 234 245 240 186 139 132 133 140 178 227 231 213 179 153 155 177 187 200 218 212 207 212 191 128 101 92 89 89 92 111 204 226 220 218 239 256 261 198 108 105 105 108 115 162 261 273 274 273 271 269 263 248 231
98 96 98 112 128 132 151 244 254 249 243 242 247 255 261 260 257 252 242 228 211 196 178 166 192 229 236 236 217 90 90 101 115 138 159 172 175 170 168 188 210 217 235 254 264 263 153 115 116 122 135 183 224 222 204 175 151 154 179 197 214 223 210 211 221 206 153 112 98 94 92 93 104 165 221 227 235 253 259 250 165 120 114 113 114 124 208 262 268 265 259 254 247 238 227 225
103 102 103 108 116 125 169 242 253 255 259 265 272 275 274 268 260 249 236 219 204 190 172 166 202 234 241 248 260 76 81 87 95 112 140 164 170 166 166 191 215 229 248 258 260 257 130 94 93 98 113 174 219 215 198 172 149 152 185 216 228 222 207 217 224 211 179 125 103 99 97 98 101 128 226 243 249 257 256 230 152 125 120 118 117 129 246 267 264 258 252 249 246 244 248 262
107 106 107 112 119 132 189 251 264 269 274 276 276 274 269 262 253 241 225 210 199 187 171 170 212 236 242 245 243 123 95 91 93 99 118 149 162 161 164 194 222 238 249 252 246 232 174 106 91 88 93 136 212 209 193 172 151 154 201 231 228 211 206 220 222 210 195 150 112 101 99 100 100 110 228 251 252 253 246 206 143 127 123 121 121 146 256 266 267 269 268 268 269 273 280 284
108 106 107 112 122 146 215 265 274 277 276 274 271 267 262 255 245 231 214 203 196 186 171 177 218 236 239 238 228 171 113 98 95 95 104 126 149 155 160 202 233 242 247 244 233 215 187 143 109 94 92 109 184 201 189 171 157 168 215 230 217 203 209 222 219 208 204 175 122 104 101 100 102 111 207 247 250 247 236 189 138 126 123 123 127 193 261 272 281 288 289 284 279 276 275 270
108 105 103 107 118 157 239 268 275 275 274 270 266 262 258 250 234 216 204 198 193 185 174 182 219 235 236 235 226 194 130 105 100 98 100 111 130 145 157 213 241 244 243 237 223 207 191 167 130 106 99 106 146 187 185 171 166 189 221 223 208 202 215 222 214 209 212 195 135 111 105 104 105 114 184 239 245 241 229 179 134 125 123 124 137 242 274 284 288 289 286 277 266 258 251 242
112 107 104 104 111 169 255 268 271 269 266 263 260 256 252 240 216 201 197 196 192 185 176 186 220 234 236 237 231 208 151 115 105 100 99 99 109 127 153 207 237 242 240 231 217 203 194 180 147 119 107 106 123 165 179 173 177 207 224 215 202 206 219 217 209 211 216 204 153 116 107 106 104 109 164 234 240 237 223 170 131 123 123 124 157 266 280 283 281 276 268 258 247 243 238 224
122 112 109 107 109 193 261 265 264 261 259 259 260 257 249 229 199 191 194 194 191 185 177 190 222 237 241 242 235 213 169 123 106 99 96 94 98 113 143 194 231 238 236 226 213 202 197 186 157 132 118 111 115 140 169 175 189 218 224 209 200 211 219 212 208 215 220 214 169 108 96 96 98 103 139 224 234 233 218 166 130 123 123 125 227 274 277 274 268 258 245 235 235 241 236 212
135 122 119 115 117 216 260 261 263 263 264 266 267 264 251 219 184 180 189 192 190 183 180 199 230 243 246 243 232 213 184 136 113 106 102 99 101 109 128 187 233 238 232 221 210 204 199 187 160 138 127 121 119 127 153 176 203 226 223 207 203 216 219 210 212 221 231 237 220 86 83 84 91 98 122 206 231 231 215 165 131 124 123 132 267 275 272 263 251 237 226 226 238 244 232 197
148 134 127 122 127 249 268 269 269 270 270 269 268 265 249 200 167 170 183 189 188 183 186 214 240 251 250 241 224 210 193 156 129 120 114 109 107 109 118 179 238 240 229 217 209 210 208 187 152 134 129 126 125 127 143 176 212 228 222 207 208 219 219 213 221 235 247 255 263 71 77 79 83 88 100 176 230 232 216 164 130 124 129 186 267 270 261 248 238 230 232 245 256 250 218 182
151 139 129 125 141 267 272 271 269 268 267 266 263 256 228 172 153 158 175 186 185 186 203 233 250 255 251 235 216 208 197 168 140 128 121 116 112 112 120 173 230 234 227 219 217 228 236 194 122 120 122 123 128 132 145 176 211 223 216 207 211 220 222 223 235 247 252 254 253 73 75 74 74 76 81 109 226 234 220 161 127 125 142 227 258 259 253 248 250 257 270 276 269 242 195 172
135 136 130 129 190 263 269 271 273 273 273 270 261 245 206 161 146 149 167 182 184 197 230 253 259 256 245 221 208 207 201 177 148 134 126 120 118 118 126 168 220 229 231 236 244 258 264 185 106 109 110 111 117 127 143 176 213 218 211 212 221 230 235 239 245 248 246 245 246 241 72 72 71 72 75 85 194 232 223 159 126 126 158 251 265 270 275 283 290 296 296 287 255 202 176 167
116 130 135 145 257 277 279 280 281 282 280 275 262 237 192 155 141 139 156 179 190 225 255 263 263 252 230 204 203 210 206 185 156 141 132 125 123 122 125 162 228 243 248 256 261 264 257 164 113 109 104 103 105 113 130 174 214 214 214 228 244 251 249 244 240 237 238 242 247 251 71 74 74 75 78 85 125 220 220 161 126 125 247 286 293 299 303 307 309 306 299 275 194 174 168 165
109 119 139 198 276 290 287 284 280 278 275 271 260 228 176 148 138 137 151 179 211 249 262 261 249 230 208 198 208 219 214 189 159 146 139 133 128 126 125 164 249 258 255 252 249 245 230 164 122 113 110 109 109 113 125 168 208 217 230 246 253 250 241 231 228 229 235 243 250 253 77 79 79 81 83 87 102 196 218 166 127 129 292 298 303 304 304 305 304 296 267 179 162 164 165 166
