wepppy/topo/watershed_abstraction/tests/data/flowpath_infinite_loop/dem/topaz/TASPEC.ARC
ncols   447
nrows   443
xllcorner  507961
yllcorner 5195383
cellsize   30.00
nodata_value    -1.0
[rows 90 to 134 of 443, columns 192 to 287 of 447]
146 154 107 90 87 88 91 95 98 106 221 272 292 310 318 318 316 313 306 295 290 291 294 293 298 353 70 79 82 89 111 151 173 158 125 113 116 123 121 117 113 113 294 308 318 319 323 333 342 340 326 310 311 333 348 342 333 328 309 285 282 290 298 302 303 303 304 305 303 298 293 290 288 281 269 249 230 187 152 141 138 131 124 122 130 147 154 144 134 141 165 199 208 193 167 150
155 179 168 137 115 106 101 99 100 104 275 286 295 302 306 308 312 314 311 291 267 256 257 261 262 233 86 80 78 79 87 114 160 173 152 124 115 117 120 125 130 201 280 300 313 313 316 327 340 348 342 317 301 310 330 338 336 341 337 311 294 292 299 305 306 303 302 303 303 299 291 283 269 242 218 210 202 175 149 136 128 119 113 110 111 119 132 135 131 135 163 200 205 190 165 146
139 177 184 158 134 122 107 98 97 104 253 265 267 268 272 278 285 291 288 232 227 232 238 239 231 198 117 92 84 82 82 92 122 166 162 141 125 116 114 119 135 236 272 286 298 301 308 319 332 346 351 337 308 295 304 321 328 333 335 322 302 291 294 304 309 306 302 300 297 288 271 253 229 207 202 205 196 172 154 142 124 100 83 77 73 72 81 98 112 125 154 195 201 188 165 144
119 160 189 167 144 138 120 100 97 108 232 248 250 254 259 263 263 252 200 173 207 230 234 231 223 206 145 110 100 94 89 88 94 128 149 143 135 126 118 114 131 251 265 270 279 287 296 306 318 335 351 354 331 300 293 304 317 321 322 323 310 296 293 302 310 308 300 291 280 261 237 222 210 197 198 206 196 172 162 157 138 110 79 71 67 66 71 78 87 100 129 180 194 185 165 143
112 130 177 170 149 148 138 111 100 107 224 250 257 264 267 265 253 223 173 162 207 233 235 234 233 222 154 113 102 97 91 84 79 77 94 111 118 121 119 115 140 263 265 264 266 272 279 285 295 312 338 357 351 316 299 304 317 319 314 317 315 302 296 299 306 305 291 274 250 220 206 208 206 195 195 204 195 176 172 174 158 137 115 96 90 91 93 91 86 84 91 139 177 179 165 145
122 125 155 169 152 150 152 127 105 104 229 258 262 265 266 260 236 192 167 168 224 247 247 251 253 239 152 104 91 84 80 74 69 64 66 72 78 87 98 104 214 276 275 271 266 263 262 265 271 284 309 345 357 332 304 300 312 319 315 313 313 306 297 292 292 286 272 247 211 191 192 202 202 192 195 205 197 180 184 192 176 147 133 116 107 105 107 107 102 91 87 97 137 162 161 148
132 125 137 159 147 143 153 137 111 103 231 257 256 256 257 247 201 171 172 201 254 270 273 273 268 237 158 117 94 87 85 85 83 78 68 68 70 75 85 90 263 275 278 279 273 267 262 261 264 273 289 323 350 344 312 294 298 311 316 313 312 308 296 282 263 246 235 206 180 176 186 197 196 191 200 210 199 184 193 204 191 157 135 117 105 98 98 101 106 103 95 90 97 121 139 142
110 85 64 51 69 83 95 104 99 95 181 250 252 254 254 233 171 163 194 247 271 280 280 277 264 195 161 152 123 106 103 105 108 110 105 89 84 84 89 94 249 266 270 274 274 271 267 265 268 273 280 299 330 347 327 297 287 294 307 312 310 304 288 259 223 213 208 186 167 166 182 193 193 198 211 213 196 186 201 211 198 169 144 124 107 95 90 90 93 95 92 85 83 89 101 118
42 27 26 24 32 37 36 47 64 77 113 241 251 253 247 209 162 176 253 277 283 282 278 269 234 166 157 165 152 122 109 107 110 120 135 125 106 98 96 102 230 259 264 265 263 261 259 260 264 267 270 277 298 330 336 312 290 284 290 297 295 284 248 210 195 199 197 179 162 162 180 192 199 212 218 207 191 193 212 220 204 175 153 138 126 112 98 90 85 83 82 81 81 84 89 96
15 14 24 27 31 38 42 50 63 79 104 230 249 250 236 191 169 225 270 278 277 272 265 249 203 152 147 166 170 134 108 101 99 104 120 129 120 113 106 110 225 255 259 256 251 246 245 248 253 255 256 259 270 296 324 325 305 289 279 269 245 209 194 182 181 192 191 176 160 160 180 199 212 221 213 195 191 208 228 231 214 175 149 142 140 131 114 98 87 84 84 86 87 86 83 80
13 15 26 32 44 59 69 77 81 86 96 225 248 244 224 186 196 243 259 261 261 258 251 230 184 144 137 159 183 156 108 92 86 83 88 103 113 117 112 118 229 252 251 248 242 240 240 243 246 248 248 251 258 271 295 313 309 289 265 227 194 182 183 176 175 188 187 175 161 161 188 215 223 218 203 192 200 225 237 239 228 164 134 136 142 136 121 106 97 94 93 89 79 64 56 49
30 36 42 52 69 86 95 98 94 89 91 207 246 234 214 199 228 256 261 260 259 257 249 224 176 142 132 150 191 190 114 83 73 69 76 86 98 104 104 115 226 245 243 243 243 249 255 257 256 256 257 259 260 262 267 273 269 248 226 195 174 173 181 174 172 185 186 176 165 169 208 233 226 208 199 201 221 238 242 244 237 149 121 124 129 122 114 108 103 99 88 66 42 34 36 35
108 121 116 102 95 92 91 92 92 90 92 138 235 224 218 235 261 270 265 256 250 245 237 213 170 141 129 143 194 214 166 82 74 73 82 89 96 96 95 106 214 242 251 258 262 269 275 278 276 273 273 270 265 258 250 233 208 205 202 181 160 164 178 172 171 185 186 177 173 190 226 233 217 202 208 226 244 251 255 255 241 146 115 107 99 94 95 94 91 79 54 29 18 24 33 36
137 151 152 135 120 103 88 82 82 83 86 109 215 223 237 257 265 263 252 239 236 235 227 208 171 140 126 137 195 225 216 110 87 85 88 92 97 100 101 112 213 259 269 272 272 271 274 277 275 270 268 264 259 251 238 207 187 192 194 178 161 163 175 170 170 184 185 180 188 210 224 220 212 215 241 262 270 276 279 277 259 125 104 92 84 85 83 78 69 47 25 11 11 25 38 45
131 151 155 139 132 124 104 89 83 78 78 86 179 235 246 251 248 242 235 229 231 230 223 212 176 138 124 131 195 228 219 167 106 90 84 84 84 91 97 111 226 266 269 264 258 260 264 263 253 250 252 252 247 239 220 188 175 187 192 180 164 163 173 168 168 182 185 187 204 217 219 219 226 247 269 279 282 285 287 292 321 87 91 90 89 86 77 62 49 30 13 7 14 28 41 52
118 137 146 129 126 137 130 109 98 87 82 81 87 249 250 247 243 236 226 222 226 224 223 219 183 137 122 126 190 227 218 191 134 99 89 86 87 90 94 106 236 258 260 257 255 257 255 244 232 239 246 246 236 222 202 179 169 179 188 184 170 166 174 168 164 176 187 201 217 222 229 240 255 264 266 265 265 268 271 274 8 90 91 93 91 74 47 39 37 25 6 4 16 30 44 54
103 118 133 120 118 135 145 133 117 106 96 91 88 259 259 253 246 233 217 213 221 227 234 230 187 137 120 122 177 222 218 206 164 117 104 99 98 98 99 108 241 257 260 261 259 254 244 228 225 242 248 240 220 201 188 178 169 173 186 188 175 170 176 169 162 174 196 217 228 234 247 259 262 257 248 243 243 247 251 246 187 106 94 86 70 32 14 26 35 22 0 2 18 32 46 55
93 94 103 105 105 109 121 123 110 96 85 77 69 300 256 247 236 221 210 215 231 242 245 233 189 143 123 123 169 220 223 218 177 125 110 103 97 94 93 100 245 260 263 264 258 243 228 219 231 248 249 231 205 187 179 179 173 170 184 191 178 172 178 170 163 179 210 233 242 251 253 249 241 237 233 234 239 247 252 247 200 126 101 67 28 0 2 32 44 15 348 357 20 36 46 53
64 42 44 56 67 69 65 48 43 50 51 49 50 42 235 225 216 210 215 233 249 250 238 220 193 149 126 126 167 228 241 237 175 125 118 116 110 96 89 86 267 266 264 261 251 232 219 222 239 248 241 217 193 178 173 180 179 172 183 191 180 174 178 173 171 195 232 251 257 253 239 227 226 229 232 240 248 255 257 250 212 150 121 38 0 346 0 39 43 2 339 356 26 43 49 51
27 19 30 40 49 53 45 26 20 33 40 45 51 60 108 201 207 214 230 247 250 237 220 212 199 157 126 124 169 238 252 251 160 114 112 117 123 112 98 91 279 270 264 255 240 221 221 235 245 243 229 203 185 173 167 176 183 177 183 191 180 173 178 180 192 229 255 259 252 233 219 221 231 240 242 246 250 251 247 236 213 187 192 289 315 321 359 41 30 350 338 0 35 53 54 52
5 10 31 44 52 52 39 19 19 34 45 55 60 67 86 151 210 230 243 245 237 220 209 212 206 165 128 123 171 239 250 248 143 97 95 100 112 117 112 109 268 269 259 245 229 220 233 249 251 241 220 195 180 174 166 171 184 181 181 187 180 175 185 204 236 260 260 249 230 214 217 232 246 252 248 243 242 239 232 223 210 204 216 243 274 298 336 20 11 344 341 9 44 57 55 50
346 1 32 48 56 54 38 20 24 44 61 71 73 72 80 94 217 241 242 236 225 211 208 219 216 171 131 124 175 246 253 245 173 100 93 93 98 107 115 134 240 255 245 236 234 245 261 270 259 231 204 190 182 178 168 168 183 185 179 182 184 186 210 243 257 257 242 226 217 220 235 249 253 250 244 238 235 231 224 218 212 209 212 219 238 271 315 354 351 341 347 22 50 54 44 37
332 349 38 54 57 49 31 21 36 62 79 85 83 76 72 72 79 240 235 226 217 210 214 226 220 172 133 126 193 256 257 244 183 118 102 99 98 101 109 146 225 239 242 247 257 268 276 277 256 198 187 188 186 182 173 168 182 187 181 187 201 223 248 255 248 236 219 213 223 242 255 258 252 247 240 231 225 225 223 220 216 212 211 218 236 262 296 335 340 336 351 28 43 39 32 32
332 340 36 53 53 40 27 28 47 67 77 80 75 69 65 62 61 226 223 216 213 215 224 230 217 169 134 128 225 262 258 235 178 132 113 108 106 106 110 139 228 247 261 276 282 279 272 257 204 164 173 188 191 187 179 171 182 195 203 232 263 268 258 249 238 220 211 225 248 260 262 258 253 247 238 225 217 222 224 222 219 216 218 235 252 266 279 304 317 322 349 29 37 31 32 35
334 336 32 47 44 35 30 38 54 66 70 68 64 61 61 61 64 82 205 209 213 222 229 228 210 166 136 138 240 262 258 225 164 135 120 115 113 114 115 139 249 267 278 288 292 283 262 227 175 156 166 185 195 198 194 184 201 246 266 280 285 277 259 248 238 227 235 257 264 263 258 254 250 246 236 221 219 231 235 230 228 232 245 260 264 266 267 276 289 301 336 29 36 34 39 36
340 339 23 38 37 36 39 48 59 67 70 66 62 62 64 67 72 79 121 204 220 228 231 226 204 165 144 163 248 263 259 210 146 133 125 121 118 117 117 150 278 282 282 282 278 259 226 197 167 156 165 187 210 224 236 269 310 314 302 281 271 271 275 266 260 265 276 276 271 262 257 253 251 248 235 222 230 244 248 244 242 252 264 269 268 266 266 270 276 283 309 24 34 35 38 32
347 347 16 31 35 45 55 64 71 74 72 65 61 63 68 72 73 75 80 156 229 232 230 223 197 167 159 207 263 269 258 178 138 132 128 123 119 117 116 287 292 293 281 263 239 209 191 182 169 165 178 227 267 280 293 304 313 320 324 313 283 285 306 304 300 296 287 283 282 277 270 266 265 260 248 235 244 251 252 248 250 258 265 269 272 271 270 269 271 277 298 359 22 32 36 29
353 352 13 31 44 64 78 85 86 81 74 67 64 68 73 75 74 72 72 73 233 231 226 216 191 173 189 254 276 274 247 154 139 136 133 128 123 119 111 294 294 291 266 237 214 190 178 178 179 193 249 295 301 306 313 316 318 324 336 350 324 310 321 328 329 328 306 289 289 294 291 284 277 271 266 266 268 268 268 269 275 279 281 281 278 271 265 263 265 269 279 325 6 25 32 29
2 355 7 35 56 76 87 92 92 86 79 74 73 75 78 78 77 75 73 72 125 219 220 209 190 192 243 276 280 269 189 145 140 139 138 135 128 118 306 292 282 250 224 216 203 184 180 194 239 289 307 312 306 302 307 314 321 327 336 351 343 325 325 334 340 347 332 301 295 303 307 304 294 283 284 294 294 291 290 293 296 295 293 293 286 278 272 273 274 273 275 296 344 17 32 40
152 178 212 83 70 76 81 82 84 85 84 82 81 82 83 84 84 83 81 81 96 184 210 205 205 241 273 279 270 228 157 141 138 139 141 139 131 31 296 278 240 204 204 209 202 192 222 282 309 314 320 325 316 299 295 305 320 331 334 343 347 333 326 333 345 357 354 317 300 303 311 319 322 317 312 311 308 303 300 302 303 299 293 290 291 295 297 299 300 297 294 299 324 26 66 91
164 178 198 192 134 84 74 69 67 72 78 83 85 86 86 87 87 87 86 86 92 130 193 208 243 270 278 270 240 181 152 141 138 138 140 141 148 270 272 249 208 199 213 226 230 265 296 308 313 312 317 330 333 316 299 299 313 328 333 337 343 339 330 332 346 1 3 336 306 300 310 324 337 338 329 321 315 311 307 306 307 307 302 295 294 299 305 311 315 317 316 320 345 79 114 124
159 177 199 197 182 140 83 67 62 67 73 79 84 84 84 84 84 84 84 87 94 115 169 231 265 273 272 250 196 164 151 143 140 142 148 156 217 255 254 250 255 287 289 284 292 304 306 308 307 305 311 326 338 334 314 301 306 321 330 333 337 342 336 332 343 0 8 354 319 302 307 321 336 342 338 329 323 319 314 310 310 314 318 312 303 300 303 311 318 324 328 338 44 107 125 130
150 173 199 198 191 189 142 81 71 73 77 81 84 85 85 84 84 83 84 87 95 110 155 254 269 270 261 218 166 156 151 146 146 153 165 206 259 275 281 294 318 328 327 321 312 301 296 297 297 299 309 323 333 340 330 310 303 312 325 329 332 341 343 337 338 354 7 6 337 308 305 316 330 340 343 336 328 323 318 313 313 319 325 323 314 305 302 307 317 326 338 17 92 111 119 123
143 165 195 197 193 205 204 118 88 85 86 87 88 89 89 89 88 89 89 90 92 99 141 261 268 265 245 181 151 148 149 148 152 170 218 273 293 300 303 309 319 327 332 333 329 309 293 292 296 297 304 316 325 336 338 324 309 306 314 323 326 337 347 343 338 346 3 10 353 319 306 314 326 336 344 342 332 325 319 314 313 317 323 326 323 314 307 310 319 329 0 76 102 107 109 111
141 158 190 194 196 214 221 170 108 98 95 94 93 93 93 92 92 92 93 92 91 91 103 266 267 260 216 159 144 142 146 151 167 237 278 293 301 306 308 311 315 321 327 334 341 335 314 304 303 300 300 306 314 327 337 336 323 307 303 310 316 328 343 348 342 342 356 9 4 332 310 312 323 332 342 345 334 325 320 314 311 313 320 326 328 324 318 318 324 336 81 107 111 109 107 105
143 154 182 192 202 222 228 195 123 108 105 101 99 97 96 95 94 94 95 94 92 90 80 271 266 251 181 150 142 140 144 161 244 279 290 296 301 305 308 310 312 316 321 330 342 346 333 317 309 307 307 305 307 315 327 336 335 319 306 300 302 313 332 346 347 343 349 3 7 346 316 309 318 328 338 344 335 325 322 319 314 313 317 323 328 328 326 329 342 78 115 117 117 114 111 108
144 151 173 191 212 231 232 207 131 112 110 109 107 104 101 99 96 95 96 95 94 95 101 268 262 234 158 143 144 147 153 272 291 293 295 297 301 304 306 307 308 311 316 325 337 345 342 331 318 313 316 316 311 308 313 325 333 330 321 309 299 300 314 335 345 344 347 358 6 354 323 309 313 322 332 339 335 327 324 323 320 317 318 321 326 329 331 345 57 108 113 111 110 111 113 114
147 150 166 196 225 238 235 213 138 113 111 114 116 114 109 103 99 97 96 97 98 103 151 261 256 207 142 138 152 180 273 303 307 306 304 305 306 306 306 306 305 306 310 318 330 340 344 342 329 316 317 323 321 313 308 311 321 329 332 327 316 306 305 320 335 341 345 354 3 356 329 312 310 316 325 331 332 328 326 324 321 320 321 322 323 326 333 64 104 107 102 94 91 97 106 113
149 150 161 206 238 244 238 215 143 117 112 114 120 124 120 111 103 100 98 99 102 108 181 261 254 166 131 137 191 270 297 307 311 312 313 314 313 311 310 310 308 307 307 310 321 334 341 345 337 319 314 322 327 324 316 308 310 320 330 333 331 323 314 313 322 332 341 351 359 355 333 315 310 312 316 321 323 324 325 321 317 317 315 310 306 303 127 108 104 98 91 84 83 88 95 100
151 153 165 217 243 245 239 212 144 122 115 113 117 127 131 124 113 106 103 102 104 109 209 260 238 141 127 153 270 293 302 307 310 311 313 315 316 315 314 312 310 310 309 309 315 327 337 345 342 324 313 316 325 329 326 315 309 313 322 329 334 335 328 322 322 326 337 347 354 354 341 321 310 308 308 309 309 310 312 308 301 292 280 266 243 200 162 121 99 88 84 84 86 89 89 84
151 156 179 229 246 245 239 208 141 124 119 114 114 122 133 136 126 116 110 107 108 110 231 250 200 136 133 243 286 297 305 306 308 309 309 311 313 315 316 315 311 309 309 309 313 322 334 342 343 332 318 314 319 324 327 322 316 314 317 323 330 335 335 333 329 326 331 339 347 353 346 325 312 306 300 294 286 279 271 264 255 245 237 230 207 185 175 152 113 89 84 85 88 88 79 63
147 160 202 241 248 244 235 202 142 125 121 116 113 116 126 137 138 127 119 114 112 112 244 235 171 136 155 282 293 306 311 308 306 304 304 306 308 310 313 315 315 311 310 309 310 317 328 337 342 339 329 320 318 320 322 322 321 319 318 322 326 325 327 333 330 322 321 326 336 347 341 318 305 296 282 268 253 239 228 224 224 225 225 217 196 184 184 180 151 108 89 84 82 75 62 55
143 163 222 247 247 242 233 199 145 126 122 118 114 112 116 129 142 137 127 122 121 132 229 199 152 141 295 298 302 312 318 316 311 304 301 302 303 305 307 312 315 313 312 311 309 312 320 328 335 338 334 328 323 321 318 315 312 310 308 311 308 295 294 303 307 300 294 291 285 282 283 276 267 254 244 236 226 215 209 211 216 218 215 205 191 187 191 194 182 143 98 77 67 59 58 67
143 170 239 251 244 238 229 197 148 129 123 120 118 114 111 120 136 142 133 130 136 168 201 177 164 301 307 307 308 311 316 321 321 314 306 299 297 298 300 305 307 307 311 314 312 310 312 315 322 327 325 324 320 314 309 295 280 267 256 242 235 240 242 239 238 238 230 215 202 204 216 223 222 219 218 216 211 202 200 207 213 212 206 197 189 189 195 201 203 195 92 57 55 59 71 81
151 192 245 249 240 233 224 193 150 131 125 123 124 123 117 114 124 136 136 136 147 178 199 202 275 305 309 311 310 308 310 316 320 318 313 304 296 292 292 295 295 297 303 309 309 307 302 296 293 287 281 279 275 269 260 247 235 224 218 209 208 216 221 217 210 205 198 192 193 199 204 205 206 207 206 204 201 195 196 206 210 205 199 193 189 192 201 212 227 252 326 36 58 74 84 87
