wepppy/topo/watershed_abstraction/tests/data/flowpath_infinite_loop/dem/topaz/TASPEC.ARC
ncols   447
nrows   443
xllcorner  507961
yllcorner 5195383
cellsize   30.00
nodata_value    -1.0
[rows 360 to 404 of 443, columns 192 to 287 of 447]
305 304 307 311 312 307 282 245 207 176 158 148 143 144 145 143 144 144 143 149 313 317 320 321 322 319 302 285 278 280 287 303 332 352 343 324 314 317 335 3 20 25 10 327 305 131 147 164 174 179 175 165 152 142 132 123 140 195 206 192 194 212 221 216 199 159 122 113 114 120 136 143 125 106 96 90 89 101 185 229 221 201 192 167 141 135 205 302 305 306 306 287 265 249 238 229
311 307 307 307 304 278 229 203 180 164 155 148 144 144 141 139 140 143 168 306 311 315 317 320 326 333 328 308 286 275 277 291 316 337 342 336 325 324 337 1 17 25 24 5 94 117 134 158 174 179 179 172 161 153 144 133 143 184 198 195 207 224 224 216 198 161 129 122 129 145 159 162 151 135 121 108 102 109 156 215 215 201 186 166 159 197 300 305 306 312 321 323 312 278 242 232
311 306 303 298 260 190 186 179 166 157 153 150 149 149 145 138 136 151 303 308 311 314 316 318 325 333 337 332 314 291 283 286 301 320 332 334 328 324 330 23 44 44 50 64 95 105 118 144 168 177 180 176 167 158 149 135 135 177 208 219 236 242 242 241 222 124 106 109 120 140 157 166 158 142 132 125 114 107 131 214 212 190 177 177 217 279 306 308 307 309 315 324 333 336 313 286
304 293 278 236 174 167 170 167 159 154 152 150 151 154 152 151 165 298 305 307 310 314 317 320 325 331 337 344 340 322 305 296 295 297 301 294 255 199 176 172 180 174 133 110 98 96 98 117 149 169 179 179 172 162 147 132 131 185 264 280 287 293 300 307 332 41 69 79 87 102 124 148 146 127 115 111 104 100 110 215 213 177 169 232 278 296 307 307 306 303 300 303 319 339 341 330
285 259 225 187 166 161 160 156 151 151 152 149 150 156 163 185 252 295 302 304 308 311 315 320 323 323 329 339 342 336 323 308 295 273 226 197 183 176 174 177 188 190 159 126 104 96 95 106 132 160 176 179 179 172 145 126 131 258 293 305 318 324 326 330 347 28 54 61 64 62 58 46 49 63 64 62 71 81 90 172 196 164 210 283 290 299 306 304 300 295 292 288 285 296 316 319
239 218 197 177 167 162 153 143 138 142 148 148 149 156 172 218 261 287 296 300 303 302 301 304 301 297 305 318 330 334 321 288 235 195 185 182 178 177 181 189 202 199 168 139 117 104 100 104 119 148 170 177 187 194 147 121 147 261 284 299 316 327 333 336 352 33 55 59 59 50 35 24 25 35 44 52 62 72 79 117 176 182 271 286 291 298 304 305 292 279 270 257 247 238 228 220
204 195 184 174 170 165 152 134 124 126 137 144 146 152 178 235 261 278 286 289 288 273 259 248 256 267 274 278 280 272 228 195 179 175 178 180 181 186 197 210 211 194 170 149 126 109 101 98 102 122 153 171 193 203 164 138 175 243 262 269 275 283 295 308 354 66 78 75 67 54 32 22 24 33 43 55 68 78 86 103 155 250 284 286 289 291 294 287 253 234 219 214 216 213 209 210
190 186 178 172 171 172 158 135 122 122 131 141 144 148 188 252 266 271 269 259 240 228 229 233 248 258 254 242 226 202 180 165 160 166 176 183 191 206 226 233 215 183 167 154 133 112 99 91 91 102 128 158 190 200 171 145 185 237 241 235 228 227 230 234 166 118 113 112 104 90 63 38 39 49 60 73 84 91 96 103 142 282 285 284 281 268 241 209 204 203 204 215 221 215 216 227
180 179 175 169 171 178 165 141 132 131 138 146 146 146 232 268 269 260 239 222 214 219 232 244 247 241 228 220 213 197 173 152 147 157 175 194 216 241 253 251 216 162 155 155 143 120 101 91 89 94 107 135 184 198 172 142 195 241 236 230 230 235 241 234 166 125 116 121 130 143 155 154 127 104 99 98 100 101 102 105 239 279 278 274 257 222 199 200 212 228 257 275 283 294 289 280
168 174 175 168 170 178 168 149 141 140 146 151 151 165 278 274 264 240 213 209 220 235 244 243 232 220 213 215 214 196 170 148 139 148 179 223 251 265 271 271 219 128 138 154 157 139 113 96 87 84 88 100 157 195 176 150 212 252 254 255 260 260 254 229 168 126 104 101 112 142 167 175 166 140 120 110 106 105 105 109 251 269 263 252 225 200 203 239 281 317 330 324 322 327 324 312
155 168 173 169 170 174 166 153 145 144 150 159 182 288 286 270 253 227 207 221 242 248 241 227 216 215 219 225 219 191 168 150 137 140 208 262 271 275 276 274 131 114 122 143 161 159 139 114 92 77 76 76 86 158 173 174 242 269 275 278 277 270 250 208 171 147 108 83 84 105 149 174 174 151 126 114 109 106 108 121 229 252 246 239 229 239 289 298 305 315 321 316 315 317 320 321
144 158 170 172 171 170 163 153 145 146 157 195 268 285 271 252 243 233 234 255 261 255 239 221 219 232 243 242 220 182 164 154 146 161 248 271 274 275 274 265 124 109 108 121 147 161 159 146 128 95 83 77 75 99 148 208 263 274 276 277 276 270 240 183 170 169 150 99 84 86 107 154 172 157 133 118 111 108 112 134 224 245 247 257 274 304 312 307 293 276 264 268 279 288 296 305
133 143 164 174 172 167 160 152 144 146 171 235 259 250 226 236 247 255 270 278 274 266 258 252 261 265 261 241 201 169 158 155 162 201 251 267 269 268 263 233 130 109 99 101 117 144 161 164 165 141 113 101 97 105 134 233 264 271 272 274 275 271 192 153 168 182 176 140 102 86 84 106 150 158 140 122 113 112 119 152 242 269 285 291 299 305 303 291 255 242 244 252 257 259 254 217
119 123 148 171 171 165 160 151 145 149 187 236 240 220 217 251 265 273 282 288 284 280 281 290 292 274 249 211 180 163 155 154 176 232 257 263 262 255 239 200 152 118 95 89 94 112 142 161 172 164 145 132 124 124 152 236 263 272 276 278 275 257 143 141 168 188 182 163 129 96 86 92 116 144 140 123 114 113 121 182 265 288 299 301 300 292 280 234 221 237 246 246 239 234 213 182
104 101 109 146 158 157 158 155 153 157 195 230 231 226 256 276 279 280 284 287 286 285 286 290 284 251 209 188 174 162 156 156 206 257 264 262 254 240 221 196 174 147 101 89 90 99 116 141 164 167 158 148 138 137 171 241 267 277 280 277 264 209 135 134 164 189 184 172 158 129 106 97 99 119 132 125 114 109 117 228 272 284 289 291 285 266 237 194 218 240 239 226 218 217 194 176
83 78 70 61 78 111 135 151 160 169 201 229 237 253 275 282 282 281 282 284 284 283 282 279 263 192 171 172 169 164 164 180 247 266 265 255 240 223 208 198 196 190 123 95 95 100 106 117 140 157 158 152 142 141 186 250 269 276 277 267 240 180 129 125 153 184 184 175 169 154 135 114 104 109 123 128 117 108 114 241 265 270 273 272 257 233 206 196 219 232 223 206 206 208 187 180
52 54 49 36 41 73 105 138 165 183 212 237 251 265 274 278 278 278 279 281 282 281 279 274 240 143 143 158 164 168 185 228 263 266 257 239 220 208 199 200 210 217 164 94 91 95 100 106 116 132 146 150 142 137 200 255 264 266 262 246 219 171 119 113 133 171 178 173 170 164 153 135 119 112 118 126 119 109 115 230 255 260 261 258 239 207 198 206 216 215 205 197 205 206 188 200
30 40 42 36 44 74 96 123 168 202 228 247 258 264 267 270 272 273 274 276 279 280 280 274 171 125 130 145 159 176 215 254 268 262 242 222 206 199 197 206 222 231 217 89 83 81 81 82 90 107 128 148 144 136 209 251 254 250 242 226 213 180 114 103 111 144 162 166 169 167 161 149 133 119 114 118 116 111 114 217 252 256 255 251 226 187 200 218 213 198 191 196 208 207 199 219
24 43 51 52 63 83 94 109 168 223 238 250 257 261 263 266 269 269 270 272 276 279 281 271 128 121 124 133 151 195 246 260 257 242 223 208 197 200 208 225 241 242 226 109 84 73 63 57 64 82 99 127 142 140 203 240 242 237 230 222 213 192 124 101 99 110 129 146 161 163 159 154 146 130 117 113 111 109 109 185 249 254 251 239 209 183 210 226 204 180 181 198 206 209 219 235
44 68 76 79 86 91 94 99 158 234 240 248 257 265 270 271 271 271 273 274 275 277 277 208 120 119 120 123 143 237 256 251 236 218 207 199 194 210 234 250 255 245 217 153 105 76 57 55 60 69 74 81 106 130 192 229 235 234 231 225 215 195 143 107 95 93 98 109 130 142 144 149 153 141 125 114 108 104 102 139 244 251 246 228 197 190 211 213 186 171 178 200 209 220 236 238
97 100 100 103 106 100 95 95 130 230 234 246 257 265 268 267 267 270 273 273 271 270 259 143 120 119 119 125 163 234 241 233 222 213 207 202 207 241 261 267 262 242 201 164 139 113 81 73 72 73 74 74 86 111 169 216 231 237 236 229 216 197 162 117 96 88 86 86 94 107 115 125 139 138 127 119 112 106 100 109 240 247 241 220 195 200 213 199 176 173 182 203 223 239 242 222
103 104 107 113 118 107 95 88 91 223 234 244 250 251 248 250 259 265 268 264 258 248 218 148 125 119 119 133 181 221 227 221 220 223 225 231 259 277 279 279 270 225 172 159 159 160 151 125 102 91 90 94 101 111 146 195 225 235 235 228 216 202 182 133 100 89 84 83 86 92 93 96 105 116 118 119 119 114 103 100 241 242 235 216 199 213 219 189 168 176 189 211 237 242 225 198
93 94 98 103 108 96 83 71 58 44 239 243 242 240 241 248 259 265 264 252 234 221 196 155 133 123 122 140 193 229 239 237 241 249 256 270 285 287 285 281 256 164 151 155 162 168 171 163 143 114 103 106 110 112 129 174 222 234 234 230 221 211 199 157 109 94 89 88 89 91 91 92 94 97 99 102 107 108 101 98 249 243 232 214 204 218 217 179 161 179 202 226 239 225 196 183
83 82 80 74 63 62 63 58 51 51 104 234 233 235 243 252 257 258 250 227 212 209 191 155 139 130 126 143 218 257 276 293 283 274 274 280 285 283 279 261 177 148 145 150 159 167 178 183 170 132 106 98 99 104 111 145 231 244 242 238 231 222 212 180 117 95 90 89 89 90 92 94 89 81 78 76 75 81 90 97 219 241 231 215 211 219 210 178 163 184 215 231 227 203 182 177
73 70 64 54 45 52 57 53 53 60 75 208 222 232 241 244 241 237 228 214 210 215 189 145 136 131 125 145 256 274 281 281 267 270 275 279 279 272 254 200 158 146 141 143 153 166 185 200 189 150 110 91 89 96 101 115 247 256 253 249 241 232 227 214 105 82 80 81 81 83 83 77 64 61 66 68 68 70 79 91 167 222 222 214 218 222 208 178 166 190 219 222 207 189 179 177
65 62 55 49 50 57 52 45 53 64 76 124 217 234 239 235 227 224 230 234 245 245 165 130 128 126 122 167 263 260 244 229 253 269 273 274 271 257 217 167 150 143 136 136 145 163 194 211 202 177 130 97 93 98 103 115 252 259 257 252 246 240 242 257 358 64 72 75 75 72 64 50 41 53 67 74 76 77 80 89 125 201 213 213 221 221 206 179 167 201 222 211 194 183 178 178
60 52 44 42 46 44 35 35 53 68 78 92 210 233 234 236 239 246 259 270 281 267 130 124 123 122 125 225 249 240 235 249 277 282 279 275 267 246 180 144 137 135 132 132 139 162 195 212 210 199 168 114 103 104 108 123 252 259 256 252 246 243 247 260 294 59 71 73 70 61 54 49 51 68 79 84 87 88 88 92 108 167 199 211 217 212 198 180 174 210 219 201 187 181 178 179
48 42 36 35 35 34 34 42 58 70 75 79 163 234 243 254 267 280 283 280 275 131 125 125 124 125 148 218 230 240 255 271 284 288 288 286 279 255 133 117 117 119 122 127 136 159 191 209 212 208 185 135 116 113 115 136 252 257 254 250 242 235 241 251 264 56 69 68 60 50 58 68 80 90 93 94 96 97 97 98 109 142 183 206 209 201 191 186 188 202 206 193 183 180 179 179
34 37 36 35 34 39 54 63 62 64 67 65 58 261 266 269 271 273 273 269 246 126 125 130 129 135 176 219 244 269 278 282 287 292 297 297 293 297 97 98 98 100 104 112 122 146 188 211 214 207 184 147 125 118 121 161 244 250 246 240 231 222 234 247 255 29 74 74 70 69 83 92 102 106 105 105 106 107 108 109 117 134 168 195 197 192 188 188 192 195 195 188 182 179 178 178
38 54 64 76 94 102 101 101 89 75 73 67 56 0 261 262 261 257 254 247 204 131 124 131 135 150 199 242 276 291 295 298 298 300 305 302 292 351 84 82 82 83 85 91 98 112 179 219 220 206 179 149 126 116 122 177 236 240 231 224 223 227 243 252 248 203 108 101 108 117 115 115 120 120 117 118 120 120 119 121 126 138 161 180 185 187 188 189 190 191 190 187 183 180 177 177
84 112 128 139 144 142 136 137 144 121 98 83 67 64 247 250 250 246 239 227 192 139 121 122 127 159 233 262 275 282 286 292 290 290 292 279 242 166 102 78 77 79 82 87 90 95 132 227 226 203 176 150 124 113 117 195 249 243 224 221 232 245 254 252 231 187 141 127 129 131 128 128 131 130 128 130 132 130 128 128 132 142 157 167 176 184 188 188 189 190 189 187 184 181 176 173
108 127 139 144 144 142 141 145 151 141 121 104 86 93 216 239 242 239 231 222 195 142 124 122 127 193 271 277 278 273 268 264 260 251 233 211 190 174 159 122 100 93 93 96 101 109 137 205 214 195 179 162 137 121 124 263 285 293 282 258 261 263 259 241 209 175 149 138 135 132 129 131 132 133 135 137 138 136 134 134 136 144 153 159 164 175 186 189 189 190 190 188 185 182 174 165
108 121 131 137 140 138 137 141 143 140 138 132 113 112 169 230 236 233 229 225 203 139 126 125 137 261 277 278 276 268 261 248 239 225 204 190 180 175 173 160 134 114 105 105 110 117 139 183 194 185 180 175 166 157 177 284 299 318 347 323 291 280 265 232 189 162 146 138 134 130 127 128 128 129 134 139 140 139 139 139 140 147 154 155 153 162 181 192 191 190 190 188 187 185 173 156
99 108 115 124 131 132 131 134 136 136 143 149 133 121 147 217 228 227 226 224 199 140 119 120 177 268 266 258 244 243 244 239 229 209 192 182 177 175 174 170 158 134 118 117 122 126 139 169 183 181 179 182 189 199 259 291 299 315 342 334 310 292 260 204 169 153 143 137 133 131 130 129 128 128 131 138 141 141 143 144 146 152 160 159 148 149 174 193 191 187 189 190 189 187 177 157
102 105 106 109 114 117 119 123 127 129 132 140 136 127 136 197 220 223 225 221 195 143 121 121 230 256 252 246 239 243 248 242 218 191 181 177 175 175 174 174 170 147 127 124 130 135 140 156 174 178 181 202 237 269 291 295 297 310 332 334 319 302 208 171 160 153 147 140 133 131 132 134 135 134 136 141 143 144 147 149 151 157 166 166 153 144 164 193 191 185 188 191 190 188 182 171
119 118 112 109 107 103 100 98 96 91 87 95 108 111 110 156 206 215 221 221 197 145 123 129 228 243 244 253 263 269 262 239 196 175 173 172 173 175 178 182 176 150 128 123 130 141 146 151 166 187 243 288 299 304 304 300 297 307 325 337 341 16 122 144 151 151 150 145 135 130 130 134 138 139 141 145 145 146 150 152 155 161 168 169 160 152 160 185 188 181 188 193 190 187 184 180
121 122 120 115 101 83 70 62 50 38 44 54 48 34 35 44 103 186 209 215 198 159 141 158 217 241 256 269 276 274 250 212 179 169 170 171 173 178 186 190 179 147 124 120 128 144 153 155 175 283 307 318 328 331 326 314 305 305 319 343 12 76 110 128 143 147 148 146 139 132 129 132 138 142 145 147 149 150 153 154 156 159 166 168 165 162 163 177 183 181 186 188 187 187 182 181
105 105 104 94 69 49 42 39 32 28 33 31 18 10 16 27 48 91 181 207 197 174 162 180 224 254 272 276 276 263 220 186 170 166 167 169 173 182 195 204 192 144 120 117 123 140 158 172 279 301 308 321 338 345 341 329 310 299 303 342 74 101 113 124 138 141 141 143 143 138 134 136 140 144 147 152 155 154 154 153 155 162 167 167 167 165 167 176 177 181 184 185 186 182 180 179
76 71 57 39 30 22 24 28 26 23 20 13 4 4 15 27 42 61 90 191 199 184 175 199 239 263 272 271 263 229 180 168 163 163 165 168 173 185 208 224 208 136 120 118 122 134 155 288 301 302 305 319 340 351 350 340 318 297 289 356 94 101 106 114 126 129 130 135 140 139 139 141 144 148 151 153 156 155 156 157 157 160 165 166 168 166 170 174 174 181 183 181 182 180 178 177
57 50 37 26 19 13 18 24 23 17 10 4 0 4 21 38 50 62 69 86 199 193 182 216 249 263 266 259 239 196 168 162 162 163 166 169 174 192 226 242 206 129 121 121 124 132 305 302 301 302 307 320 341 353 357 353 337 312 301 38 88 92 93 97 105 111 112 116 125 131 135 142 149 151 151 153 157 158 159 158 156 158 163 167 168 166 172 177 175 178 179 177 179 178 177 174
48 42 33 25 17 14 18 24 24 15 5 359 358 14 48 66 73 75 74 71 88 185 180 229 253 259 259 245 216 182 165 162 162 164 167 171 178 223 253 245 178 132 122 120 123 135 306 300 299 301 304 316 338 356 4 4 355 335 327 60 89 90 90 90 95 98 98 100 107 116 124 135 147 151 153 157 159 158 159 161 160 158 160 166 166 166 173 180 180 175 175 173 173 176 175 175
42 37 31 25 20 18 22 31 34 28 19 11 59 112 107 103 98 90 82 75 74 115 170 230 250 253 250 231 196 172 164 163 163 165 173 189 242 278 266 228 161 135 123 118 106 324 308 298 296 296 296 304 329 359 14 17 12 358 34 111 107 100 96 94 94 96 96 96 100 106 110 120 138 145 149 157 161 159 158 159 161 158 158 162 162 163 173 187 187 171 169 170 171 172 173 177
42 34 29 26 24 23 33 54 73 97 131 153 156 147 135 125 116 103 90 82 81 93 142 230 247 246 237 214 183 168 165 168 171 181 217 271 291 282 259 184 144 130 120 116 313 319 310 298 293 288 285 287 303 0 48 73 105 144 149 141 129 114 104 98 96 98 99 100 100 101 102 107 120 133 143 154 160 159 160 161 160 158 157 158 155 157 175 195 189 168 164 167 172 170 172 180
50 37 30 30 35 44 69 93 112 135 147 153 154 151 146 138 127 105 87 79 79 84 99 236 245 240 227 204 182 173 178 192 222 284 304 302 292 272 229 146 129 121 115 174 293 302 301 295 290 282 276 272 263 154 126 133 146 156 158 156 148 132 114 103 100 102 103 103 100 98 98 103 115 127 139 153 160 162 163 163 160 160 160 160 156 153 177 203 184 165 162 164 171 168 170 180
76 50 39 46 62 82 106 116 126 139 143 144 147 150 148 140 115 64 56 62 67 71 74 252 247 237 223 201 187 197 233 289 320 330 325 310 281 251 187 132 121 117 124 257 276 279 279 279 277 275 272 264 227 154 140 141 148 156 162 164 162 153 133 114 106 102 100 99 98 97 98 103 113 125 138 153 159 162 167 167 164 164 163 160 157 162 188 194 172 161 158 161 174 171 173 184
