wepppy/topo/watershed_abstraction/tests/data/flowpath_infinite_loop/dem/topaz/TASPEC.ARC
ncols   447
nrows   443
xllcorner  507961
yllcorner 5195383
cellsize   30.00
nodata_value    -1.0
[rows 225 to 269 of 443, columns 0 to 95 of 447]
90 96 81 59 43 47 54 62 80 114 131 152 173 181 194 202 200 193 176 156 137 116 94 80 73 75 136 208 212 213 211 202 172 125 100 92 87 87 89 88 85 85 87 86 79 69 63 63 65 71 78 83 85 297 279 260 252 252 245 238 231 220 210 210 212 209 206 209 207 197 183 173 173 203 235 237 222 214 226 247 268 282 287 291 297 308 318 322 330 339 343 337 325 314 314 326
180 114 79 21 20 37 47 54 59 68 80 95 130 161 180 191 195 194 185 174 161 150 137 121 104 93 95 171 209 211 210 207 193 159 117 93 76 70 70 74 77 83 90 91 83 71 67 70 73 77 82 83 86 243 248 240 249 252 247 239 232 225 215 210 210 210 214 217 211 199 186 179 190 226 245 247 248 266 275 277 278 282 285 285 286 293 305 313 320 329 336 340 337 325 321 332
180 149 167 311 6 44 55 59 58 56 55 55 59 77 124 159 181 189 187 181 173 163 155 150 142 130 119 116 183 211 210 207 201 182 148 119 88 73 72 78 87 98 106 111 107 87 77 78 81 84 86 85 82 135 225 203 236 250 248 239 232 225 216 212 213 215 219 220 213 202 194 194 230 260 268 276 291 298 295 288 282 281 281 280 277 280 292 303 311 318 328 338 342 334 326 335
180 166 221 273 338 61 68 64 59 52 46 46 48 47 57 84 126 174 183 178 171 165 161 159 155 147 131 106 113 176 202 208 205 191 170 160 143 111 98 96 102 112 120 135 152 137 99 87 85 88 91 92 90 90 166 174 223 243 243 234 226 221 218 218 222 224 228 229 227 228 244 283 296 295 294 296 301 303 303 301 295 290 287 285 280 280 288 298 305 309 317 330 340 338 332 343
180 176 232 255 251 84 77 69 60 51 42 41 43 40 44 56 61 66 121 153 155 155 154 150 150 133 32 48 71 107 166 195 203 193 177 173 166 150 132 119 116 118 126 145 170 171 140 110 97 95 96 103 118 144 153 153 203 232 233 224 212 212 218 224 232 241 252 262 276 293 308 308 307 308 309 310 309 310 312 313 310 303 299 300 299 295 294 298 303 305 308 317 328 341 354 47
180 178 229 246 236 106 81 71 63 54 45 42 43 44 49 57 59 56 61 78 83 76 52 23 0 357 6 41 73 88 117 171 192 187 174 167 166 165 156 138 123 117 123 140 166 170 161 147 125 106 98 102 123 148 148 145 188 224 230 215 196 208 224 231 239 253 271 289 303 315 319 311 309 312 317 316 313 314 317 318 315 311 307 308 309 304 301 299 298 298 299 300 302 330 86 110
180 186 236 253 253 101 77 72 66 56 47 43 46 52 57 62 65 64 65 64 51 24 6 358 5 21 49 101 105 103 104 117 164 175 157 144 145 151 143 123 93 74 60 44 50 97 134 146 135 109 95 85 87 107 133 135 177 225 232 215 188 217 237 239 244 255 269 286 300 312 315 309 306 309 312 310 308 311 314 314 314 316 313 308 308 306 305 301 296 292 288 268 227 184 144 126
180 210 259 268 271 348 67 68 63 50 41 42 49 57 64 68 71 74 75 66 32 1 353 358 29 67 105 121 113 105 87 52 42 35 35 35 27 23 29 29 26 25 24 24 27 34 38 40 54 74 72 48 43 63 95 123 165 220 224 207 188 228 242 239 243 253 262 270 281 291 297 295 293 293 295 294 294 296 298 300 306 314 314 308 305 305 306 301 294 288 268 208 191 184 164 136
180 264 280 280 286 336 56 62 55 41 33 38 51 62 72 78 81 84 80 47 356 345 353 32 97 111 121 109 86 58 25 16 25 22 5 5 12 19 25 15 3 10 23 32 32 31 30 31 35 44 38 21 35 57 70 90 132 194 206 202 197 219 232 233 240 251 258 262 267 273 279 280 278 277 277 277 276 275 276 279 284 294 300 300 299 299 297 289 279 260 202 176 183 188 188 187
270 292 291 287 290 336 61 65 56 39 27 33 49 67 81 88 87 76 45 1 347 353 28 92 110 117 117 70 42 23 9 9 18 15 358 354 7 21 24 7 354 4 22 37 40 34 35 41 45 39 23 17 38 56 60 69 99 158 188 200 205 216 224 230 240 250 256 260 264 268 270 271 271 269 267 264 260 255 254 257 260 265 276 285 290 290 284 270 248 207 173 169 181 192 207 231
0 289 289 284 269 191 125 106 92 59 3 22 47 66 77 81 72 44 10 351 351 20 81 104 109 109 29 11 15 12 2 7 16 13 358 354 4 13 10 355 349 2 20 34 39 35 36 41 43 33 19 25 47 58 60 69 91 127 173 203 208 216 224 231 242 250 255 259 262 265 267 268 268 265 258 250 242 234 235 246 252 258 266 273 278 279 270 250 217 178 162 168 180 194 219 241
0 278 276 263 209 174 162 151 148 182 275 2 55 69 74 64 41 12 355 353 22 86 106 108 103 52 342 352 4 7 354 359 18 19 358 354 11 12 351 338 342 357 17 34 40 36 32 35 36 29 24 39 56 64 68 77 91 113 157 203 213 219 228 235 244 251 255 257 260 262 263 263 262 255 242 230 227 227 233 246 253 255 257 259 259 257 248 231 190 156 150 163 181 206 238 251
180 264 256 227 169 167 172 167 173 210 242 243 86 78 64 39 18 2 356 16 73 99 106 99 73 346 335 346 0 3 350 354 15 19 359 356 24 16 325 322 338 353 14 33 42 40 31 32 37 36 39 54 66 70 75 84 93 104 136 202 210 215 227 236 245 252 255 257 259 259 257 254 247 233 213 209 223 236 249 256 255 247 240 239 239 237 234 221 169 134 132 153 189 238 258 258
180 254 241 196 158 163 172 176 197 234 248 227 109 77 38 15 8 6 17 65 93 98 95 76 27 340 331 339 356 3 348 349 16 24 358 356 24 12 328 320 332 344 3 28 42 44 37 39 46 48 54 64 71 77 83 89 94 101 122 189 200 212 227 236 244 252 256 257 259 258 251 240 229 218 206 214 239 254 261 261 252 239 227 226 228 231 232 218 155 126 131 158 204 244 256 250
180 247 226 174 151 159 176 197 243 264 263 249 68 34 8 6 16 29 60 87 93 92 84 47 2 339 326 330 352 4 348 347 18 24 356 359 22 8 335 327 335 328 341 29 51 55 51 54 59 61 64 69 74 80 85 89 93 100 121 173 192 221 241 246 248 251 254 255 256 254 239 215 216 224 234 262 272 268 261 253 241 230 223 221 224 229 227 207 163 136 135 163 220 249 254 241
180 235 204 163 149 158 204 261 278 279 275 275 325 351 356 16 54 81 94 98 96 94 83 10 343 338 326 325 346 2 350 350 21 21 353 0 18 6 350 0 58 194 194 168 103 77 67 66 69 69 69 71 76 80 84 86 89 94 108 161 212 252 261 258 255 253 253 252 250 243 220 202 223 246 264 280 279 265 251 237 226 221 222 225 231 233 224 200 168 140 132 166 242 257 255 236
180 219 188 165 162 197 284 294 294 290 280 258 269 287 25 113 118 118 116 114 108 95 60 346 333 332 325 322 339 357 349 358 23 18 359 12 24 15 28 89 130 165 177 177 165 122 91 79 76 74 74 75 77 80 82 84 86 88 94 135 247 264 264 259 255 252 251 248 243 236 223 227 261 270 270 270 263 245 232 223 217 218 227 236 242 239 224 199 171 140 127 182 255 258 249 220
180 206 187 178 210 278 298 299 296 292 255 209 235 228 153 133 133 132 128 122 108 63 22 349 327 323 325 327 336 344 346 8 30 29 35 75 117 137 136 131 136 152 166 176 181 168 131 101 86 79 77 77 77 78 79 82 83 84 86 104 245 253 254 253 252 249 245 243 241 242 251 274 282 274 266 257 237 215 209 216 224 234 245 248 244 234 219 201 175 140 131 209 253 248 229 198
180 206 210 248 291 301 302 298 288 251 163 185 224 217 151 130 129 128 118 100 53 19 14 350 325 321 324 329 331 325 334 60 90 111 125 140 157 161 153 143 139 144 157 172 183 184 166 140 114 88 76 72 71 72 75 79 81 81 85 100 233 245 247 248 249 246 239 239 245 254 264 274 274 264 254 238 212 194 200 223 241 254 259 254 240 226 213 200 179 151 151 220 247 237 210 187
180 248 278 301 306 307 304 291 247 170 156 187 229 227 146 105 92 79 59 30 8 10 14 349 326 322 322 321 214 200 178 153 150 151 145 147 158 165 160 149 143 139 148 164 180 189 180 167 156 120 83 67 62 66 73 78 82 82 86 96 223 243 247 249 248 244 241 245 254 259 262 263 259 249 236 221 204 196 215 248 259 259 254 244 231 218 206 193 178 166 178 217 235 223 195 181
270 290 298 305 307 306 300 258 172 152 154 199 237 241 228 49 39 28 22 13 9 18 14 345 327 321 280 156 163 172 168 157 156 153 146 145 156 166 164 155 147 140 140 154 176 189 185 179 177 164 140 88 64 66 74 80 83 84 85 89 217 247 250 250 248 247 249 254 258 258 257 254 245 230 215 210 213 224 256 269 265 256 243 231 223 213 199 184 172 172 192 214 218 205 184 176
0 287 293 298 300 299 278 158 146 145 157 214 243 250 272 354 15 15 16 15 18 25 16 353 342 145 149 153 156 159 159 154 152 146 139 140 150 161 163 158 150 142 136 142 167 187 185 183 182 176 175 168 107 81 80 82 83 84 83 86 124 256 254 252 251 250 253 253 255 253 249 243 230 209 197 211 230 247 265 269 261 248 234 223 218 210 192 173 163 174 206 217 209 194 181 176
180 276 283 288 290 279 151 140 141 144 168 242 262 269 285 321 358 10 15 19 24 27 19 21 64 120 135 143 148 146 147 148 146 137 129 127 134 147 156 154 146 140 135 135 154 173 179 183 184 180 180 184 168 116 95 89 87 87 86 87 95 256 256 254 252 250 251 249 246 244 239 233 221 202 198 230 251 257 259 257 247 236 226 220 214 206 186 165 158 182 220 218 199 188 181 177
180 271 277 282 279 171 139 138 141 151 220 274 283 284 284 285 309 356 15 22 27 28 28 43 66 83 95 106 119 123 127 132 133 125 115 106 100 106 120 123 117 113 110 103 108 130 160 181 188 186 175 176 176 148 116 100 92 90 88 87 90 257 255 253 249 248 246 245 239 235 234 232 226 219 237 265 267 260 252 242 233 225 220 213 207 198 182 166 166 193 214 209 194 185 181 183
270 275 279 278 234 141 137 139 145 180 264 281 280 267 240 212 196 196 198 192 29 30 36 50 60 65 72 76 85 96 102 103 99 87 72 62 59 54 42 36 39 37 29 29 50 79 113 172 190 188 167 159 166 161 135 109 97 91 89 87 88 258 255 248 241 242 244 244 242 240 243 245 245 253 272 278 271 258 246 233 224 218 214 208 200 189 177 170 176 195 211 212 205 199 203 255
0 282 282 268 156 135 137 142 160 237 270 268 245 216 199 192 191 195 201 210 225 8 36 52 62 69 76 79 80 82 80 69 41 31 33 39 41 30 21 18 20 22 21 33 62 81 94 131 177 180 158 144 152 165 155 123 104 95 94 93 99 243 246 234 230 236 245 252 259 265 266 264 264 268 274 274 264 251 240 228 219 214 210 203 193 182 174 173 182 204 233 254 285 319 336 333
0 281 279 226 135 130 135 146 198 256 257 230 203 193 190 190 196 206 219 236 253 291 28 61 72 75 75 73 64 53 42 24 13 19 32 36 26 17 20 23 30 40 58 86 99 103 106 99 119 142 130 120 126 154 164 130 105 94 92 92 98 209 231 214 219 233 245 255 265 274 274 271 268 268 267 262 252 241 232 223 214 209 206 200 190 179 171 179 213 267 289 306 326 338 346 347
0 281 277 145 121 122 129 152 233 245 220 197 190 192 198 204 224 248 267 277 281 285 19 76 76 70 62 57 41 22 16 12 13 24 33 30 18 20 41 61 82 101 116 121 120 121 119 82 38 41 60 70 69 58 52 84 87 85 83 81 83 135 208 202 220 235 241 250 259 268 270 268 265 262 257 248 239 231 225 218 208 203 204 202 196 190 196 297 314 316 316 322 332 341 350 355
0 284 271 123 112 113 122 170 226 218 198 198 209 232 264 288 294 292 287 275 253 219 196 96 72 63 57 49 28 10 9 16 25 28 26 26 34 64 94 112 122 126 127 125 126 132 102 343 349 14 33 46 47 38 31 49 70 77 77 77 81 107 177 202 224 232 232 243 254 261 264 263 259 255 247 237 229 223 219 210 197 194 203 214 227 264 312 319 321 320 317 319 327 337 349 359
0 283 189 131 111 107 117 177 215 214 220 259 293 310 312 308 296 278 248 219 204 202 210 195 75 67 56 38 16 7 12 26 36 34 34 55 89 111 120 127 129 129 125 119 115 9 347 337 344 13 35 46 49 46 43 55 69 74 78 82 88 100 142 200 218 216 222 237 249 255 258 257 254 250 242 231 221 217 213 200 185 185 205 234 260 296 311 315 317 312 299 285 268 241 213 211
0 238 155 150 123 108 111 170 236 263 292 304 306 304 284 251 230 217 207 199 207 229 252 266 75 72 52 24 9 13 27 40 51 61 84 105 114 119 125 128 128 126 115 86 12 344 343 340 351 26 49 56 58 56 54 61 69 73 80 85 91 94 111 198 211 204 217 234 245 251 254 254 251 247 241 230 220 216 208 192 177 181 225 258 277 298 304 308 309 290 240 212 199 194 191 197
135 140 148 161 142 115 110 165 277 286 293 288 261 221 201 206 207 209 215 233 273 290 300 319 63 70 58 37 22 44 68 81 93 104 115 119 118 119 122 122 120 114 69 11 349 342 342 348 13 53 70 70 68 65 61 64 70 76 82 87 90 93 94 117 217 207 222 238 247 251 253 252 249 246 241 232 221 214 206 192 180 212 273 280 286 292 291 290 271 200 185 187 192 193 195 208
135 129 139 161 155 130 121 225 270 264 248 223 209 198 199 221 244 271 295 311 311 311 312 343 74 75 82 106 142 147 134 124 122 123 125 123 122 122 119 110 94 47 353 345 342 341 346 11 55 82 87 80 71 67 69 76 83 86 88 89 91 93 95 90 0 0 248 260 262 262 259 255 251 248 243 233 221 213 210 209 238 294 292 287 284 276 264 237 187 169 170 184 199 201 211 235
135 122 128 150 158 144 143 236 255 247 229 219 229 255 294 308 314 316 319 319 316 313 296 148 103 79 81 97 124 145 151 144 136 131 128 126 127 123 112 79 34 358 341 339 339 343 2 64 94 104 100 78 60 60 70 84 93 95 92 91 92 93 96 90 180 180 270 280 280 280 277 269 260 255 248 237 224 220 228 247 277 289 285 277 266 247 225 198 176 168 175 202 224 235 256 268
135 119 121 135 154 163 223 292 294 294 302 311 318 325 328 327 324 320 317 314 310 261 163 173 190 81 74 78 91 113 137 147 143 135 127 124 122 106 63 10 357 347 340 338 342 359 76 104 113 118 104 44 36 52 64 75 81 85 88 93 97 98 97 90 135 225 270 277 281 287 295 291 278 267 258 248 238 239 250 261 269 270 265 257 241 219 204 189 176 174 200 245 265 282 288 283
135 127 122 129 158 244 302 317 323 328 332 332 330 327 326 326 325 317 304 284 194 164 166 189 222 143 80 79 81 87 100 122 135 133 122 113 84 40 359 344 342 341 341 344 5 88 114 116 117 112 9 358 24 51 63 67 65 64 77 86 94 98 90 90 180 0 278 275 277 282 293 296 288 276 268 263 259 258 260 258 255 252 248 240 226 212 205 197 191 241 288 295 303 309 303 293
135 135 128 131 218 288 304 309 313 320 325 327 325 322 321 322 321 303 262 189 163 165 173 203 233 227 93 87 85 82 82 86 98 102 93 62 21 2 342 337 338 342 350 30 113 125 122 112 89 11 342 355 32 60 69 68 63 60 67 71 69 67 65 90 135 225 277 273 273 274 277 280 280 278 276 277 280 279 268 257 248 245 241 232 224 227 243 273 311 313 308 308 314 317 311 302
135 140 134 138 275 289 294 292 289 291 299 306 307 306 300 288 258 227 196 163 155 166 188 227 245 229 115 93 88 86 85 81 76 67 46 10 356 347 338 336 341 0 64 119 128 125 103 46 10 357 352 13 56 77 81 77 71 68 68 67 60 60 65 76 0 180 263 265 266 265 263 263 264 271 279 289 300 308 298 276 259 247 237 224 223 241 261 283 302 299 294 296 301 302 300 296
135 144 142 202 276 281 282 280 273 264 255 250 250 241 217 190 190 196 183 164 158 179 224 251 252 220 141 105 93 92 93 91 83 61 18 354 346 340 338 340 358 77 111 117 110 76 21 0 357 358 9 51 84 96 94 87 82 81 79 77 73 73 76 72 0 0 239 254 257 255 249 245 250 265 280 296 312 326 334 325 300 267 236 218 225 246 256 260 266 272 273 274 272 271 268 248
135 140 157 267 279 281 278 265 244 230 221 215 210 200 186 178 186 195 188 181 177 225 270 277 262 201 150 122 104 99 97 92 75 25 350 344 342 339 341 7 91 115 113 95 47 15 358 351 355 20 76 100 108 110 104 96 92 93 93 90 87 85 86 83 0 0 225 237 244 245 238 234 248 266 281 296 314 330 343 346 339 332 318 298 276 268 262 250 243 254 261 263 259 252 238 203
90 125 226 276 279 275 258 225 209 207 207 204 198 189 181 177 192 206 207 217 254 292 294 294 282 147 142 137 120 109 98 78 31 351 339 339 341 342 5 76 102 105 79 26 6 6 12 21 114 132 126 123 122 117 108 99 96 97 98 97 94 92 91 90 0 180 180 227 239 243 239 239 255 270 280 292 312 326 339 347 347 348 343 337 333 320 300 268 247 253 257 257 252 241 223 184
135 129 253 268 265 249 217 195 193 199 203 200 192 187 190 201 240 270 285 293 294 274 266 261 224 125 131 139 132 116 97 55 353 335 331 332 338 352 41 77 82 60 15 0 5 21 51 95 132 137 128 122 117 101 90 90 93 95 96 96 95 93 93 90 135 180 225 225 252 254 253 252 260 268 274 283 301 318 324 325 325 327 324 324 331 338 341 336 269 256 255 253 246 233 212 171
135 162 242 248 237 215 197 191 192 199 205 202 198 206 245 288 306 308 300 281 211 217 235 241 192 117 118 127 134 119 80 3 329 322 321 320 325 0 53 66 54 20 358 2 26 59 86 105 121 130 125 112 71 49 62 78 90 94 95 95 94 93 91 90 135 0 0 225 268 265 263 261 260 260 262 264 261 236 202 197 207 239 273 286 300 325 0 21 328 258 253 249 241 227 203 161
180 195 243 242 223 202 194 203 211 212 210 215 234 272 289 295 292 269 217 183 185 218 249 259 162 112 113 121 140 151 7 331 319 312 297 260 247 218 81 66 36 8 6 30 69 92 101 108 114 123 125 88 27 45 71 85 93 96 97 96 95 94 93 97 0 0 180 0 270 266 263 259 253 248 244 234 213 195 191 194 211 248 268 271 272 282 343 34 32 280 260 250 239 225 198 154
180 246 275 284 289 283 285 291 301 313 305 282 272 266 259 245 216 192 183 183 205 253 270 271 128 114 116 123 150 214 267 294 293 247 179 195 206 196 150 63 22 15 46 85 104 110 111 109 105 97 31 353 25 72 93 99 100 100 99 97 95 95 95 98 0 180 180 180 265 263 258 251 241 231 223 211 205 207 218 257 303 304 300 297 288 289 320 22 29 343 291 266 246 227 199 150
