wepppy/_tests/feverish-lamp/dem/topaz/RELIEF.ARC
ncols   153
nrows   152
xllcorner  505656
yllcorner 5180406
cellsize   30.00
nodata_value     0.0
[rows 26 to 51 of 152, columns 57 to 113 of 153]
1315.30000 1305.70000 1297.60000 1291.50000 1281.60000 1268.90000 1255.50000 1246.10000 1236.90000 1225.30000 1212.50000 1205.10000 1195.90000 1189.80000 1189.50000 1184.40000 1174.70000 1162.90000 1155.20000 1162.20000 1167.10000 1165.70000 1168.80000 1175.90000 1179.70000 1180.50000 1178.00000 1177.60000 1181.40000 1187.50000 1187.50000 1188.60000 1189.00000 1185.40000 1180.00000 1179.40000 1183.70000 1185.90000 1186.90000 1186.30000 1188.70000 1198.20000 1209.10000 1218.80000 1224.50000 1228.50000 1231.50000 1239.60000 1251.80000 1264.90000 1278.20000 1288.20000 1298.30000 1306.90000 1313.00000 1319.40000 1326.70000
1307.00000 1296.80000 1287.00000 1280.90000 1274.40000 1263.50000 1250.90000 1238.30000 1229.80000 1220.60000 1209.50000 1201.20000 1189.90000 1180.00000 1177.20000 1175.10000 1167.20000 1155.90000 1146.00000 1148.90000 1152.80000 1152.80000 1160.30000 1165.80000 1167.10000 1167.60000 1168.10000 1167.10000 1169.30000 1172.50000 1174.40000 1179.00000 1180.50000 1179.10000 1174.90000 1172.20000 1176.60000 1180.80000 1182.20000 1181.70000 1185.40000 1193.90000 1203.40000 1212.00000 1216.70000 1218.70000 1220.70000 1229.40000 1240.70000 1252.20000 1264.90000 1277.50000 1287.70000 1296.40000 1303.10000 1308.00000 1313.80000
1301.00000 1291.40000 1282.30000 1273.00000 1263.90000 1256.50000 1246.40000 1232.90000 1219.90000 1210.60000 1204.20000 1197.10000 1184.60000 1173.20000 1165.80000 1165.60000 1159.60000 1148.90000 1137.60000 1134.40000 1137.70000 1141.00000 1150.80000 1154.60000 1153.90000 1153.20000 1154.80000 1156.70000 1158.50000 1160.40000 1165.10000 1169.60000 1171.70000 1172.20000 1170.50000 1167.30000 1168.90000 1174.10000 1176.20000 1176.10000 1180.90000 1188.40000 1197.00000 1205.60000 1209.90000 1211.00000 1213.30000 1221.50000 1230.60000 1240.40000 1251.80000 1264.50000 1276.90000 1286.10000 1293.20000 1298.90000 1305.40000
1296.30000 1288.60000 1281.00000 1269.50000 1255.50000 1247.00000 1239.10000 1228.00000 1214.10000 1202.40000 1196.30000 1187.40000 1176.80000 1166.10000 1156.60000 1155.70000 1151.00000 1141.60000 1131.00000 1124.20000 1124.60000 1130.60000 1139.00000 1141.10000 1140.60000 1140.00000 1142.10000 1145.90000 1148.20000 1151.80000 1157.80000 1160.40000 1163.00000 1168.10000 1168.10000 1164.60000 1161.40000 1166.70000 1170.40000 1170.70000 1176.10000 1183.90000 1192.90000 1199.70000 1202.40000 1202.40000 1205.90000 1213.60000 1221.40000 1229.60000 1238.80000 1250.50000 1261.60000 1273.50000 1282.80000 1288.40000 1297.10000
1291.50000 1286.70000 1279.40000 1266.80000 1251.60000 1239.20000 1229.40000 1220.60000 1207.60000 1196.00000 1187.30000 1175.80000 1167.20000 1159.10000 1149.60000 1143.70000 1141.00000 1133.30000 1124.00000 1115.00000 1114.10000 1122.00000 1127.30000 1127.70000 1127.10000 1127.10000 1129.20000 1133.20000 1136.50000 1142.60000 1147.80000 1153.90000 1163.70000 1170.60000 1167.00000 1160.30000 1155.30000 1159.10000 1163.50000 1164.80000 1172.90000 1181.80000 1190.60000 1194.60000 1195.10000 1194.20000 1199.60000 1206.10000 1212.40000 1219.10000 1225.50000 1234.00000 1245.20000 1256.20000 1266.60000 1277.60000 1289.50000
1285.70000 1282.90000 1275.50000 1263.00000 1249.10000 1235.60000 1221.80000 1207.90000 1197.70000 1191.00000 1180.70000 1169.00000 1159.80000 1153.00000 1144.10000 1134.20000 1128.40000 1123.20000 1115.30000 1106.90000 1107.00000 1114.30000 1117.50000 1118.40000 1119.40000 1121.00000 1123.10000 1126.00000 1129.10000 1136.70000 1147.10000 1158.30000 1168.70000 1169.90000 1161.40000 1153.20000 1148.60000 1151.90000 1155.80000 1157.60000 1167.80000 1178.70000 1186.20000 1188.60000 1186.50000 1186.40000 1193.00000 1199.40000 1205.10000 1210.60000 1216.00000 1220.90000 1228.90000 1243.10000 1258.60000 1272.90000 1283.70000
1277.00000 1274.90000 1268.60000 1257.80000 1245.40000 1232.60000 1218.30000 1198.20000 1189.10000 1184.50000 1175.50000 1164.80000 1155.30000 1147.80000 1138.80000 1128.80000 1120.60000 1113.60000 1106.80000 1100.60000 1101.10000 1106.90000 1111.00000 1115.70000 1119.60000 1123.20000 1126.50000 1130.20000 1135.80000 1145.90000 1156.90000 1164.80000 1168.70000 1163.00000 1153.50000 1146.10000 1142.30000 1145.40000 1148.80000 1150.90000 1160.40000 1170.10000 1174.90000 1174.60000 1174.70000 1180.20000 1189.30000 1195.60000 1201.30000 1206.30000 1211.30000 1216.80000 1226.00000 1241.30000 1255.20000 1267.50000 1277.30000
1265.70000 1263.60000 1258.30000 1250.10000 1239.30000 1227.80000 1214.40000 1195.00000 1186.00000 1181.00000 1173.60000 1165.00000 1156.80000 1148.90000 1139.70000 1130.10000 1121.80000 1111.20000 1102.00000 1097.20000 1098.20000 1105.00000 1113.70000 1121.20000 1126.40000 1131.50000 1137.10000 1142.70000 1149.80000 1157.60000 1162.70000 1164.30000 1160.90000 1152.10000 1144.70000 1139.00000 1137.10000 1140.20000 1142.50000 1145.10000 1153.30000 1159.40000 1161.30000 1161.60000 1169.60000 1182.10000 1190.90000 1196.10000 1200.90000 1205.80000 1211.40000 1218.90000 1229.30000 1241.00000 1250.10000 1258.70000 1268.10000
1254.10000 1252.00000 1247.30000 1240.40000 1230.80000 1219.90000 1208.00000 1192.70000 1185.00000 1181.00000 1175.20000 1168.40000 1161.20000 1153.80000 1144.00000 1133.20000 1123.60000 1111.50000 1100.30000 1095.00000 1097.80000 1107.00000 1119.40000 1128.50000 1134.20000 1140.60000 1146.80000 1152.00000 1156.20000 1158.90000 1157.60000 1152.80000 1143.50000 1136.00000 1132.60000 1131.20000 1132.50000 1135.70000 1136.80000 1140.10000 1145.90000 1149.80000 1151.90000 1156.80000 1169.20000 1184.10000 1192.10000 1196.40000 1199.50000 1204.00000 1210.60000 1218.90000 1228.10000 1235.70000 1242.60000 1249.30000 1256.70000
1244.20000 1241.60000 1235.30000 1227.40000 1217.80000 1206.10000 1196.00000 1184.90000 1180.80000 1179.40000 1173.70000 1167.10000 1159.70000 1151.40000 1141.80000 1131.80000 1121.30000 1110.00000 1099.10000 1092.70000 1096.60000 1106.70000 1119.10000 1129.60000 1135.20000 1141.30000 1146.50000 1149.50000 1149.70000 1146.60000 1141.20000 1134.60000 1127.20000 1123.60000 1124.60000 1126.90000 1129.40000 1132.30000 1133.60000 1135.80000 1139.10000 1143.30000 1148.70000 1155.90000 1167.00000 1178.90000 1187.80000 1191.80000 1194.20000 1199.80000 1206.90000 1214.70000 1221.20000 1226.20000 1232.20000 1238.70000 1244.90000
1236.10000 1231.00000 1222.60000 1211.80000 1200.10000 1189.80000 1182.60000 1176.40000 1174.20000 1170.50000 1164.60000 1158.50000 1149.70000 1139.10000 1132.60000 1126.10000 1117.00000 1107.40000 1097.30000 1090.80000 1093.70000 1102.50000 1111.50000 1122.50000 1129.00000 1133.80000 1136.80000 1137.20000 1135.30000 1130.50000 1125.00000 1119.90000 1117.60000 1120.30000 1125.20000 1129.50000 1132.10000 1133.60000 1134.10000 1134.30000 1136.10000 1140.50000 1147.30000 1154.60000 1162.70000 1170.60000 1177.20000 1181.70000 1189.00000 1196.40000 1202.50000 1208.90000 1213.60000 1217.10000 1221.10000 1226.10000 1232.30000
1227.90000 1220.20000 1211.90000 1199.90000 1187.40000 1178.90000 1173.80000 1170.80000 1167.00000 1160.00000 1152.30000 1145.10000 1136.40000 1127.10000 1123.60000 1119.80000 1112.20000 1104.30000 1095.20000 1088.50000 1089.30000 1095.50000 1102.10000 1112.00000 1119.40000 1123.00000 1123.70000 1121.70000 1119.00000 1115.80000 1112.70000 1110.50000 1113.70000 1122.20000 1131.10000 1137.70000 1140.20000 1140.00000 1138.90000 1138.00000 1138.10000 1140.00000 1144.40000 1151.00000 1156.50000 1161.00000 1164.90000 1173.70000 1184.90000 1192.40000 1197.40000 1202.20000 1205.80000 1208.60000 1211.10000 1214.30000 1219.30000
1222.00000 1213.10000 1204.60000 1193.10000 1181.90000 1173.70000 1168.80000 1165.40000 1160.40000 1153.30000 1144.00000 1134.50000 1126.70000 1120.50000 1116.70000 1112.90000 1106.90000 1100.50000 1092.40000 1085.70000 1084.00000 1089.50000 1097.40000 1104.50000 1109.20000 1110.70000 1109.90000 1107.60000 1105.10000 1103.10000 1102.90000 1106.50000 1115.40000 1126.80000 1140.80000 1150.00000 1151.00000 1149.30000 1147.10000 1144.50000 1142.80000 1142.00000 1143.20000 1146.90000 1150.40000 1153.40000 1158.50000 1169.60000 1178.70000 1184.50000 1189.10000 1193.40000 1196.70000 1198.60000 1200.10000 1201.80000 1204.80000
1219.60000 1210.80000 1201.60000 1190.20000 1179.20000 1171.40000 1166.70000 1162.30000 1156.90000 1150.40000 1142.40000 1133.30000 1126.20000 1119.70000 1113.80000 1108.20000 1102.50000 1096.10000 1088.90000 1082.70000 1079.90000 1084.90000 1093.90000 1098.20000 1099.80000 1099.40000 1098.30000 1097.40000 1096.60000 1096.30000 1100.40000 1109.00000 1119.90000 1133.80000 1151.50000 1161.00000 1161.10000 1158.10000 1155.00000 1151.60000 1148.80000 1146.60000 1145.90000 1146.40000 1147.90000 1150.60000 1155.80000 1163.50000 1169.50000 1173.00000 1175.80000 1178.60000 1181.30000 1183.30000 1184.70000 1186.50000 1189.80000
1216.50000 1209.50000 1201.70000 1192.30000 1181.40000 1172.60000 1166.80000 1162.40000 1159.00000 1155.30000 1149.00000 1140.90000 1134.40000 1126.20000 1118.20000 1111.00000 1104.00000 1096.70000 1089.90000 1083.70000 1078.20000 1079.20000 1086.50000 1089.30000 1089.80000 1090.10000 1090.50000 1090.90000 1091.90000 1095.70000 1104.60000 1114.90000 1126.50000 1142.50000 1159.00000 1166.90000 1168.30000 1165.30000 1161.60000 1158.40000 1155.50000 1152.70000 1151.30000 1150.60000 1150.20000 1150.70000 1153.00000 1156.70000 1160.30000 1161.90000 1162.70000 1165.40000 1169.20000 1172.60000 1175.10000 1178.00000 1182.50000
1212.80000 1207.00000 1201.40000 1195.70000 1187.30000 1177.70000 1170.80000 1165.70000 1163.40000 1161.80000 1158.10000 1151.00000 1143.20000 1134.10000 1124.90000 1117.50000 1110.50000 1103.30000 1096.10000 1089.10000 1079.00000 1075.00000 1078.10000 1079.70000 1080.00000 1081.90000 1084.10000 1086.60000 1091.10000 1100.20000 1111.00000 1121.70000 1133.60000 1150.00000 1162.50000 1170.30000 1174.40000 1173.40000 1169.80000 1165.50000 1162.10000 1159.80000 1158.20000 1156.90000 1155.40000 1153.20000 1152.90000 1155.10000 1157.60000 1158.60000 1160.60000 1167.20000 1174.50000 1178.60000 1180.80000 1182.70000 1184.80000
1212.30000 1205.90000 1200.70000 1197.30000 1192.80000 1184.90000 1177.50000 1170.90000 1167.00000 1164.20000 1159.50000 1154.80000 1149.00000 1140.80000 1130.70000 1122.20000 1114.40000 1107.20000 1099.00000 1091.30000 1080.20000 1072.50000 1071.30000 1071.90000 1073.90000 1078.00000 1082.10000 1087.70000 1096.30000 1106.50000 1117.20000 1127.50000 1138.60000 1153.70000 1164.10000 1171.90000 1178.00000 1180.60000 1178.70000 1174.20000 1169.90000 1167.10000 1165.30000 1163.80000 1161.80000 1157.80000 1156.20000 1160.10000 1164.30000 1166.80000 1171.10000 1179.60000 1187.30000 1191.00000 1192.80000 1193.50000 1193.00000
1214.00000 1207.90000 1201.80000 1196.60000 1192.80000 1187.50000 1180.50000 1174.40000 1169.90000 1166.00000 1160.60000 1156.40000 1151.60000 1144.50000 1133.50000 1123.70000 1115.40000 1107.40000 1099.00000 1089.80000 1079.20000 1070.50000 1067.30000 1068.10000 1073.40000 1079.60000 1085.60000 1092.60000 1101.50000 1111.40000 1121.40000 1130.20000 1141.40000 1155.60000 1165.30000 1173.00000 1179.80000 1184.90000 1185.50000 1182.30000 1178.20000 1175.00000 1172.70000 1171.40000 1169.70000 1165.70000 1162.60000 1167.30000 1174.90000 1179.90000 1184.70000 1192.30000 1198.90000 1203.80000 1207.00000 1207.90000 1206.50000
1214.60000 1209.70000 1203.90000 1197.60000 1191.80000 1185.60000 1178.50000 1172.40000 1168.80000 1166.00000 1162.10000 1156.50000 1150.70000 1144.90000 1133.50000 1123.40000 1115.00000 1106.70000 1098.30000 1088.70000 1079.40000 1069.60000 1065.50000 1067.50000 1073.50000 1081.00000 1087.80000 1095.00000 1103.80000 1113.80000 1122.80000 1131.90000 1145.30000 1158.60000 1167.80000 1175.10000 1181.80000 1188.10000 1191.70000 1190.40000 1186.90000 1184.00000 1181.10000 1179.50000 1178.10000 1175.50000 1171.70000 1175.30000 1184.10000 1190.90000 1196.80000 1203.60000 1210.30000 1217.50000 1222.60000 1223.90000 1222.40000
1212.80000 1209.80000 1205.50000 1199.10000 1191.80000 1184.00000 1175.20000 1167.60000 1163.10000 1161.00000 1159.30000 1154.20000 1148.50000 1144.50000 1136.40000 1126.30000 1116.70000 1108.20000 1099.60000 1089.90000 1078.40000 1066.70000 1064.50000 1066.90000 1072.60000 1081.80000 1089.70000 1097.20000 1106.80000 1117.80000 1126.90000 1138.10000 1152.10000 1162.90000 1171.10000 1177.60000 1184.40000 1191.60000 1197.70000 1199.50000 1197.00000 1193.80000 1191.30000 1189.30000 1187.10000 1184.40000 1180.60000 1183.20000 1192.40000 1199.50000 1207.10000 1213.90000 1220.50000 1229.70000 1237.10000 1240.30000 1239.20000
1208.60000 1206.50000 1203.10000 1198.90000 1192.70000 1185.40000 1176.60000 1166.20000 1156.00000 1150.70000 1150.40000 1147.80000 1144.40000 1143.40000 1139.00000 1128.30000 1117.30000 1106.10000 1096.30000 1086.70000 1075.50000 1064.70000 1064.20000 1068.50000 1076.10000 1086.20000 1095.30000 1105.00000 1118.00000 1129.10000 1138.10000 1148.20000 1158.60000 1167.00000 1173.80000 1179.90000 1187.50000 1194.60000 1201.60000 1206.50000 1206.80000 1204.20000 1202.00000 1200.00000 1197.70000 1195.00000 1190.00000 1191.10000 1199.60000 1207.30000 1215.90000 1224.10000 1231.40000 1242.30000 1250.70000 1254.40000 1254.40000
1203.40000 1199.20000 1194.30000 1192.60000 1189.90000 1184.90000 1177.00000 1167.60000 1156.40000 1144.60000 1139.90000 1138.50000 1138.80000 1140.80000 1136.50000 1124.70000 1112.50000 1100.10000 1091.00000 1082.30000 1071.20000 1062.70000 1063.50000 1070.00000 1080.00000 1090.40000 1100.90000 1113.60000 1127.50000 1136.00000 1145.00000 1154.90000 1163.20000 1169.80000 1175.60000 1182.30000 1190.30000 1196.80000 1203.70000 1209.30000 1212.80000 1213.70000 1212.90000 1211.10000 1209.00000 1206.30000 1200.70000 1200.40000 1206.40000 1213.20000 1221.70000 1231.90000 1241.10000 1250.40000 1257.10000 1262.50000 1263.40000
1199.50000 1195.10000 1187.40000 1183.20000 1183.40000 1182.00000 1176.40000 1169.00000 1160.50000 1147.50000 1136.30000 1131.90000 1131.30000 1133.10000 1128.40000 1118.50000 1106.10000 1094.40000 1086.40000 1077.60000 1067.20000 1061.40000 1062.90000 1069.40000 1079.70000 1091.00000 1104.30000 1119.50000 1131.50000 1140.10000 1149.10000 1158.60000 1165.40000 1171.30000 1177.30000 1184.50000 1191.80000 1198.00000 1204.50000 1210.60000 1215.60000 1219.30000 1222.10000 1222.00000 1219.50000 1216.40000 1213.00000 1213.60000 1215.10000 1218.90000 1226.10000 1235.70000 1246.00000 1254.20000 1261.50000 1269.00000 1272.50000
1194.70000 1189.60000 1181.40000 1175.40000 1175.10000 1175.60000 1173.40000 1168.50000 1160.00000 1147.40000 1135.40000 1127.00000 1120.60000 1121.70000 1119.90000 1112.00000 1099.80000 1089.70000 1081.80000 1072.60000 1063.80000 1060.60000 1065.50000 1075.10000 1086.90000 1097.90000 1109.40000 1121.70000 1132.40000 1140.70000 1149.10000 1157.30000 1164.20000 1171.30000 1178.10000 1184.90000 1191.20000 1197.60000 1204.50000 1211.60000 1217.40000 1222.80000 1228.30000 1229.80000 1227.80000 1225.60000 1224.90000 1225.80000 1227.20000 1229.20000 1233.00000 1240.00000 1249.80000 1257.40000 1265.20000 1273.30000 1279.00000
1187.20000 1182.00000 1173.60000 1166.90000 1164.90000 1165.30000 1166.20000 1164.60000 1158.00000 1144.70000 1134.50000 1125.80000 1112.80000 1111.40000 1111.70000 1105.40000 1094.70000 1085.20000 1077.10000 1067.90000 1058.70000 1058.50000 1066.70000 1079.10000 1092.40000 1102.60000 1110.80000 1120.90000 1130.60000 1137.20000 1144.30000 1151.40000 1159.90000 1169.00000 1176.30000 1182.60000 1189.10000 1196.50000 1204.60000 1212.40000 1219.10000 1225.60000 1232.00000 1235.50000 1236.70000 1236.00000 1235.00000 1235.10000 1236.20000 1238.00000 1240.70000 1246.00000 1254.20000 1261.50000 1269.00000 1277.60000 1284.90000
1175.70000 1172.10000 1165.80000 1159.80000 1157.10000 1156.50000 1158.10000 1158.20000 1152.90000 1139.20000 1129.20000 1120.40000 1102.80000 1097.50000 1100.20000 1097.90000 1090.10000 1080.80000 1072.60000 1064.30000 1056.10000 1058.60000 1069.50000 1082.00000 1093.80000 1101.90000 1107.90000 1115.50000 1124.00000 1130.00000 1136.40000 1145.80000 1157.20000 1164.90000 1171.60000 1179.80000 1188.70000 1197.30000 1204.80000 1212.70000 1220.20000 1226.70000 1233.10000 1237.70000 1242.30000 1245.00000 1245.20000 1245.70000 1246.90000 1248.50000 1250.30000 1254.00000 1260.40000 1266.70000 1273.40000 1280.40000 1287.30000
