wepppy/_tests/feverish-lamp/dem/topaz/RELIEF.ARC
ncols   153
nrows   152
xllcorner  505656
yllcorner 5180406
cellsize   30.00
nodata_value     0.0
[rows 104 to 129 of 152, columns 0 to 56 of 153]
894.00000 893.20000 889.40000 884.70000 885.90000 892.20000 898.40000 900.50000 898.20000 892.70000 886.20000 880.30000 879.90000 881.10000 881.40000 882.00000 881.60000 881.50000 881.60000 880.90000 881.20000 883.10000 885.70000 890.70000 897.20000 903.70000 910.80000 919.60000 929.60000 938.50000 946.60000 954.60000 962.40000 966.30000 965.80000 961.80000 954.60000 945.90000 936.60000 927.00000 920.80000 924.60000 932.70000 942.20000 953.30000 964.20000 973.00000 981.00000 990.00000 998.30000 1005.90000 1011.70000 1014.60000 1015.70000 1014.50000 1010.70000 1008.40000
888.80000 889.30000 886.40000 882.10000 882.80000 888.90000 895.50000 897.20000 894.40000 890.10000 884.90000 879.10000 876.80000 876.40000 876.70000 878.30000 878.30000 878.30002 878.30004 878.30006 880.60000 885.20000 891.00000 896.70000 902.50000 909.20000 916.50000 924.90000 933.90000 942.10000 950.10000 958.40000 965.10000 966.40000 963.00000 956.00000 947.40000 937.70000 929.00000 921.70000 919.50000 926.20000 936.50000 946.90000 958.40000 968.90000 977.90000 986.70000 995.60000 1002.80000 1008.60000 1012.20000 1013.40000 1012.50000 1009.60000 1004.80000 1002.60000
884.70000 884.30000 882.30000 879.10000 881.00000 887.40000 893.40000 894.10000 889.60000 885.60000 881.40000 877.10000 874.60000 873.50000 874.90000 878.00000 879.60000 880.50000 880.60000 881.40000 886.30000 892.40000 897.60000 902.40000 908.40000 915.10000 922.30000 930.20000 938.40000 946.40000 954.10000 962.00000 966.10000 964.30000 958.20000 949.60000 939.90000 929.70000 922.60000 918.00000 919.50000 928.80000 939.80000 950.30000 962.00000 972.80000 982.20000 991.30000 999.00000 1003.80000 1006.70000 1008.10000 1008.50000 1007.40000 1004.50000 1000.20000 996.90000
883.60000 880.20000 878.70000 877.60000 881.40000 888.30000 892.80000 891.60000 885.00000 879.70000 877.10000 874.50000 872.70000 872.90000 877.00000 881.70000 885.50000 887.80000 888.00000 889.00000 894.30000 899.00000 902.60000 907.80000 914.30000 920.90000 928.30000 936.00000 943.80000 951.20000 958.50000 964.50000 964.90000 960.20000 952.20000 942.80000 932.20000 923.20000 917.80000 916.00000 921.20000 932.10000 942.40000 953.20000 964.80000 976.30000 985.70000 994.00000 999.00000 1001.50000 1002.10000 1002.00000 1001.30000 999.80000 997.80000 995.00000 991.20000
885.40000 878.90000 876.80000 877.60000 883.20000 889.70000 892.50000 888.30000 879.60000 874.30000 873.50000 872.30000 873.30000 877.50000 883.60000 888.30000 893.00000 896.00000 896.30000 897.10000 901.70000 905.00000 907.90000 913.60000 920.70000 927.60000 934.90000 942.40000 949.40000 956.00000 962.80000 965.20000 962.00000 955.00000 945.80000 935.50000 924.70000 917.30000 914.50000 916.70000 924.60000 935.10000 944.70000 955.40000 967.10000 978.70000 987.00000 993.10000 995.60000 996.60000 996.40000 995.20000 993.40000 991.40000 989.90000 988.20000 985.10000
886.80000 879.20000 875.60000 877.60000 884.10000 889.30000 890.00000 882.00000 873.60000 870.90000 871.80000 873.80000 878.80000 885.40000 890.80000 895.80000 900.20000 903.50000 904.30000 904.50000 908.70000 913.00000 916.00000 921.60000 928.60000 935.00000 941.90000 948.90000 954.90000 961.10000 965.50000 963.70000 957.80000 948.90000 938.90000 927.40000 917.50000 912.30000 913.90000 919.90000 928.10000 937.40000 946.40000 956.40000 968.30000 978.70000 985.00000 988.80000 990.20000 990.70000 990.10000 988.70000 986.80000 985.10000 983.30000 981.00000 979.10000
888.20000 879.50000 874.30000 876.60000 882.80000 887.20000 885.60000 875.80000 869.90000 870.00000 874.00000 880.30000 886.60000 892.50000 898.00000 903.10000 908.10000 911.80000 912.80000 912.50000 916.30000 921.30000 925.50000 931.00000 936.40000 942.50000 949.60000 955.70000 961.20000 965.50000 965.50000 960.30000 952.50000 942.70000 931.60000 919.00000 911.40000 910.50000 915.70000 923.10000 930.60000 938.90000 947.30000 956.10000 967.10000 975.60000 980.60000 983.40000 984.60000 985.00000 984.60000 983.50000 982.00000 979.80000 976.90000 975.60000 977.80000
891.70000 882.50000 874.00000 874.10000 879.30000 883.70000 881.30000 872.70000 868.10000 870.20000 878.60000 886.70000 892.70000 898.90000 904.90000 910.70000 915.80000 919.90000 921.70000 921.00000 924.90000 930.20000 934.40000 938.60000 944.40000 951.70000 958.00000 963.30000 967.30000 967.70000 963.30000 956.10000 947.60000 937.70000 924.80000 912.20000 908.50000 911.30000 918.20000 925.50000 932.50000 939.70000 947.20000 954.70000 963.60000 971.20000 975.40000 977.70000 978.90000 979.30000 979.00000 977.90000 975.90000 973.40000 972.10000 976.20000 984.20000
892.60000 885.20000 875.40000 872.00000 874.50000 877.70000 876.00000 870.50000 867.00002 870.50000 881.40000 891.50000 898.40000 905.30000 911.60000 917.50000 922.50000 927.40000 930.10000 929.40000 933.00000 938.00000 941.80000 946.60000 953.40000 960.40000 965.90000 969.80000 970.80000 967.40000 960.00000 952.20000 944.10000 933.50000 918.30000 908.20000 908.50000 913.00000 920.40000 927.50000 933.80000 939.50000 945.80000 951.90000 958.20000 964.80000 968.90000 971.10000 972.30000 972.60000 972.00000 970.70000 969.50000 969.80000 973.60000 982.70000 992.30000
889.90000 885.90000 877.30000 871.70000 871.10000 871.20000 870.30000 868.10000 867.00000 874.30000 886.30000 896.20000 904.20000 911.40000 917.90000 923.10000 927.50000 932.50000 935.50000 935.50000 938.90000 943.90000 948.50000 954.40000 960.70000 966.80000 971.70000 972.50000 970.00000 963.70000 956.20000 948.80000 940.40000 928.30000 912.80000 906.00000 909.00000 914.40000 921.70000 927.80000 932.90000 937.70000 942.40000 946.80000 950.70000 955.20000 959.10000 962.00000 963.80000 964.80000 965.20000 965.00000 967.50000 972.70000 980.40000 990.30000 998.70000
883.90000 881.80000 875.70000 871.00000 869.00000 867.90000 866.70000 866.90000 870.90000 881.30000 891.30000 900.90000 909.20000 916.20000 922.70000 928.70000 933.00000 937.10000 939.90000 940.80000 944.10000 949.30000 954.90000 961.10000 967.20000 971.50000 972.20000 969.20000 964.20000 958.10000 951.70000 945.00000 935.90000 922.50000 908.30000 903.60000 908.40000 914.40000 921.00000 925.60000 930.50000 936.10000 940.60000 944.30000 946.80000 948.70000 951.40000 954.70000 957.90000 960.40000 963.10000 966.10000 972.10000 978.90000 987.70000 997.40000 1004.20000
881.10000 875.60000 871.40000 869.10000 866.90000 865.80000 866.10000 869.40000 876.30000 884.70000 893.50000 902.50000 910.80000 918.40000 926.90000 934.70000 939.20000 942.50000 945.80000 947.00000 950.00000 955.40000 960.60000 966.60000 971.00000 971.90000 969.00000 963.40000 957.50000 951.70000 946.10000 939.70000 930.40000 916.80000 904.60000 901.70000 906.30000 912.70000 919.40000 925.50000 932.40000 940.60000 948.70000 953.30000 954.20000 954.30000 955.10000 957.40000 959.80000 963.10000 968.40000 974.10000 979.30000 986.20000 995.40000 1004.00000 1007.20000
879.80000 876.00000 870.00000 866.80000 863.90000 863.90000 869.30000 875.10000 882.70000 889.80000 897.40000 904.40000 911.50000 920.00000 930.80000 940.00000 944.90000 948.40000 951.00000 952.90000 956.50000 961.20000 966.00000 969.20000 970.40000 969.10000 964.50000 957.70000 950.90000 944.60000 939.60000 933.90000 924.70000 911.20000 902.10000 900.30002 904.40000 913.00000 921.70000 929.60000 938.10000 949.20000 960.80000 965.50000 965.50000 964.80000 964.00000 964.30000 965.40000 969.20000 975.50000 981.00000 986.60000 994.00000 1003.30000 1008.90000 1007.20000
874.20000 871.00000 865.80000 862.50000 860.60006 865.90000 873.70000 881.00000 889.00000 896.90000 905.10000 911.90000 918.70000 927.70000 937.60000 945.30000 951.10000 954.80000 957.60000 960.20000 963.20000 967.40000 969.80000 968.30000 966.80000 964.70000 960.40000 954.30000 947.00000 940.50000 934.60000 928.00000 917.70000 906.60000 900.70000 900.30000 905.50000 914.50000 923.70000 932.70000 941.70000 954.30000 967.50000 971.80000 972.20000 970.90000 969.10000 970.60000 973.40000 976.80000 982.20000 988.40000 995.50000 1003.10000 1010.20000 1012.90000 1008.90000
870.20000 865.40000 862.90000 860.60004 862.00000 870.10000 878.40000 885.90000 893.50000 901.30000 909.20000 916.40000 925.10000 934.80000 943.40000 952.10000 959.10000 962.10000 965.00000 967.00000 969.80000 971.70000 969.50000 965.20000 962.50000 959.50000 955.50000 950.30000 944.90000 940.00000 932.70000 921.90000 911.30000 903.50000 899.50000 900.30000 905.20000 914.30000 924.50000 934.10000 943.80000 957.00000 968.40000 971.50000 971.40000 970.20000 970.20000 973.80000 978.20000 983.40000 988.30000 994.90000 1003.70000 1011.00000 1016.30000 1017.00000 1011.60000
871.00000 864.90000 861.40000 860.60002 865.50000 874.20000 882.30000 889.40000 896.10000 903.70000 911.80000 919.60000 928.30000 938.30000 947.60000 955.70000 960.60000 964.70000 969.90000 972.30000 972.70000 971.20000 967.20000 962.90000 959.00000 954.60000 950.60000 946.70000 942.80000 938.80000 932.20000 920.90000 910.60000 901.90000 897.90000 899.90000 904.80000 913.00000 923.90000 934.00000 945.10000 958.70000 967.10000 968.80000 968.10000 966.10000 967.70000 973.60000 978.70000 983.70000 989.50000 997.10000 1006.50000 1013.70000 1019.40000 1019.00000 1013.00000
868.80000 863.40000 860.60000 861.50000 867.30000 875.90000 884.40000 890.50000 896.20000 903.20000 911.80000 920.40000 929.40000 939.50000 947.80000 953.90000 958.40000 963.10000 968.00000 971.50000 972.30000 969.30000 964.50000 960.80000 956.50000 950.80000 946.10000 941.80000 939.20000 936.20000 930.40000 919.60000 909.00000 899.60000 896.70000 899.50000 903.80000 911.70000 922.50000 933.10000 945.90000 959.30000 965.00000 965.40000 963.80000 961.40000 963.60000 969.80000 973.90000 979.10000 987.30000 995.80000 1005.00000 1011.80000 1017.30000 1017.90000 1013.00000
863.80000 859.70000 859.30000 861.10000 866.60000 874.40000 882.80000 889.10000 894.50000 900.60000 909.60000 919.50000 927.80000 936.40000 943.60000 948.80000 954.50000 961.00000 965.80000 969.10000 970.20000 966.20000 961.70000 957.90000 951.90000 945.40000 939.20000 935.00000 934.60000 932.50000 926.50000 917.20000 906.70000 897.80000 895.90000 898.50000 902.70000 909.90000 920.80000 932.40000 944.60000 956.50000 961.20000 961.00000 958.00000 955.70000 959.40000 963.90000 968.00000 973.90000 983.00000 991.80000 1001.20000 1008.80000 1013.90000 1014.80000 1011.20000
859.90000 858.10002 860.00000 864.50000 871.70000 879.40000 886.20000 892.00000 898.40000 906.30000 916.10000 923.30000 928.10000 933.30000 939.20000 946.90000 954.40000 959.70000 962.70000 963.90000 963.70000 961.60000 958.10000 952.90000 946.20000 938.20000 930.90000 927.50000 928.00000 926.60000 923.10000 915.30000 904.60000 897.10000 895.30000 897.80000 902.80000 908.70000 918.90000 931.80000 944.00000 951.50000 956.10000 955.50000 951.40000 949.40000 953.70000 958.60000 963.60000 970.40000 978.50000 987.50000 996.80000 1006.00000 1011.40000 1011.60000 1007.50000
858.10000 858.60000 863.20000 870.20000 878.40000 886.70000 893.50000 900.60000 908.20000 916.60000 924.60000 930.70000 934.90000 937.90000 941.80000 946.20000 950.30000 955.60000 959.20000 960.10000 959.50000 957.20000 952.70000 947.10000 940.90000 933.10000 923.60000 918.50000 920.00000 921.00000 919.40000 913.10000 903.00000 896.10000 893.60000 897.80000 903.30000 908.10000 917.10000 930.50000 943.50000 950.00000 952.40000 949.40000 943.70000 943.50000 948.90000 955.00000 959.40000 965.20000 973.90000 984.20000 994.70000 1004.10000 1008.70000 1007.70000 1003.10000
857.70000 859.20000 866.20000 874.70000 883.60000 893.00000 901.20000 909.90000 917.90000 925.40000 930.90000 935.60000 939.20000 941.00000 942.30000 943.80000 946.30000 950.20000 954.20000 955.70000 954.60000 951.60000 947.50000 942.60000 935.90000 929.20000 921.70000 912.70000 908.70000 911.70000 913.10000 909.70000 901.80000 894.90000 891.70000 896.20000 903.00000 907.90000 916.80000 930.30000 943.20000 948.40000 948.20000 943.40000 937.40000 939.70000 943.50000 947.60000 955.40000 964.00000 972.40000 981.80000 992.30000 1001.90000 1005.90000 1004.60000 999.50000
858.10000 861.50000 869.60000 878.20000 888.00000 898.20000 907.00000 916.70000 924.80000 929.90000 933.10000 937.00000 939.90000 940.40000 940.20000 940.60000 943.00000 946.50000 949.20000 949.90000 949.00000 946.70000 943.20000 938.50000 931.80000 926.20000 918.90000 908.70000 899.90000 900.90000 904.90000 905.20000 899.50000 892.50000 889.90000 893.50000 901.30000 907.50000 916.60000 930.30000 943.10000 946.70000 944.10000 938.00000 932.70000 934.80000 939.20000 946.00000 953.90000 962.20000 970.10000 978.80000 989.10000 999.30000 1003.20000 1003.10000 1000.20000
860.00000 866.10000 873.90000 882.30000 892.50000 902.10000 911.00000 920.20000 926.00000 929.50000 932.60000 935.50000 937.10000 937.00000 935.70000 935.60000 940.00000 943.20000 944.50000 944.40000 943.90000 942.40000 939.50000 934.50000 927.70000 921.50000 913.00000 903.70000 892.70000 888.60000 892.50000 894.50000 892.40000 887.30000 887.00000 892.10000 899.70000 907.30000 917.40000 930.80000 941.60000 942.50000 939.50000 934.30000 927.90000 930.90000 936.20000 942.80000 950.50000 958.80000 967.00000 975.20000 985.30000 994.20000 999.80000 1001.80000 1002.20000
863.90000 870.70000 878.20000 887.00000 896.40000 905.20000 913.50000 919.80000 923.10000 926.80000 930.20000 932.70000 934.20000 933.40000 930.40000 932.10000 937.20000 940.30000 940.70000 940.00000 939.20000 938.60000 936.00000 931.00000 925.10000 919.10000 910.20000 899.90000 887.90000 880.20000 881.20000 883.20000 883.20002 884.60000 888.30000 893.60000 900.50000 908.40000 919.40000 932.60000 938.90000 938.60000 936.20000 929.40000 923.70000 925.60000 931.70000 939.40000 946.20000 954.50000 962.70000 971.00000 979.20000 987.60000 993.50000 997.30000 999.40000
866.80000 873.70000 881.80000 890.30000 898.70000 906.40000 913.20000 917.00000 919.40000 923.30000 926.60000 928.40000 928.70000 925.60000 923.40000 928.50000 931.40000 931.80000 930.80000 929.80000 931.00000 934.20000 935.10000 931.70000 926.10000 920.10000 911.10000 899.30000 885.70000 878.70002 881.60000 885.60000 888.90000 892.40000 895.70000 899.30000 904.20000 911.30000 924.30000 935.30000 937.00000 935.50000 931.60000 924.10000 920.50000 923.50000 930.70000 937.70000 944.20000 951.30000 957.70000 965.40000 973.80000 979.80000 984.90000 989.90000 993.80000
867.00000 874.80000 882.10000 890.30000 898.70000 904.90000 908.80000 912.80000 916.90000 920.10000 922.10000 921.90000 920.40000 917.50000 918.20000 922.80000 924.50000 923.00000 920.50000 919.40000 924.00000 931.00000 934.00000 930.80000 924.70000 917.70000 907.20000 894.00000 881.30000 878.70000 886.80000 895.20000 901.00000 904.20000 906.40000 909.70000 914.30000 922.50000 932.80000 935.70000 934.60000 931.50000 926.20000 918.30000 917.80000 923.70000 932.60000 938.70000 944.30000 949.00000 952.80000 958.70000 965.80000 972.50000 977.20000 980.70000 983.70000
