wepppy/_tests/feverish-lamp/dem/topaz/RELIEF.ARC
ncols   153
nrows   152
xllcorner  505656
yllcorner 5180406
cellsize   30.00
nodata_value     0.0
[rows 78 to 103 of 152, columns 57 to 113 of 153]
1037.80000 1030.60000 1023.80000 1014.20000 1010.20000 1018.80000 1036.10000 1045.50000 1053.40000 1061.90000 1069.50000 1074.70000 1078.60000 1083.10000 1088.10000 1092.80000 1096.80000 1100.20000 1103.20000 1106.20000 1111.10000 1117.20000 1123.80000 1132.50000 1141.60000 1147.90000 1154.60000 1160.10000 1164.10000 1166.40000 1168.30000 1169.40000 1169.90000 1171.30000 1173.60000 1176.70000 1180.00000 1184.00000 1188.60000 1194.80000 1200.90000 1205.30000 1208.70000 1212.50000 1218.70000 1226.90000 1235.10000 1242.40000 1247.00000 1248.50000 1246.00000 1238.50000 1228.30000 1216.50000 1206.20000 1199.60000 1194.20000
1035.70000 1028.50000 1021.60000 1010.80000 1008.00000 1018.00000 1034.90000 1044.30000 1052.60000 1061.20000 1068.70000 1072.90000 1076.20000 1080.00000 1084.90000 1089.70000 1093.70000 1097.00000 1099.80000 1103.70000 1110.10000 1117.50000 1126.30000 1134.10000 1140.00000 1146.10000 1153.90000 1158.50000 1160.60000 1161.10000 1160.80000 1160.10000 1159.40000 1159.30000 1159.90000 1162.00000 1165.40000 1169.40000 1173.70000 1179.20000 1184.70000 1190.20000 1195.10000 1199.30000 1204.80000 1211.20000 1218.70000 1226.60000 1232.10000 1234.20000 1233.40000 1229.70000 1223.10000 1213.60000 1201.90000 1191.20000 1184.60000
1038.80000 1029.40000 1021.70000 1010.30000 1006.50000 1014.20000 1029.70000 1041.30000 1050.50000 1058.80000 1065.60000 1069.10000 1071.30000 1073.70000 1077.30000 1081.90000 1086.50000 1091.30000 1097.70000 1105.80000 1114.20000 1121.50000 1127.80000 1132.20000 1135.30000 1141.80000 1149.00000 1151.90000 1151.30000 1149.90000 1149.10000 1148.30000 1147.80000 1147.80000 1146.70000 1147.30000 1151.00000 1155.50000 1159.80000 1164.00000 1168.30000 1173.80000 1179.60000 1185.10000 1190.50000 1196.90000 1204.00000 1210.70000 1216.10000 1218.80000 1219.40000 1218.50000 1215.10000 1208.50000 1199.50000 1189.90000 1179.70000
1044.10000 1030.50000 1020.80000 1010.30000 1004.30000 1008.90000 1021.30000 1037.10000 1047.40000 1054.70000 1059.00000 1062.10000 1064.40000 1066.20000 1068.40000 1073.60000 1080.50000 1090.20000 1101.40000 1110.90000 1117.40000 1121.30000 1123.00000 1123.90000 1125.60000 1133.30000 1142.00000 1143.70000 1139.90000 1137.40000 1136.60000 1135.80000 1137.00000 1137.90000 1134.30000 1131.80000 1136.60000 1142.20000 1145.70000 1150.80000 1155.20000 1158.80000 1161.70000 1168.90000 1175.70000 1182.50000 1190.00000 1195.20000 1199.40000 1202.90000 1204.20000 1204.20000 1202.80000 1199.40000 1194.10000 1187.30000 1176.90000
1048.70000 1034.60000 1021.60000 1011.20000 1001.40000 1004.00000 1016.20000 1033.20000 1043.10000 1047.60000 1049.80000 1052.20000 1055.40000 1060.50000 1066.20000 1074.30000 1085.00000 1096.80000 1105.20000 1113.60000 1116.70000 1116.00000 1113.70000 1112.50000 1117.60000 1126.70000 1133.00000 1135.10000 1132.30000 1127.90000 1126.00000 1124.00000 1125.80000 1128.20000 1125.10000 1119.60000 1124.10000 1128.90000 1131.20000 1137.80000 1143.20000 1145.50000 1146.50000 1154.20000 1161.10000 1167.70000 1175.80000 1181.30000 1185.30000 1188.40000 1189.70000 1189.90000 1189.00000 1186.90000 1183.90000 1178.90000 1168.70000
1046.10000 1036.50000 1024.10000 1012.50000 1000.40000 1000.10000 1012.30000 1026.80000 1034.00000 1037.60000 1041.70000 1048.00000 1055.90000 1064.70000 1072.50000 1081.50000 1092.20000 1100.10000 1106.90000 1112.70000 1112.80000 1109.70000 1105.10000 1105.50000 1113.10000 1119.40000 1124.00000 1127.10000 1126.30000 1119.90000 1114.30000 1111.40000 1114.00000 1118.10000 1115.10000 1107.10000 1109.40000 1113.40000 1116.80000 1126.00000 1130.60000 1130.70000 1132.40000 1141.50000 1147.50000 1154.00000 1162.50000 1167.40000 1170.60000 1173.30000 1174.80000 1175.20000 1174.80000 1173.30000 1170.50000 1166.20000 1157.40000
1036.50000 1031.30000 1023.10000 1012.40000 998.10000 994.80000 1005.60000 1014.50000 1021.40000 1032.30000 1044.20000 1053.50000 1060.90000 1069.00000 1077.30000 1086.30000 1095.30000 1101.60000 1107.10000 1110.60000 1108.20000 1101.70000 1097.20000 1100.60000 1105.80000 1108.90000 1112.20000 1116.00000 1117.50000 1113.90000 1107.20000 1101.10000 1103.30000 1108.60000 1106.80000 1098.00000 1096.60000 1097.50000 1103.10000 1114.10000 1119.90000 1118.20000 1119.30000 1126.80000 1132.10000 1141.30000 1149.90000 1154.30000 1156.80000 1158.30000 1159.90000 1161.20000 1161.50000 1161.40000 1160.10000 1156.20000 1148.40000
1026.10000 1018.70000 1014.60000 1006.60000 995.10000 992.10000 1001.10000 1014.00000 1030.80000 1041.40000 1048.80000 1055.10000 1061.50000 1070.00000 1078.50000 1087.80000 1096.30000 1102.20000 1106.20000 1107.60000 1103.60000 1096.70000 1091.30000 1092.30000 1095.80000 1097.30000 1099.80000 1104.10000 1106.60000 1105.80000 1100.00000 1093.50000 1094.60000 1100.40000 1100.40000 1092.40000 1087.60000 1088.90000 1095.10000 1104.10000 1108.80000 1106.70000 1108.80000 1115.30000 1122.40000 1130.80000 1136.70000 1141.10000 1144.00000 1145.80000 1147.10000 1148.20000 1148.70000 1149.30000 1150.10000 1148.80000 1141.50000
1015.60000 1010.80000 1000.60000 990.70000 986.10000 996.20000 1009.90000 1022.20000 1034.60000 1041.80000 1046.60000 1051.70000 1057.50000 1065.80000 1075.70000 1087.30000 1096.60000 1102.20000 1105.20000 1105.00000 1099.60000 1092.80000 1085.60000 1083.10000 1085.10000 1086.40000 1088.80000 1093.20000 1096.80000 1096.80000 1092.10000 1086.00000 1085.90000 1091.90000 1092.90000 1085.90000 1077.10000 1077.90000 1086.20000 1094.70000 1097.40000 1095.60000 1098.80000 1104.90000 1114.30000 1121.90000 1125.80000 1128.70000 1131.10000 1132.40000 1134.10000 1136.00000 1138.40000 1141.80000 1144.10000 1143.60000 1135.20000
1006.80000 997.50000 985.70000 979.20000 983.80000 1000.40000 1012.50000 1020.10000 1028.20000 1033.80000 1036.40000 1040.80000 1049.10000 1060.80000 1073.30000 1085.70000 1096.50000 1101.90000 1103.30000 1101.00000 1095.70000 1088.30000 1079.20000 1074.50000 1075.10000 1075.30000 1075.20000 1079.50000 1084.20000 1084.70000 1082.30000 1077.10000 1076.80000 1082.20000 1082.70000 1076.80000 1067.20000 1065.90000 1075.60000 1082.70000 1084.90000 1084.90000 1090.90000 1099.80000 1106.60000 1111.80000 1113.60000 1113.80000 1114.00000 1116.20000 1119.50000 1124.10000 1133.40000 1141.00000 1139.90000 1135.70000 1127.80000
987.50000 980.90000 974.30000 974.80000 984.30000 997.30000 1006.80000 1012.30000 1016.00000 1020.30000 1029.60000 1040.00000 1053.60000 1067.00000 1076.80000 1087.40000 1097.10000 1101.10000 1100.80000 1097.60000 1091.90000 1083.00000 1074.60000 1066.90000 1065.80000 1065.80000 1063.50000 1066.30000 1072.30000 1074.70000 1073.50000 1067.90000 1067.40000 1072.40000 1073.90000 1070.90000 1062.40000 1059.30000 1068.10000 1071.20000 1070.60000 1075.00000 1085.50000 1093.70000 1098.10000 1101.20000 1102.40000 1101.60000 1100.80000 1105.70000 1114.20000 1124.80000 1136.60000 1140.80000 1136.70000 1129.20000 1120.60000
976.90000 971.30000 969.80000 974.70000 980.80000 986.90000 995.50000 1002.70000 1008.00000 1018.40000 1031.50000 1043.60000 1055.20000 1067.00000 1075.40000 1085.20000 1095.50000 1100.00000 1098.70000 1094.20000 1087.40000 1079.70000 1072.30000 1063.80000 1058.90000 1057.40000 1055.10000 1057.90000 1062.70000 1065.80000 1065.00000 1060.00000 1059.30000 1064.20000 1066.80000 1065.50000 1056.50000 1051.50000 1057.50000 1059.40000 1061.00000 1069.60000 1078.20000 1085.60000 1090.30000 1092.70000 1093.30000 1093.30000 1098.40000 1108.30000 1116.10000 1124.90000 1132.60000 1134.20000 1130.90000 1123.20000 1114.30000
964.40000 964.80000 968.20000 971.20000 976.70000 983.50000 992.80000 1003.50000 1012.50000 1020.50000 1028.60000 1038.20000 1049.20000 1059.60000 1066.50000 1077.40000 1092.30000 1097.50000 1095.00000 1090.10000 1084.00000 1077.30000 1069.50000 1061.60000 1053.10000 1047.50000 1043.30000 1045.70000 1050.70000 1052.00000 1053.00000 1051.40000 1049.90000 1053.00000 1054.10000 1053.50000 1049.40000 1044.90000 1047.90000 1049.20000 1055.90000 1064.60000 1071.00000 1077.90000 1081.60000 1083.20000 1083.70000 1088.50000 1096.60000 1104.20000 1111.30000 1117.70000 1124.20000 1125.40000 1121.20000 1115.10000 1107.50000
959.70000 964.90000 971.20000 977.70000 985.70000 996.40000 1005.80000 1013.70000 1024.20000 1032.90000 1040.40000 1046.70000 1053.30000 1061.60000 1069.30000 1080.60000 1091.20000 1093.10000 1090.20000 1086.00000 1079.90000 1071.00000 1063.50000 1056.50000 1049.70000 1042.80000 1036.80000 1035.90000 1040.00000 1042.00000 1043.60000 1045.70000 1043.60000 1043.30000 1045.50000 1046.50000 1044.10000 1041.30000 1043.30000 1042.30000 1046.80000 1056.40000 1068.70000 1074.20000 1074.30000 1075.20000 1077.10000 1084.30000 1091.30000 1097.70000 1104.50000 1111.60000 1115.80000 1116.80000 1113.20000 1107.30000 1100.80000
966.40000 970.30000 975.10000 982.30000 992.70000 1003.40000 1011.80000 1020.50000 1032.60000 1042.50000 1049.80000 1056.30000 1062.90000 1069.90000 1076.10000 1083.60000 1088.00000 1086.40000 1083.20000 1080.50000 1077.20000 1070.70000 1059.70000 1051.20000 1045.10000 1038.70000 1032.70000 1030.60000 1033.30000 1034.40000 1036.50000 1041.60000 1040.80000 1037.20000 1037.60000 1040.10000 1039.80000 1035.80000 1034.90000 1036.00000 1044.30000 1057.30000 1066.40000 1067.30000 1065.00000 1066.70000 1072.40000 1080.40000 1086.00000 1092.20000 1099.20000 1105.30000 1109.60000 1108.90000 1105.00000 1099.80000 1092.70000
978.10000 981.20000 984.70000 988.80000 994.90000 1003.90000 1013.70000 1025.00000 1038.20000 1047.60000 1054.60000 1060.80000 1066.80000 1072.20000 1077.60000 1082.30000 1083.90000 1081.30000 1076.20000 1075.30000 1074.30000 1068.20000 1059.60000 1051.80000 1043.90000 1036.10000 1030.60000 1026.50000 1026.20000 1027.10000 1031.70000 1038.50000 1038.70000 1035.00000 1031.60000 1033.30000 1034.10000 1029.80000 1027.70000 1033.00000 1042.80000 1052.60000 1057.20000 1057.70000 1056.80000 1060.20000 1069.30000 1076.50000 1081.90000 1087.40000 1094.20000 1101.00000 1105.40000 1105.50000 1100.90000 1093.60000 1086.60000
990.50000 994.30000 998.70000 1002.60000 1006.40000 1012.90000 1022.10000 1032.10000 1041.80000 1049.10000 1054.10000 1058.50000 1063.30000 1068.40000 1073.70000 1078.60000 1079.60000 1076.30000 1070.10000 1068.70000 1068.50000 1064.00000 1057.40000 1051.00000 1044.60000 1036.80000 1029.70000 1023.30000 1020.20000 1022.30000 1029.10000 1035.10000 1036.00000 1032.80000 1027.40000 1027.10000 1028.10000 1024.40000 1022.90000 1031.20000 1039.00000 1043.90000 1045.40000 1045.00000 1047.50000 1055.40000 1064.80000 1071.00000 1076.80000 1083.40000 1090.00000 1096.70000 1102.60000 1104.00000 1098.40000 1090.30000 1082.40000
1000.60000 1007.00000 1012.90000 1017.10000 1021.10000 1025.70000 1031.90000 1039.30000 1044.60000 1048.40000 1051.20000 1053.60000 1056.20000 1060.50000 1067.00000 1072.80000 1074.20000 1071.30000 1065.60000 1061.80000 1060.80000 1058.30000 1053.90000 1048.50000 1043.20000 1037.10000 1031.10000 1024.10000 1018.10000 1018.00000 1024.60000 1029.60000 1031.00000 1029.50000 1025.20000 1021.90000 1021.60000 1019.40000 1020.20000 1028.30000 1033.20000 1035.50000 1036.00000 1036.20000 1041.00000 1049.60000 1057.20000 1063.80000 1072.80000 1081.00000 1087.50000 1094.10000 1099.60000 1101.10000 1096.60000 1087.10000 1078.20000
1004.60000 1014.40000 1022.10000 1026.50000 1030.10000 1034.50000 1038.50000 1041.80000 1043.50000 1044.50000 1046.40000 1047.90000 1049.60000 1053.50000 1060.50000 1066.70000 1068.00000 1066.10000 1062.10000 1057.40000 1054.00000 1052.00000 1049.20000 1045.30000 1041.00000 1036.00000 1030.30000 1024.00000 1016.90000 1011.30000 1016.10000 1021.90000 1024.80000 1025.40000 1022.80000 1018.80000 1015.90000 1014.10000 1018.30000 1025.40000 1028.20000 1029.30000 1028.60000 1029.30000 1035.40000 1044.10000 1053.00000 1063.00000 1073.20000 1080.60000 1086.50000 1092.60000 1097.10000 1098.10000 1092.90000 1082.80000 1073.50000
1006.90000 1017.90000 1026.10000 1030.60000 1033.60000 1036.20000 1037.60000 1037.70000 1037.10000 1037.90000 1039.90000 1041.00000 1042.80000 1048.90000 1056.30000 1060.40000 1061.60000 1060.20000 1056.90000 1053.30000 1048.50000 1045.00000 1043.80000 1041.20000 1037.80000 1032.80000 1027.10000 1021.10000 1013.90000 1006.50000 1007.40000 1013.60000 1017.80000 1019.50000 1018.60000 1014.70000 1010.50000 1010.80000 1017.00000 1021.70000 1023.10000 1022.20000 1021.60000 1027.00000 1036.10000 1045.20000 1054.80000 1066.00000 1075.00000 1080.80000 1086.10000 1091.40000 1092.70000 1090.80000 1085.90000 1077.30000 1069.10000
1010.90000 1021.00000 1028.10000 1031.40000 1032.20000 1031.70000 1030.70000 1029.90000 1029.90000 1030.80000 1031.10000 1032.70000 1038.30000 1046.90000 1052.70000 1054.60000 1054.40000 1052.30000 1049.70000 1046.90000 1042.40000 1038.00000 1037.30000 1036.70000 1034.50000 1030.20000 1024.60000 1018.50000 1011.00000 1003.50000 1001.10000 1004.40000 1010.20000 1013.90000 1013.40000 1010.00000 1006.00000 1009.50000 1015.60000 1017.00000 1015.00000 1014.20000 1019.10000 1027.70000 1037.70000 1046.60000 1055.50000 1065.30000 1073.90000 1079.70000 1085.00000 1088.40000 1086.60000 1081.80000 1078.00000 1071.80000 1062.40000
1015.80000 1023.70000 1027.70000 1028.60000 1027.80000 1026.00000 1024.60000 1024.00000 1023.80000 1024.10000 1026.10000 1030.80000 1036.90000 1043.40000 1047.10000 1047.80000 1046.00000 1043.20000 1041.30000 1039.00000 1036.00000 1032.90000 1032.00000 1033.40000 1034.60000 1033.00000 1027.20000 1020.80000 1013.40000 1005.60000 998.50000 996.60000 1003.80000 1008.90000 1008.60000 1004.30000 1002.00000 1009.40000 1014.00000 1011.80000 1009.20000 1012.10000 1020.00000 1028.90000 1038.10000 1047.00000 1055.40000 1064.70000 1073.60000 1077.90000 1080.90000 1082.30000 1079.50000 1073.80000 1069.50000 1064.00000 1053.80000
1020.10000 1023.20000 1024.10000 1023.50000 1022.30000 1021.40000 1020.70000 1019.90000 1019.20000 1020.90000 1025.80000 1030.50000 1034.00000 1037.10000 1040.10000 1040.10000 1037.90000 1035.20000 1032.90000 1031.20000 1029.90000 1028.20000 1027.30000 1031.10000 1035.50000 1036.80000 1030.50000 1023.40000 1015.70000 1007.90000 998.40000 990.60000 997.60000 1003.00000 1002.10000 998.30000 1002.10000 1009.60000 1009.90000 1005.00000 1005.80000 1013.30000 1021.40000 1029.40000 1038.00000 1046.90000 1055.60000 1064.90000 1072.70000 1075.40000 1076.10000 1075.80000 1073.00000 1067.40000 1060.50000 1055.20000 1046.50000
1020.50000 1020.00000 1019.10000 1017.90000 1016.80000 1016.40000 1015.80000 1014.60000 1016.10000 1021.10000 1025.40000 1027.60000 1027.90000 1028.30000 1030.20000 1031.70000 1031.10000 1029.30000 1027.40000 1025.80000 1024.60000 1023.20000 1022.30000 1027.70000 1034.70000 1036.30000 1030.00000 1023.40000 1016.10000 1008.50000 998.20000 988.40000 992.20000 996.00000 994.20000 995.40000 1003.50000 1007.60000 1004.10000 998.90000 1006.90000 1014.70000 1022.10000 1029.40000 1037.90000 1046.70000 1054.50000 1061.50000 1066.60000 1068.60000 1068.80000 1067.30000 1064.10000 1059.40000 1052.50000 1045.50000 1038.50000
1017.50000 1015.90000 1014.70000 1013.10000 1011.60000 1010.60000 1009.70000 1010.90000 1015.80000 1020.40000 1022.30000 1022.60000 1021.60000 1019.90000 1020.20000 1023.60000 1024.60000 1023.40000 1021.40000 1020.10000 1018.70000 1017.00000 1016.50000 1022.40000 1029.10000 1030.20000 1026.60000 1020.80000 1014.60000 1006.80000 996.70000 987.00000 987.40000 989.50000 989.70000 996.60000 1003.30000 1002.60000 995.90000 995.30000 1007.70000 1015.10000 1021.70000 1028.80000 1037.20000 1045.30000 1051.90000 1056.20000 1058.90000 1059.90000 1059.50000 1057.60000 1054.10000 1050.80000 1046.30000 1037.80000 1030.40000
1012.70000 1011.60000 1010.30000 1007.80000 1005.40000 1004.80000 1006.90000 1010.90000 1015.10000 1017.20000 1017.30000 1016.40000 1014.90000 1011.40000 1010.60000 1015.40000 1016.50000 1015.00000 1013.80000 1013.00000 1010.80000 1008.80000 1011.00000 1016.80000 1021.80000 1022.70000 1021.20000 1017.40000 1012.00000 1004.60000 995.90000 986.30000 983.40000 984.20000 988.40000 996.70000 999.00000 994.30000 987.70000 990.60000 1003.80000 1013.50000 1020.70000 1028.10000 1035.10000 1041.70000 1046.70000 1049.70000 1051.80000 1052.80000 1052.40000 1050.20000 1046.50000 1043.40000 1040.10000 1032.20000 1023.20000
