wepppy/_tests/feverish-lamp/dem/topaz/RELIEF.ARC
ncols   153
nrows   152
xllcorner  505656
yllcorner 5180406
cellsize   30.00
nodata_value     0.0
[rows 0 to 25 of 152, columns 0 to 56 of 153]
1220.50000 1230.20000 1238.00000 1241.00000 1241.20000 1240.50000 1238.80000 1235.40000 1230.00000 1224.20000 1218.70000 1211.80000 1205.00000 1198.50000 1191.40000 1182.90000 1173.20000 1164.20000 1156.40000 1151.60000 1156.90000 1163.80000 1166.30000 1165.50000 1164.50000 1168.20000 1171.30000 1170.50000 1165.50000 1152.40000 1131.80000 1120.40000 1111.90000 1105.60000 1106.50000 1113.60000 1122.10000 1129.80000 1136.00000 1143.40000 1149.90000 1156.50000 1164.20000 1171.40000 1175.30000 1174.80000 1175.20000 1181.80000 1185.20000 1181.10000 1172.00000 1163.10000 1156.20000 1148.70000 1138.90000 1128.50000 1118.00000
1225.90000 1232.60000 1238.70000 1241.60000 1241.90000 1241.00000 1239.40000 1235.50000 1229.70000 1224.30000 1218.80000 1211.20000 1205.00000 1199.40000 1193.80000 1187.40000 1179.80000 1172.10000 1165.00000 1160.90000 1166.50000 1171.10000 1172.80000 1171.80000 1171.40000 1174.90000 1176.50000 1174.00000 1167.80000 1155.30000 1133.90000 1122.30000 1115.90000 1111.30000 1112.00000 1118.10000 1124.80000 1131.20000 1137.90000 1146.50000 1155.50000 1162.60000 1169.80000 1176.30000 1180.20000 1180.50000 1180.30000 1184.60000 1187.00000 1184.30000 1177.40000 1169.70000 1162.90000 1155.50000 1144.90000 1133.50000 1122.40000
1232.10000 1237.20000 1240.60000 1242.60000 1242.70000 1241.60000 1239.60000 1235.30000 1229.30000 1224.40000 1219.10000 1212.20000 1207.50000 1203.70000 1199.30000 1193.80000 1186.40000 1179.30000 1172.90000 1169.60000 1174.50000 1178.40000 1179.90000 1178.40000 1178.10000 1181.00000 1180.80000 1177.10000 1169.40000 1155.80000 1135.80000 1126.50000 1121.40000 1117.30000 1118.50000 1125.00000 1128.90000 1132.30000 1138.50000 1147.90000 1160.10000 1168.40000 1175.80000 1183.20000 1186.90000 1186.90000 1186.20000 1188.40000 1190.00000 1188.20000 1182.20000 1174.40000 1166.90000 1159.90000 1149.30000 1136.80000 1125.70000
1235.70000 1240.70000 1243.30000 1244.20000 1243.70000 1242.30000 1239.70000 1235.00000 1229.30000 1225.80000 1221.90000 1217.30000 1213.90000 1210.50000 1204.80000 1198.20000 1191.50000 1186.50000 1181.80000 1178.30000 1182.40000 1186.10000 1187.30000 1185.50000 1184.40000 1185.90000 1184.60000 1180.20000 1170.90000 1156.60000 1142.10000 1135.80000 1128.80000 1122.00000 1124.30000 1131.60000 1135.00000 1135.20000 1138.70000 1147.60000 1161.00000 1170.30000 1178.60000 1188.30000 1192.90000 1193.40000 1193.20000 1194.00000 1193.60000 1190.70000 1184.20000 1176.60000 1169.10000 1162.20000 1152.60000 1139.90000 1130.50000
1237.50000 1243.30000 1246.40000 1247.00000 1245.70000 1243.30000 1239.90000 1235.40000 1232.20000 1231.40000 1229.40000 1225.80000 1221.50000 1217.10000 1210.60000 1203.50000 1198.10000 1194.30000 1190.80000 1186.90000 1190.30000 1193.00000 1193.40000 1191.80000 1190.50000 1190.70000 1188.80000 1184.20000 1173.50000 1160.20000 1151.40000 1145.60000 1136.00000 1126.60000 1129.00000 1137.00000 1140.90000 1139.40000 1140.20000 1146.50000 1159.70000 1169.70000 1178.90000 1189.20000 1195.20000 1198.40000 1199.90000 1199.60000 1196.60000 1192.40000 1186.40000 1178.90000 1171.20000 1163.90000 1155.20000 1144.50000 1138.90000
1239.30000 1246.10000 1249.90000 1250.70000 1248.90000 1244.80000 1240.30000 1237.40000 1237.80000 1238.90000 1237.20000 1233.60000 1228.80000 1223.70000 1217.50000 1210.70000 1205.90000 1202.00000 1197.40000 1194.80000 1197.50000 1199.00000 1198.90000 1197.50000 1197.00000 1196.60000 1193.70000 1189.00000 1178.90000 1168.00000 1162.10000 1155.10000 1144.30000 1133.00000 1135.00000 1143.70000 1146.30000 1143.90000 1143.90000 1146.60000 1157.40000 1168.10000 1177.60000 1188.60000 1196.30000 1201.80000 1204.00000 1203.10000 1199.30000 1195.10000 1190.50000 1183.30000 1175.30000 1167.60000 1159.70000 1152.80000 1149.90000
1243.00000 1249.90000 1253.10000 1253.50000 1251.60000 1246.40000 1241.50000 1240.10000 1241.70000 1243.20000 1242.70000 1239.50000 1235.20000 1229.90000 1224.00000 1217.70000 1212.50000 1207.30000 1202.50000 1202.20000 1204.80000 1206.20000 1206.20000 1205.50000 1204.90000 1203.20000 1199.30000 1193.90000 1185.90000 1178.60000 1172.60000 1164.40000 1153.50000 1142.00000 1143.80000 1150.60000 1151.30000 1148.80000 1148.50000 1149.00000 1155.30000 1166.20000 1175.70000 1187.10000 1196.10000 1202.90000 1206.20000 1206.30000 1203.40000 1199.90000 1196.40000 1189.90000 1182.20000 1174.80000 1168.00000 1164.10000 1161.30000
1248.20000 1253.80000 1255.90000 1255.30000 1252.40000 1246.70000 1242.60000 1242.70000 1245.00000 1247.30000 1247.80000 1245.20000 1240.50000 1235.20000 1229.50000 1223.30000 1217.50000 1211.80000 1208.20000 1210.20000 1213.40000 1214.80000 1215.60000 1215.50000 1214.10000 1211.30000 1206.30000 1199.00000 1191.90000 1186.90000 1180.00000 1170.50000 1160.40000 1150.80000 1153.60000 1158.20000 1156.80000 1152.80000 1151.90000 1152.70000 1154.90000 1164.30000 1174.30000 1185.70000 1195.20000 1202.80000 1208.20000 1210.20000 1209.20000 1206.60000 1203.10000 1197.40000 1190.50000 1184.10000 1179.10000 1175.50000 1172.60000
1253.10000 1257.00000 1258.00000 1255.80000 1250.60000 1244.70000 1242.60002 1244.10000 1247.60000 1251.20000 1252.60000 1250.70000 1245.80000 1239.70000 1233.70000 1227.60000 1221.10000 1216.10000 1215.30000 1219.50000 1223.40000 1225.20000 1225.90000 1225.00000 1222.30000 1218.80000 1213.70000 1205.90000 1198.90000 1193.90000 1186.20000 1175.80000 1165.20000 1158.50000 1163.00000 1166.50000 1163.70000 1156.90000 1155.50000 1157.60000 1157.70000 1163.50000 1174.60000 1186.30000 1195.50000 1202.90000 1209.80000 1214.10000 1215.20000 1213.80000 1210.30000 1205.70000 1200.00000 1194.70000 1191.20000 1188.10000 1184.80000
1256.30000 1258.80000 1258.70000 1255.00000 1247.70000 1243.10000 1242.60004 1244.70000 1249.40000 1254.30000 1257.00000 1255.30000 1250.10000 1244.10000 1237.20000 1230.70000 1224.40000 1220.80000 1223.20000 1228.40000 1232.60000 1235.70000 1237.40000 1236.90000 1233.40000 1228.20000 1222.10000 1214.50000 1207.10000 1200.60000 1192.40000 1181.90000 1171.70000 1167.40000 1172.70000 1176.00000 1172.30000 1163.60000 1161.70000 1165.60000 1164.00000 1166.10000 1177.80000 1190.00000 1197.80000 1204.80000 1212.10000 1217.90000 1220.10000 1220.30000 1218.50000 1215.50000 1211.90000 1207.70000 1204.60000 1202.80000 1199.60000
1258.20000 1259.40000 1258.60000 1254.70000 1246.70000 1242.70000 1242.60006 1244.70000 1249.60000 1256.00000 1259.20000 1257.90000 1253.00000 1247.40000 1240.30000 1233.20000 1227.50000 1226.80000 1231.50000 1237.60000 1242.80000 1247.00000 1249.40000 1249.20000 1245.50000 1239.20000 1232.50000 1225.10000 1216.50000 1208.30000 1199.60000 1188.80000 1180.30000 1180.80000 1185.60000 1186.20000 1182.50000 1174.00000 1172.40000 1177.50000 1177.50000 1176.00000 1183.60000 1194.40000 1201.90000 1209.20000 1217.00000 1221.60000 1223.20000 1223.50000 1223.10000 1222.90000 1222.30000 1220.50000 1218.30000 1216.70000 1213.60000
1259.10000 1259.70000 1258.20000 1253.80000 1246.20000 1242.80000 1243.10000 1244.00000 1248.20000 1255.30000 1260.60000 1259.80000 1255.20000 1249.90000 1242.80000 1235.80000 1232.40000 1235.50000 1241.70000 1248.30000 1254.00000 1258.10000 1261.50000 1262.00000 1258.30000 1250.60000 1242.50000 1234.60000 1226.20000 1217.50000 1208.10000 1197.20000 1190.70000 1193.60000 1195.80000 1195.00000 1191.70000 1185.30000 1186.50000 1191.50000 1190.10000 1187.20000 1189.00000 1197.50000 1206.70000 1215.40000 1222.20000 1224.50000 1226.40000 1227.20000 1226.60000 1227.20000 1228.50000 1228.80000 1228.70000 1227.80000 1225.20000
1260.40000 1260.60000 1258.50000 1253.90000 1247.40000 1244.70000 1245.60000 1245.40000 1248.30000 1255.30000 1262.60000 1262.60000 1257.40000 1252.30000 1245.80000 1240.20000 1241.10000 1246.60000 1252.20000 1257.20000 1262.30000 1268.00000 1271.90000 1272.60000 1269.50000 1262.90000 1253.70000 1244.00000 1235.30000 1226.70000 1217.50000 1206.70000 1201.10000 1203.10000 1204.30000 1202.90000 1199.80000 1195.30000 1195.50000 1198.40000 1198.80000 1197.30000 1196.10000 1201.70000 1212.10000 1221.00000 1227.30000 1228.60000 1232.60000 1234.80000 1233.40000 1232.70000 1233.50000 1233.80000 1233.70000 1232.50000 1230.50000
1262.90000 1262.20000 1260.50000 1258.40000 1254.50000 1252.00000 1253.50000 1252.90000 1253.10000 1257.00000 1264.00000 1264.90000 1261.10000 1255.60000 1250.70000 1248.20000 1251.20000 1255.50000 1260.10000 1265.40000 1271.00000 1275.20000 1277.80000 1278.50000 1276.70000 1271.80000 1263.80000 1254.60000 1245.00000 1235.40000 1226.30000 1216.20000 1210.90000 1212.80000 1213.40000 1212.10000 1209.00000 1204.90000 1204.10000 1206.00000 1206.70000 1206.20000 1204.40000 1208.00000 1217.40000 1226.50000 1231.10000 1235.00000 1239.20000 1241.30000 1241.90000 1241.80000 1241.60000 1241.60000 1241.00000 1238.60000 1234.90000
1266.80000 1264.50000 1263.30000 1263.40000 1260.60000 1259.40000 1260.90000 1261.00000 1260.40000 1262.10000 1266.60000 1269.40000 1266.80000 1260.90000 1256.90000 1256.90000 1260.10000 1264.60000 1269.00000 1273.10000 1276.70000 1279.20000 1282.40000 1285.00000 1281.90000 1277.00000 1271.00000 1262.50000 1254.40000 1245.00000 1234.50000 1224.60000 1219.60000 1221.20000 1222.10000 1221.30000 1218.10000 1213.50000 1213.00000 1215.30000 1216.20000 1215.60000 1213.60000 1214.60000 1222.80000 1232.10000 1236.00000 1240.90000 1245.60000 1249.30000 1251.50000 1253.10000 1253.20000 1252.40000 1251.00000 1247.80000 1242.20000
1271.90000 1269.90000 1270.20000 1268.90000 1265.30000 1264.90000 1268.20000 1270.60000 1270.60000 1270.00000 1272.00000 1274.10000 1272.60000 1268.90000 1266.10000 1266.60000 1269.30000 1272.30000 1275.10000 1277.70000 1280.80000 1283.60000 1288.90000 1292.20000 1289.90000 1282.20000 1275.60000 1268.70000 1260.80000 1253.60000 1244.40000 1234.30000 1230.40000 1232.00000 1232.00000 1231.00000 1227.40000 1221.60000 1220.90000 1223.10000 1224.00000 1223.60000 1221.90000 1220.80000 1227.90000 1235.20000 1239.70000 1247.00000 1254.30000 1259.90000 1263.40000 1265.70000 1266.70000 1266.20000 1264.40000 1257.90000 1249.00000
1276.70000 1276.00000 1276.00000 1274.60000 1270.30000 1269.90000 1274.20000 1276.90000 1277.70000 1277.70000 1278.30000 1278.70000 1277.90000 1275.90000 1273.80000 1273.80000 1275.70000 1279.00000 1281.60000 1281.00000 1283.30000 1288.10000 1295.00000 1297.50000 1295.50000 1288.40000 1279.70000 1273.50000 1266.80000 1260.20000 1252.70000 1244.00000 1241.60000 1242.90000 1243.80000 1242.90000 1238.50000 1231.80000 1230.20000 1231.80000 1232.20000 1231.00000 1228.60000 1226.70000 1232.60000 1238.80000 1245.20000 1254.90000 1262.00000 1268.70000 1273.70000 1276.60000 1277.30000 1276.50000 1274.10000 1268.90000 1258.90000
1281.10000 1280.30000 1279.00000 1277.50000 1275.40000 1275.00000 1277.70000 1280.40000 1282.80000 1284.00000 1284.50000 1284.30000 1283.60000 1283.00000 1282.40000 1282.40000 1283.40000 1286.70000 1288.10000 1286.20000 1287.70000 1296.80000 1304.30000 1305.30000 1301.80000 1294.40000 1283.40000 1276.80000 1272.10000 1267.80000 1262.10000 1255.60000 1253.90000 1253.90000 1253.40000 1252.20000 1249.00000 1242.10000 1240.00000 1240.80000 1240.80000 1239.50000 1236.40000 1233.30000 1238.50000 1244.10000 1252.70000 1261.80000 1269.70000 1277.40000 1283.10000 1288.20000 1290.50000 1289.20000 1285.30000 1279.90000 1272.70000
1286.40000 1284.30000 1281.40000 1279.50000 1278.60000 1278.80000 1280.80000 1286.00000 1288.30000 1288.70000 1288.90000 1289.00000 1289.00000 1289.20000 1289.40000 1288.80000 1289.20000 1290.90000 1292.60000 1295.90000 1302.90000 1310.20000 1313.80000 1314.10000 1310.50000 1302.20000 1290.70000 1279.90000 1275.80000 1272.40000 1269.80000 1265.50000 1262.10000 1260.20000 1258.40000 1256.50000 1254.00000 1250.90000 1250.40000 1250.90000 1250.20000 1247.60000 1243.30000 1239.60000 1241.20000 1248.00000 1258.80000 1268.50000 1278.40000 1289.00000 1297.30000 1303.80000 1306.00000 1304.50000 1300.50000 1293.90000 1285.30000
1290.50000 1287.50000 1283.90000 1281.60000 1280.80000 1281.40000 1284.60000 1287.90000 1288.70000 1288.70000 1288.60000 1288.90000 1290.10000 1292.10000 1294.00000 1294.20000 1294.00000 1295.70000 1300.20000 1307.30000 1313.40000 1318.00000 1320.60000 1320.60000 1317.10000 1310.30000 1300.30000 1287.80000 1277.70000 1274.00000 1272.40000 1270.10000 1266.80000 1264.40000 1262.60000 1259.90000 1256.80000 1255.30000 1255.40000 1255.00000 1253.70000 1252.30000 1250.30000 1246.50000 1247.50000 1254.70000 1265.60000 1276.70000 1288.50000 1300.50000 1309.30000 1314.70000 1316.60000 1316.10000 1313.90000 1308.40000 1298.20000
1292.90000 1287.20000 1285.10000 1283.40000 1282.80000 1283.60000 1285.60000 1286.90000 1286.90000 1286.40000 1286.30000 1286.60000 1288.20000 1291.60000 1295.00000 1297.10000 1298.00000 1300.90000 1307.70000 1315.80000 1323.20000 1326.20000 1329.60000 1329.60000 1325.60000 1318.30000 1309.70000 1299.80000 1288.60000 1280.10000 1275.50000 1273.30000 1268.80000 1267.00000 1265.60000 1263.10000 1260.10000 1258.40000 1258.60000 1257.80000 1255.80000 1254.20000 1252.90000 1252.10000 1254.40000 1263.70000 1274.60000 1287.40000 1301.40000 1312.20000 1321.90000 1328.60000 1329.80000 1327.50000 1323.60000 1317.60000 1309.10000
1289.10000 1286.30000 1284.70000 1283.90000 1283.60000 1283.90000 1284.30000 1284.20000 1283.30000 1282.50000 1282.70000 1283.70000 1285.30000 1288.70000 1294.20000 1298.80000 1303.40000 1309.10000 1316.60000 1324.00000 1331.30000 1335.00000 1336.80000 1336.20000 1333.40000 1328.60000 1320.40000 1312.70000 1305.80000 1298.70000 1291.00000 1283.50000 1278.10000 1273.70000 1269.90000 1266.60000 1262.90000 1261.60000 1262.00000 1260.70000 1257.40000 1255.30000 1254.90000 1255.70000 1261.30000 1272.20000 1285.80000 1300.80000 1313.40000 1325.30000 1334.90000 1340.80000 1342.00000 1339.00000 1334.90000 1328.20000 1318.70000
1284.40000 1283.50000 1283.10000 1282.90000 1282.50000 1282.00000 1281.40000 1279.70000 1277.30000 1276.00000 1276.50000 1278.30000 1281.00000 1283.20000 1288.00000 1296.70000 1305.90000 1315.10000 1324.70000 1334.00000 1339.90000 1343.90000 1345.70000 1345.40000 1343.40000 1340.30000 1334.50000 1328.90000 1323.90000 1318.00000 1311.10000 1303.90000 1297.50000 1290.10000 1282.70000 1277.20000 1275.10000 1276.40000 1276.50000 1271.80000 1264.30000 1257.90000 1256.30000 1259.60000 1268.90000 1281.50000 1297.70000 1310.80000 1324.40000 1337.20000 1347.10000 1353.40000 1356.10000 1353.10000 1347.00000 1338.30000 1327.00000
1278.80000 1278.10000 1277.20000 1276.10000 1275.30000 1274.60000 1273.30000 1270.60000 1268.20000 1266.50000 1266.10000 1266.10000 1266.80000 1269.10000 1276.70000 1290.80000 1305.20000 1318.10000 1329.90000 1341.60000 1350.20000 1355.40000 1356.90000 1354.60000 1351.60000 1348.90000 1346.60000 1344.60000 1342.20000 1339.00000 1333.00000 1325.40000 1317.50000 1309.10000 1301.90000 1295.30000 1290.00000 1287.40000 1287.00000 1284.60000 1278.00000 1273.00000 1271.10000 1273.20000 1279.20000 1292.60000 1306.50000 1320.20000 1334.70000 1347.00000 1356.20000 1363.30000 1365.80000 1362.40000 1354.50000 1344.30000 1334.10000
1270.10000 1269.30000 1268.20000 1267.00000 1266.20000 1265.00000 1263.40000 1260.90000 1258.50000 1257.00000 1255.80000 1254.60000 1253.80000 1255.80000 1264.80000 1283.20000 1301.70000 1317.80000 1331.70000 1345.10000 1355.70000 1362.60000 1365.50000 1363.90000 1361.50000 1360.10000 1359.70000 1358.60000 1356.70000 1354.20000 1350.20000 1344.50000 1337.70000 1327.10000 1315.40000 1304.70000 1292.60000 1282.00000 1279.60000 1279.70000 1278.30000 1276.60000 1276.30000 1278.80000 1285.70000 1298.20000 1310.10000 1323.60000 1336.60000 1346.50000 1354.40000 1360.30000 1363.60000 1361.90000 1355.60000 1346.90000 1337.90000
1260.20000 1260.00000 1259.60000 1259.10000 1258.40000 1257.00000 1254.50000 1251.30000 1247.40000 1243.90000 1240.20000 1236.60000 1236.40000 1245.60000 1256.40000 1273.70000 1294.20000 1313.20000 1328.60000 1343.10000 1355.10000 1365.90000 1373.50000 1375.90000 1374.20000 1373.80000 1374.30000 1373.40000 1369.60000 1365.90000 1362.00000 1354.90000 1345.50000 1334.70000 1321.60000 1306.80000 1288.20000 1273.60000 1266.80000 1266.80000 1266.70000 1265.50000 1268.60000 1276.10000 1285.30000 1295.80000 1305.60000 1316.60000 1327.70000 1337.40000 1344.60000 1349.30000 1351.30000 1350.10000 1347.40000 1342.40000 1334.00000
