tests/topo/topaz/verify/FVSLOP.ARC.2
ncols    87
nrows   139
xllcorner  504090
yllcorner 5180991
cellsize   30.00
nodata_value    -1.0
[rows 29 to 57 of 139, columns 0 to 66 of 87]
0.28000 0.34333 0.34333 0.27577 0.41012 0.40305 0.38333 0.46667 0.37333 0.28000 0.39834 0.32056 0.32667 0.36000 0.36298 0.27813 0.31667 0.36534 0.36667 0.34000 0.37005 0.44783 0.35120 0.32056 0.28991 0.27000 0.16333 0.23335 0.21685 0.22333 0.15321 0.08014 0.12667 0.28667 0.40333 0.34667 0.31667 0.32667 0.35120 0.45491 0.38000 0.36000 0.33667 0.38184 0.34333 0.33333 0.28756 0.36062 0.33470 0.29667 0.32667 0.32000 0.31000 0.29000 0.26333 0.23667 0.26000 0.27667 0.32527 0.36770 0.38667 0.33667 0.35667 0.44667 0.46667 0.37241 0.37948
0.29463 0.30333 0.34000 0.24749 0.41000 0.41484 0.32291 0.41667 0.37000 0.28284 0.36667 0.41000 0.36333 0.38667 0.39834 0.32667 0.30333 0.36667 0.43333 0.27333 0.39362 0.38184 0.36770 0.33941 0.31333 0.28667 0.24277 0.22627 0.18856 0.14614 0.14333 0.23667 0.21213 0.31584 0.30406 0.33333 0.42667 0.40333 0.39000 0.42191 0.31584 0.33000 0.35333 0.39598 0.36333 0.32333 0.38184 0.42898 0.37005 0.38333 0.43667 0.42333 0.39667 0.38000 0.30333 0.30667 0.24000 0.19333 0.33234 0.37712 0.36000 0.35667 0.43000 0.53667 0.46000 0.47376 0.47612
0.33470 0.26000 0.27000 0.27577 0.39127 0.51667 0.35591 0.29000 0.26000 0.37005 0.40667 0.40305 0.42333 0.35000 0.41248 0.29934 0.31000 0.42667 0.45333 0.35591 0.42898 0.37948 0.42191 0.39362 0.36062 0.30170 0.23570 0.16333 0.09333 0.17000 0.33333 0.33941 0.31113 0.27341 0.37477 0.41333 0.47333 0.47333 0.45000 0.40667 0.31584 0.27333 0.39333 0.40000 0.38333 0.20742 0.34884 0.35667 0.36000 0.43000 0.43000 0.41333 0.40000 0.34667 0.32998 0.30333 0.27333 0.25667 0.38184 0.41955 0.33000 0.35667 0.44667 0.37667 0.33470 0.46198 0.54683
0.28049 0.23806 0.25000 0.28049 0.35591 0.40333 0.41484 0.28991 0.35000 0.50912 0.48083 0.40069 0.42333 0.32056 0.44548 0.32333 0.30406 0.46000 0.45333 0.51855 0.48790 0.46198 0.45962 0.42898 0.35591 0.26667 0.28000 0.18000 0.16000 0.17333 0.28333 0.34000 0.22000 0.20742 0.39362 0.39834 0.46667 0.49000 0.46000 0.45000 0.27106 0.27341 0.35000 0.36333 0.32333 0.29463 0.40667 0.32333 0.34884 0.41333 0.42000 0.38000 0.34667 0.25667 0.32056 0.31667 0.33667 0.37000 0.40776 0.44076 0.40069 0.46000 0.44333 0.26634 0.36298 0.41667 0.57983
0.32000 0.30170 0.25667 0.29227 0.37712 0.43134 0.49969 0.38891 0.32333 0.44783 0.47612 0.35355 0.38667 0.36770 0.47848 0.36333 0.36333 0.31667 0.43000 0.56569 0.51667 0.52797 0.50205 0.46198 0.44000 0.40667 0.41955 0.40776 0.37948 0.35591 0.36298 0.33941 0.26870 0.24333 0.40000 0.41248 0.28667 0.45333 0.40667 0.35333 0.34884 0.25000 0.28284 0.29667 0.18333 0.34177 0.38333 0.36667 0.32998 0.32000 0.38667 0.38667 0.37667 0.29698 0.32998 0.34000 0.30170 0.41000 0.38667 0.42898 0.40776 0.35667 0.35000 0.38000 0.59161 0.50676 0.56569
0.29333 0.31348 0.25333 0.31667 0.37948 0.42898 0.53504 0.39362 0.26000 0.39598 0.49026 0.38667 0.35000 0.37477 0.44548 0.39667 0.37000 0.41333 0.42667 0.52667 0.51855 0.53740 0.47848 0.53333 0.42426 0.41012 0.44312 0.44783 0.45962 0.45333 0.45962 0.44783 0.32998 0.28000 0.39598 0.50440 0.36062 0.39333 0.43667 0.32763 0.39362 0.30000 0.32527 0.14614 0.20333 0.43134 0.35000 0.34000 0.27577 0.31348 0.33333 0.41667 0.37333 0.38655 0.38333 0.31000 0.29698 0.30641 0.41333 0.34648 0.39362 0.31000 0.29333 0.27341 0.33941 0.45019 0.55626
0.21685 0.28284 0.25667 0.32000 0.37948 0.48555 0.51855 0.38184 0.33667 0.41955 0.49262 0.42000 0.35333 0.40305 0.37000 0.42667 0.37948 0.41000 0.42667 0.47333 0.49026 0.56569 0.57333 0.49262 0.49262 0.47612 0.49333 0.49026 0.54667 0.49667 0.52562 0.49969 0.42191 0.27577 0.31000 0.49000 0.41955 0.31667 0.45667 0.44312 0.47612 0.36333 0.38667 0.20506 0.22333 0.39362 0.37333 0.25220 0.26870 0.40069 0.28284 0.37667 0.32667 0.39127 0.37000 0.25667 0.27577 0.32056 0.29000 0.34333 0.36770 0.20035 0.18667 0.25692 0.32291 0.45962 0.59667
0.34177 0.34884 0.31333 0.35120 0.43605 0.44548 0.45962 0.38184 0.25000 0.31820 0.45019 0.40667 0.25333 0.41719 0.48000 0.45000 0.34177 0.28756 0.29333 0.31820 0.44312 0.63667 0.51383 0.46905 0.49667 0.51147 0.49262 0.49667 0.45726 0.45491 0.47140 0.44312 0.38655 0.25692 0.41719 0.52667 0.49969 0.30877 0.35333 0.41248 0.48319 0.39333 0.33705 0.30877 0.26000 0.38667 0.33705 0.33234 0.33470 0.46905 0.36667 0.37667 0.39667 0.41012 0.36298 0.28520 0.25456 0.28520 0.24984 0.31333 0.35591 0.26870 0.25667 0.27341 0.32056 0.48319 0.61000
0.36298 0.39834 0.40333 0.42191 0.50440 0.51000 0.47612 0.44548 0.29000 0.36667 0.47140 0.40667 0.36062 0.38184 0.42333 0.33333 0.42000 0.42667 0.33667 0.35120 0.47333 0.53667 0.47667 0.50205 0.44076 0.41333 0.45667 0.45962 0.40305 0.41248 0.39598 0.32333 0.35667 0.20506 0.35591 0.40000 0.51000 0.33470 0.30667 0.40000 0.48790 0.41667 0.32291 0.44312 0.40333 0.43667 0.41484 0.42662 0.40667 0.41484 0.35591 0.36333 0.42000 0.41955 0.41955 0.29698 0.30333 0.29698 0.32527 0.24667 0.36534 0.33470 0.25333 0.26000 0.32763 0.51000 0.57667
0.41484 0.48555 0.49000 0.54000 0.53033 0.46333 0.55000 0.51147 0.37000 0.32763 0.41719 0.33667 0.41012 0.39000 0.46000 0.40000 0.45491 0.48000 0.26634 0.46433 0.57333 0.50440 0.45726 0.36770 0.34884 0.23806 0.18667 0.28667 0.31333 0.35000 0.48333 0.41667 0.26163 0.17913 0.33000 0.38333 0.50667 0.34000 0.19328 0.37333 0.42898 0.40541 0.36534 0.41719 0.25000 0.33333 0.41248 0.45667 0.48667 0.42000 0.41955 0.36333 0.41333 0.43841 0.45962 0.35591 0.37000 0.39667 0.42662 0.33941 0.43333 0.34667 0.13667 0.17206 0.32667 0.54667 0.56097
0.48555 0.55626 0.53000 0.54000 0.52562 0.50676 0.53333 0.54000 0.33333 0.33234 0.36333 0.30333 0.40305 0.43667 0.43667 0.42191 0.42333 0.33667 0.31820 0.51383 0.53269 0.45962 0.40000 0.29333 0.31667 0.34000 0.35667 0.32527 0.32763 0.29227 0.35333 0.36667 0.22333 0.15556 0.33705 0.41955 0.47667 0.53000 0.29698 0.22667 0.35333 0.39362 0.40541 0.41000 0.21685 0.28000 0.39667 0.42000 0.46333 0.43000 0.44548 0.37000 0.27667 0.46198 0.48083 0.47000 0.49333 0.49333 0.43000 0.40776 0.39667 0.37000 0.24042 0.21449 0.28333 0.33234 0.37333
0.42426 0.49262 0.39127 0.54333 0.49667 0.49497 0.46905 0.51000 0.33000 0.40776 0.34667 0.30877 0.42333 0.40000 0.39667 0.53667 0.48000 0.26399 0.20506 0.28000 0.34667 0.57333 0.55333 0.49667 0.52797 0.53269 0.40776 0.34884 0.37477 0.32527 0.33234 0.24984 0.14667 0.13671 0.26870 0.40305 0.48790 0.48555 0.42667 0.12964 0.24333 0.35120 0.34884 0.38333 0.30170 0.24667 0.39667 0.44667 0.39667 0.37000 0.40305 0.34333 0.30667 0.46669 0.43667 0.54000 0.56667 0.52000 0.43333 0.36062 0.27000 0.17000 0.29698 0.29333 0.31348 0.32763 0.41333
0.47376 0.52797 0.41955 0.38667 0.48667 0.45726 0.42426 0.33333 0.32667 0.42898 0.38667 0.37241 0.46667 0.52667 0.49333 0.44667 0.35355 0.24749 0.27000 0.25000 0.50667 0.48667 0.47667 0.56333 0.51667 0.45000 0.34648 0.28520 0.18620 0.24333 0.31667 0.22667 0.18620 0.26667 0.27000 0.44333 0.40000 0.35120 0.46669 0.35000 0.28000 0.43369 0.42426 0.34000 0.30667 0.27341 0.37333 0.39000 0.33000 0.35120 0.39362 0.37000 0.31333 0.45726 0.50667 0.52000 0.48000 0.46667 0.41333 0.37000 0.30333 0.25220 0.29934 0.24749 0.30000 0.40667 0.38184
0.32291 0.37333 0.39834 0.34884 0.45667 0.45667 0.48790 0.35333 0.33667 0.41248 0.33667 0.46667 0.52333 0.48000 0.27333 0.28284 0.39000 0.55667 0.48319 0.49262 0.55390 0.46198 0.43667 0.54667 0.48333 0.43605 0.38184 0.28756 0.27106 0.29227 0.24749 0.15321 0.25927 0.34648 0.42000 0.38000 0.42333 0.55333 0.49000 0.24513 0.33667 0.44783 0.45962 0.38333 0.38419 0.45255 0.37000 0.48667 0.43333 0.35333 0.37005 0.31333 0.38333 0.46198 0.44667 0.46000 0.48333 0.42333 0.40667 0.35000 0.16667 0.24513 0.25927 0.34177 0.33941 0.42426 0.41012
0.27000 0.35667 0.43333 0.36298 0.37477 0.48333 0.43333 0.27000 0.37000 0.42191 0.43000 0.52333 0.44333 0.27813 0.11314 0.49333 0.56333 0.48319 0.42000 0.48000 0.48790 0.48790 0.46669 0.37948 0.43134 0.49497 0.49026 0.43605 0.36770 0.30641 0.26399 0.20270 0.26634 0.35591 0.38184 0.47333 0.49000 0.47333 0.63000 0.28991 0.20667 0.43000 0.46198 0.40541 0.26667 0.37333 0.29227 0.29333 0.39667 0.37477 0.42898 0.30667 0.33000 0.42191 0.38333 0.37667 0.32333 0.24749 0.24513 0.19799 0.14849 0.18620 0.18856 0.27813 0.26870 0.25456 0.24277
0.34667 0.35667 0.42667 0.44333 0.29000 0.31348 0.39362 0.38667 0.40000 0.44000 0.40000 0.24749 0.11314 0.33000 0.42667 0.45491 0.53333 0.48333 0.44548 0.44783 0.37005 0.37333 0.43667 0.41248 0.46198 0.52326 0.53504 0.51619 0.46433 0.39598 0.32291 0.19563 0.26333 0.37000 0.27000 0.38655 0.45491 0.50667 0.49333 0.39333 0.17442 0.21667 0.31667 0.41719 0.33470 0.39000 0.32667 0.18149 0.29667 0.38667 0.37005 0.20000 0.23000 0.33705 0.28000 0.31667 0.22863 0.14849 0.13667 0.12667 0.12000 0.16000 0.15000 0.18333 0.22000 0.24667 0.24000
0.46333 0.50667 0.35000 0.38667 0.39333 0.37667 0.30170 0.22000 0.20333 0.24984 0.08250 0.25000 0.41333 0.47612 0.51855 0.51855 0.50912 0.39362 0.45962 0.44076 0.45333 0.49333 0.47667 0.49497 0.51855 0.54919 0.55154 0.51383 0.41719 0.32763 0.33333 0.20035 0.32291 0.34648 0.39834 0.46667 0.41248 0.33941 0.44000 0.35333 0.36667 0.11667 0.23333 0.36770 0.35591 0.34000 0.36333 0.18333 0.13435 0.29333 0.31584 0.20977 0.29667 0.40000 0.35333 0.20035 0.25456 0.35667 0.29227 0.30170 0.29667 0.31348 0.28991 0.20742 0.16971 0.26333 0.28667
0.48000 0.55000 0.50333 0.34884 0.42191 0.48333 0.42662 0.20000 0.16263 0.26000 0.22000 0.37333 0.44783 0.46198 0.39362 0.31333 0.38667 0.45491 0.48790 0.44312 0.52667 0.48333 0.44076 0.43369 0.43841 0.45255 0.42662 0.43333 0.44076 0.42898 0.37241 0.23099 0.31584 0.36770 0.44783 0.44333 0.42333 0.32763 0.31000 0.36667 0.42000 0.18385 0.23667 0.38419 0.41012 0.22863 0.28991 0.30877 0.33705 0.25667 0.36667 0.29000 0.27667 0.29000 0.19799 0.18149 0.34667 0.24333 0.16000 0.13000 0.19333 0.30333 0.29000 0.24333 0.18856 0.14378 0.15000
0.46433 0.49000 0.48667 0.46333 0.42898 0.47376 0.41000 0.15667 0.20977 0.45000 0.37667 0.44312 0.38891 0.36298 0.40305 0.40000 0.37477 0.45726 0.50676 0.50333 0.53333 0.45019 0.35591 0.31000 0.34667 0.43333 0.45333 0.36667 0.37667 0.38333 0.32000 0.24042 0.27333 0.34000 0.33667 0.31333 0.39333 0.35827 0.23335 0.37333 0.35667 0.20506 0.12000 0.32667 0.43605 0.29463 0.30877 0.36298 0.35355 0.17442 0.20667 0.18333 0.11333 0.13435 0.18333 0.24000 0.36000 0.30667 0.16667 0.17667 0.18385 0.23000 0.26000 0.29333 0.27000 0.26333 0.24513
0.47848 0.44667 0.52000 0.48667 0.35667 0.42333 0.35333 0.13333 0.20977 0.44000 0.41955 0.43605 0.46333 0.45000 0.45962 0.41333 0.41012 0.46198 0.50440 0.48667 0.37712 0.43841 0.51667 0.49000 0.39598 0.39362 0.35333 0.32667 0.34333 0.30333 0.24333 0.20035 0.27667 0.32667 0.40333 0.37667 0.46000 0.35333 0.15333 0.15556 0.21333 0.27000 0.17442 0.26333 0.42333 0.38655 0.28667 0.31667 0.31000 0.15792 0.14667 0.13667 0.08250 0.22333 0.34667 0.36770 0.38891 0.37712 0.35120 0.38655 0.30877 0.32291 0.31113 0.21920 0.27667 0.26000 0.27000
0.50440 0.40069 0.51667 0.54333 0.51667 0.37667 0.38667 0.14333 0.21685 0.41719 0.39834 0.30641 0.20977 0.23099 0.26399 0.21449 0.23806 0.30406 0.33234 0.29227 0.33705 0.49333 0.57000 0.53000 0.40069 0.40000 0.37333 0.32667 0.29667 0.22000 0.18667 0.27341 0.36667 0.37667 0.30877 0.39333 0.45333 0.36667 0.29667 0.19000 0.13906 0.18149 0.24277 0.20000 0.32667 0.37241 0.24277 0.26634 0.32763 0.21685 0.14000 0.08250 0.14667 0.41000 0.36770 0.32998 0.29227 0.35000 0.34413 0.33941 0.31333 0.29463 0.31584 0.23806 0.25692 0.30667 0.34333
0.41719 0.37005 0.35667 0.48000 0.53333 0.53667 0.40000 0.21667 0.23335 0.32763 0.32333 0.29333 0.14333 0.15000 0.16000 0.15000 0.11000 0.17000 0.21333 0.22333 0.40333 0.42000 0.50333 0.53667 0.48333 0.48333 0.43000 0.33000 0.24333 0.17000 0.16333 0.30877 0.24000 0.33333 0.27667 0.29000 0.37333 0.36062 0.31584 0.26000 0.30333 0.16263 0.20742 0.16667 0.15000 0.29463 0.24749 0.34413 0.36534 0.24667 0.06835 0.11000 0.34000 0.40541 0.34884 0.32527 0.31113 0.27813 0.28049 0.31113 0.26399 0.29333 0.36667 0.39333 0.41333 0.42333 0.39667
0.34177 0.35591 0.26163 0.36000 0.45000 0.46000 0.36000 0.14614 0.22627 0.39667 0.44000 0.40000 0.27106 0.30170 0.29698 0.28756 0.27333 0.31584 0.28049 0.25927 0.45000 0.41719 0.42667 0.47667 0.52667 0.48667 0.41000 0.28667 0.18333 0.20000 0.24000 0.35591 0.31584 0.35000 0.38000 0.28520 0.33667 0.37712 0.32998 0.27813 0.28667 0.32667 0.23570 0.12667 0.12964 0.27106 0.31113 0.39127 0.28000 0.10333 0.16263 0.28333 0.39362 0.40541 0.34413 0.25456 0.22667 0.26333 0.35827 0.35827 0.35333 0.43000 0.41000 0.41000 0.42000 0.33234 0.20035
0.29698 0.32056 0.28284 0.26000 0.16971 0.11549 0.10667 0.06333 0.30000 0.40333 0.40667 0.37333 0.33667 0.32667 0.33941 0.42000 0.43333 0.46333 0.40667 0.29698 0.37005 0.42000 0.44000 0.46667 0.53000 0.48667 0.35000 0.24513 0.24333 0.30667 0.32333 0.34648 0.37241 0.32667 0.37333 0.31333 0.28284 0.41000 0.31113 0.25692 0.30170 0.33470 0.26667 0.09667 0.11549 0.26667 0.36062 0.37477 0.21667 0.15085 0.35333 0.35667 0.33705 0.26870 0.23570 0.27000 0.33000 0.30667 0.39598 0.39127 0.40000 0.38000 0.36000 0.33667 0.25456 0.27813 0.23667
0.26634 0.32998 0.25456 0.12667 0.14378 0.16667 0.15667 0.17000 0.29463 0.31333 0.35667 0.34333 0.34000 0.46667 0.44667 0.41248 0.38000 0.41012 0.40333 0.26333 0.19092 0.40000 0.41333 0.44667 0.51667 0.49000 0.33470 0.26399 0.23667 0.28000 0.30667 0.30000 0.32527 0.19667 0.26333 0.27333 0.24333 0.40000 0.32000 0.19667 0.18333 0.22000 0.22627 0.12000 0.15321 0.20333 0.33234 0.27333 0.10000 0.17206 0.41000 0.34667 0.24333 0.21685 0.19799 0.31333 0.35667 0.33667 0.40069 0.43333 0.42333 0.37333 0.33667 0.26163 0.28991 0.33234 0.31113
0.34413 0.40541 0.25000 0.06128 0.36333 0.37477 0.44333 0.46667 0.46433 0.50912 0.49733 0.42191 0.37005 0.45333 0.44000 0.40667 0.35355 0.39598 0.35000 0.28667 0.20000 0.34413 0.31667 0.43333 0.47000 0.40667 0.26667 0.16971 0.15792 0.21449 0.27667 0.31333 0.35355 0.25456 0.32667 0.31667 0.28333 0.28049 0.30406 0.20000 0.19667 0.29667 0.32763 0.19000 0.30000 0.31584 0.38891 0.27333 0.08333 0.27000 0.36333 0.28333 0.28756 0.33667 0.36000 0.35333 0.32000 0.31000 0.34413 0.31820 0.27813 0.18620 0.13906 0.13333 0.25000 0.31333 0.25000
0.45019 0.38333 0.17000 0.20977 0.54000 0.49497 0.50205 0.51667 0.51000 0.58218 0.55390 0.51855 0.49969 0.55390 0.48319 0.39834 0.34177 0.35120 0.32056 0.28333 0.38000 0.43841 0.41012 0.44312 0.39834 0.28333 0.19667 0.11000 0.19328 0.28284 0.32291 0.37948 0.46000 0.43333 0.45000 0.39667 0.31667 0.30170 0.42191 0.31667 0.30000 0.38667 0.39000 0.21685 0.35667 0.38667 0.35667 0.20000 0.12728 0.34000 0.27667 0.39000 0.43000 0.47000 0.47000 0.33333 0.23806 0.19563 0.16333 0.13667 0.14667 0.13667 0.17667 0.22000 0.23667 0.29000 0.26000
0.39667 0.26667 0.11549 0.39667 0.55333 0.55000 0.47333 0.42426 0.41248 0.45019 0.41719 0.41484 0.41012 0.46198 0.45726 0.40776 0.40069 0.37005 0.31113 0.35667 0.41000 0.46433 0.45962 0.47612 0.41248 0.29934 0.18385 0.18149 0.35355 0.38655 0.38184 0.35591 0.36062 0.35667 0.31667 0.32763 0.28520 0.22392 0.34413 0.26163 0.30000 0.27000 0.38333 0.25333 0.15321 0.27333 0.14667 0.06128 0.19667 0.22667 0.24667 0.27333 0.30000 0.26667 0.23570 0.21213 0.18667 0.28333 0.23667 0.14614 0.15556 0.25333 0.31584 0.35591 0.34413 0.33470 0.24513
0.32667 0.12492 0.24667 0.41667 0.46000 0.55667 0.48333 0.38655 0.37477 0.36333 0.39834 0.39834 0.41484 0.41248 0.42898 0.42426 0.37948 0.33941 0.25927 0.35333 0.40000 0.44076 0.42191 0.42898 0.37477 0.25220 0.27341 0.36770 0.43369 0.40069 0.32763 0.24000 0.23570 0.16333 0.12333 0.20035 0.22627 0.20506 0.32000 0.28049 0.20035 0.33000 0.29333 0.38667 0.20977 0.16333 0.12964 0.17333 0.18149 0.19333 0.11785 0.04243 0.06667 0.07667 0.15000 0.23000 0.33000 0.40000 0.35591 0.28284 0.20506 0.21685 0.22667 0.21333 0.24749 0.28049 0.24042
