tests/topo/topaz/verify/FVSLOP.ARC.2
ncols    87
nrows   139
xllcorner  504090
yllcorner 5180991
cellsize   30.00
nodata_value    -1.0
[rows 0 to 28 of 139, columns 0 to 66 of 87]
0.05667 0.30877 0.45667 0.45333 0.19333 -1.00000 0.33000 0.12000 -1.00000 0.58000 0.53333 0.43000 0.35333 0.33333 0.37333 0.32333 0.26000 0.14667 0.14849 0.20333 0.28000 0.16333 -1.00000 0.08667 0.15667 0.27000 0.21333 0.22667 0.00333 0.12333 0.36333 0.40000 -1.00000 0.17333 0.40000 0.29333 0.24000 0.28667 0.52000 0.02667 -1.00000 0.21333 -1.00000 0.21667 0.18000 0.14000 0.40333 0.47667 0.16667 -1.00000 0.39000 0.49333 0.37000 0.33667 0.19563 0.10607 0.11333 0.03333 0.03333 0.07000 0.15333 0.18000 0.20035 0.26000 0.19333 0.00333 0.24333
0.02333 0.37333 0.43667 0.19799 0.24984 0.58333 0.62225 0.45667 0.33667 0.52562 0.51333 0.61333 0.58926 0.56097 0.49497 0.39598 0.29934 0.16971 0.16000 0.06667 0.09428 0.20977 0.33000 0.43000 0.32998 0.43134 0.46198 0.46198 0.54333 0.45000 0.49667 0.41248 0.31667 0.42000 0.49026 0.42662 0.41955 0.46000 0.50205 0.25333 0.40000 0.41719 0.40000 0.34648 0.38655 0.29227 0.47333 0.37667 0.18856 0.15000 0.50000 0.47376 0.30406 0.19333 0.18333 0.23000 0.20667 0.22667 0.22667 0.18667 0.20270 0.27667 0.29000 0.18667 0.12257 0.12000 0.28756
0.05333 0.29227 0.49026 0.40000 0.60667 0.51383 0.64347 0.45962 0.39000 0.59868 0.70475 0.72125 0.62933 0.54919 0.48555 0.41484 0.30641 0.24000 0.06364 0.09192 0.26333 0.18000 0.12000 0.20506 0.18385 0.25927 0.33705 0.32333 0.40333 0.42333 0.18620 0.25927 0.46333 0.57040 0.51147 0.44783 0.37712 0.53333 0.42898 0.19333 0.33667 0.45255 0.45667 0.32667 0.40305 0.36000 0.36770 0.45255 0.39000 0.22000 0.45255 0.50000 0.42191 0.37712 0.32056 0.25220 0.23570 0.19328 0.20000 0.23335 0.25667 0.24984 0.32763 0.35120 0.32333 0.33000 0.35667
-1.00000 0.14667 0.24277 0.41667 0.53667 0.50000 0.64347 0.45255 0.43333 0.61283 0.65761 0.66232 0.61518 0.54212 0.41248 0.32763 0.21000 0.22627 0.17667 0.40000 0.32056 0.24333 0.20000 0.13435 0.13000 0.14000 0.18620 0.23000 0.28000 0.22156 0.24749 0.41333 0.50667 0.45491 0.40069 0.32291 0.32000 0.48667 0.41719 0.33667 0.49026 0.53033 0.47667 0.38667 0.36062 0.40069 0.32056 0.43369 0.46669 0.27333 0.37712 0.56667 0.48000 0.38655 0.38333 0.38000 0.30877 0.22392 0.19667 0.24513 0.30877 0.32291 0.33470 0.35120 0.34333 0.25667 0.34884
0.15667 0.22156 0.38667 0.41000 0.44548 0.42333 0.57983 0.38419 0.47667 0.65054 0.64582 0.61283 0.54683 0.47612 0.35591 0.25000 0.26870 0.20977 0.30667 0.35355 0.34884 0.35667 0.33333 0.28000 0.12000 0.18000 0.25667 0.07778 0.27577 0.39000 0.61333 0.53667 0.52667 0.43333 0.38419 0.29333 0.32000 0.37241 0.36770 0.21667 0.36062 0.41667 0.37667 0.42333 0.34884 0.48083 0.42667 0.41719 0.43667 0.14000 0.34333 0.56667 0.48319 0.33470 0.26163 0.22333 0.17667 0.19328 0.16499 0.19328 0.27341 0.31348 0.26634 0.24333 0.20270 0.26399 0.39667
0.18667 0.26333 0.37667 0.44667 0.46198 0.47848 0.61283 0.46667 0.52333 0.71653 0.80610 0.71889 0.61754 0.49262 0.39127 0.32667 0.40305 0.39000 0.40000 0.41248 0.36000 0.42667 0.38655 0.43369 0.37000 0.36333 0.27813 0.31333 0.40333 0.19667 0.20977 0.21000 0.19563 0.20000 0.23099 0.34884 0.43841 0.45019 0.35827 0.19000 0.38419 0.54919 0.31333 0.39333 0.37948 0.44312 0.39362 0.47667 0.38184 0.17333 0.35355 0.54667 0.39333 0.26870 0.18385 0.14142 0.18667 0.13671 0.16333 0.25667 0.30667 0.28333 0.14667 0.21449 0.28991 0.36062 0.41955
0.19000 0.32998 0.46333 0.58667 0.61333 0.55390 0.59868 0.44333 0.42333 0.66232 0.74011 0.60811 0.60340 0.51855 0.43841 0.40333 0.41955 0.43333 0.39667 0.36298 0.28667 0.30877 0.42662 0.46198 0.43333 0.46669 0.35333 0.51333 0.30333 0.11667 0.14614 0.20333 0.12728 0.21685 0.20977 0.26634 0.31667 0.45667 0.29227 0.27667 0.49497 0.51619 0.24667 0.25667 0.24513 0.32056 0.44667 0.47000 0.45000 0.05333 0.32000 0.39000 0.37667 0.29333 0.25220 0.23099 0.15556 0.07071 0.14849 0.23099 0.32998 0.37667 0.30333 0.29000 0.21685 0.21449 0.31667
0.23000 0.41484 0.48319 0.49262 0.40541 0.51383 0.59397 0.44333 0.37667 0.49733 0.51667 0.35333 0.28667 0.24333 0.20742 0.17678 0.28049 0.34667 0.28333 0.13671 0.08333 0.07333 0.10135 0.24000 0.27667 0.23570 0.33667 0.39834 0.44783 0.34000 0.32333 0.40000 0.39000 0.31820 0.20270 0.25456 0.30170 0.37333 0.15556 0.12000 0.31000 0.33000 0.19000 0.17667 0.23806 0.25927 0.38667 0.51667 0.29227 0.28667 0.41012 0.38419 0.26634 0.12667 0.20000 0.22667 0.20667 0.10842 0.24513 0.34413 0.35355 0.35355 0.34667 0.36000 0.19333 0.16000 0.22667
0.33333 0.49262 0.49733 0.43841 0.30877 0.41012 0.57040 0.60333 0.56667 0.50676 0.48083 0.30406 0.24333 0.20000 0.20000 0.15667 0.10607 0.13000 0.09667 0.09192 0.08957 0.11667 0.15667 0.15667 0.22156 0.30667 0.41333 0.43369 0.41955 0.34667 0.44667 0.40069 0.35000 0.31113 0.32763 0.31113 0.33705 0.25667 0.05421 0.23667 0.30170 0.18620 0.26333 0.26000 0.29333 0.21667 0.34667 0.34667 0.13906 0.32667 0.47140 0.36770 0.29698 0.21685 0.28991 0.19328 0.14333 0.13199 0.33470 0.37477 0.24042 0.27333 0.20333 0.19799 0.32998 0.42667 0.46198
0.41667 0.49026 0.43134 0.31348 0.18149 0.17913 0.28756 0.38000 0.44000 0.34177 0.42426 0.38891 0.36062 0.32763 0.27577 0.19328 0.11549 0.16028 0.17206 0.20270 0.23333 0.21685 0.22863 0.27106 0.35000 0.48000 0.42667 0.38419 0.29698 0.36000 0.36298 0.25000 0.33667 0.28333 0.22000 0.17678 0.23000 0.06128 0.09667 0.23667 0.30170 0.28756 0.26870 0.25456 0.34413 0.32291 0.39362 0.44783 0.30000 0.25927 0.47376 0.40667 0.34884 0.25692 0.30877 0.24333 0.20977 0.24667 0.41000 0.30667 0.11667 0.11314 0.20506 0.25000 0.40667 0.39333 0.40069
0.29667 0.32998 0.24749 0.15000 0.20667 0.22667 0.21333 0.16028 0.13435 0.19667 0.33234 0.35355 0.43605 0.40776 0.29934 0.23667 0.19667 0.22333 0.27667 0.31000 0.30667 0.32763 0.33000 0.29333 0.26000 0.29227 0.29227 0.39834 0.33000 0.41333 0.30170 0.28000 0.33667 0.28000 0.26333 0.31667 0.10842 0.13000 0.35333 0.33470 0.28991 0.25692 0.20506 0.21449 0.28520 0.28991 0.32291 0.40069 0.24667 0.09192 0.46000 0.31667 0.24333 0.27333 0.27813 0.21213 0.12964 0.24333 0.43667 0.24277 0.21685 0.29000 0.40000 0.31667 0.31113 0.36770 0.42191
0.08333 0.17000 0.24667 0.32333 0.33333 0.25000 0.17913 0.12492 0.18000 0.29333 0.34177 0.39598 0.44783 0.39362 0.41667 0.41667 0.36333 0.38667 0.42667 0.43333 0.42000 0.41333 0.41000 0.41333 0.33000 0.22392 0.24042 0.25692 0.20333 0.21667 0.25333 0.27341 0.30170 0.31820 0.43000 0.35000 0.02121 0.18000 0.36298 0.35000 0.26870 0.18856 0.11785 0.25000 0.25000 0.23000 0.12667 0.20742 0.23806 0.24667 0.23806 0.34667 0.23333 0.19000 0.16735 0.11078 0.17667 0.26667 0.27813 0.20270 0.30333 0.38667 0.33333 0.26333 0.25456 0.36770 0.44333
0.21333 0.28667 0.29333 0.24333 0.16028 0.11549 0.14333 0.22000 0.30000 0.35120 0.42191 0.44312 0.36298 0.25220 0.15556 0.21000 0.27333 0.28000 0.31667 0.38000 0.48000 0.46667 0.42667 0.35120 0.33000 0.23000 0.20506 0.17913 0.24667 0.23335 0.34667 0.41000 0.26667 0.23806 0.38000 0.20035 0.18333 0.28049 0.30406 0.18149 0.16000 0.12492 0.20000 0.18000 0.16971 0.28520 0.22627 0.28000 0.40667 0.37000 0.15085 0.34333 0.16499 0.13333 0.18667 0.05667 0.20333 0.20000 0.22156 0.37333 0.39333 0.37667 0.35355 0.34333 0.24667 0.40333 0.41000
0.34333 0.26333 0.17206 0.06128 0.12667 0.22000 0.24667 0.33941 0.38891 0.39362 0.37948 0.27813 0.20270 0.20270 0.20742 0.19328 0.14378 0.14333 0.16667 0.21685 0.23806 0.36770 0.45019 0.42667 0.36000 0.30641 0.27577 0.19000 0.23000 0.27106 0.39667 0.42333 0.35000 0.32000 0.22667 0.05185 0.25000 0.37948 0.32291 0.21213 0.19563 0.20333 0.22627 0.25927 0.30667 0.34648 0.30000 0.35333 0.26000 0.18385 0.13000 0.38667 0.21213 0.11078 0.16667 0.08000 0.22667 0.13906 0.08667 0.22333 0.30000 0.31667 0.35120 0.38667 0.28333 0.36062 0.42898
0.24000 0.19328 0.18667 0.19667 0.28667 0.41012 0.45491 0.46198 0.37005 0.30170 0.21449 0.20977 0.23099 0.22627 0.22863 0.24513 0.20035 0.25000 0.26667 0.32056 0.29698 0.23570 0.21213 0.31584 0.35355 0.39127 0.34413 0.21667 0.21920 0.27106 0.35333 0.44333 0.35667 0.38000 0.12492 0.12000 0.32000 0.37241 0.28991 0.24667 0.21449 0.14378 0.20270 0.22333 0.23000 0.28284 0.26667 0.29227 0.26000 0.02828 0.20000 0.41955 0.22156 0.15333 0.17678 0.10667 0.27000 0.05657 0.10000 0.25667 0.22156 0.21667 0.24042 0.25456 0.31348 0.32291 0.29934
0.05000 0.24667 0.27000 0.21333 0.33000 0.37333 0.33234 0.24042 0.19092 0.22000 0.23570 0.24984 0.26163 0.25927 0.25333 0.27813 0.24749 0.27667 0.29333 0.36770 0.32763 0.28049 0.25333 0.22667 0.19000 0.24042 0.29227 0.32333 0.26667 0.23335 0.29227 0.33667 0.33333 0.38667 0.05657 0.15000 0.34648 0.30877 0.24042 0.19333 0.10135 0.15792 0.16971 0.18333 0.23335 0.30406 0.27577 0.28000 0.07333 0.03000 0.33000 0.36298 0.17206 0.19667 0.16263 0.16000 0.24667 0.00667 0.07667 0.29667 0.19563 0.13199 0.15321 0.26000 0.27000 0.18149 0.19667
-1.00000 0.30000 0.26333 0.21333 0.34333 0.37000 0.24000 0.27333 0.29667 0.31333 0.29698 0.28049 0.26399 0.31667 0.28756 0.30406 0.21685 0.22627 0.29000 0.37241 0.36298 0.26399 0.23333 0.25000 0.22000 0.25220 0.20667 0.29333 0.32000 0.28667 0.29333 0.29667 0.28333 0.26000 0.08667 0.09899 0.32333 0.35667 0.20742 0.16028 0.19092 0.21449 0.20977 0.22333 0.24984 0.22333 0.14000 0.08957 0.09192 0.11000 0.18856 0.33667 0.24984 0.11667 0.13000 0.19000 0.16333 0.02000 0.09333 0.28333 0.18333 0.07542 0.19000 0.25667 0.17678 0.13906 0.21685
0.21667 0.36062 0.33234 0.31820 0.34177 0.21213 0.30333 0.33667 0.35667 0.34667 0.36770 0.34177 0.34667 0.29227 0.31820 0.29698 0.19799 0.28520 0.25333 0.37000 0.44548 0.31820 0.28333 0.30000 0.29667 0.30333 0.26333 0.16333 0.29227 0.32667 0.28284 0.31113 0.31000 0.26163 0.19667 0.13667 0.24984 0.38667 0.16028 0.20667 0.18333 0.16000 0.11333 0.12021 0.12333 0.06000 0.07071 0.18000 0.26333 0.14667 0.08721 0.22667 0.27000 0.16971 0.15333 0.18333 0.14000 0.04333 0.07071 0.22667 0.22667 0.13000 0.18385 0.23570 0.20977 0.28000 0.35667
0.14667 0.30170 0.30406 0.30170 0.22156 0.33234 0.34667 0.35667 0.37667 0.34000 0.38891 0.42333 0.37667 0.35355 0.34413 0.30641 0.28991 0.40305 0.26667 0.37000 0.48319 0.39127 0.34333 0.36667 0.37000 0.37000 0.31000 0.23099 0.17442 0.31348 0.33941 0.38891 0.40305 0.34648 0.34000 0.30000 0.25456 0.29698 0.18667 0.15000 0.08014 0.16735 0.25333 0.17333 0.04333 0.02593 0.17333 0.29333 0.26634 0.18000 0.16000 0.16499 0.18667 0.22333 0.13667 0.18000 0.13671 0.06333 0.04950 0.15667 0.26667 0.22333 0.23570 0.28756 0.30667 0.21667 0.30406
0.08667 0.28000 0.27667 0.21213 0.30641 0.36534 0.33333 0.36333 0.37333 0.35000 0.39000 0.42333 0.39598 0.39834 0.35000 0.35667 0.35591 0.41012 0.27106 0.35667 0.46198 0.44548 0.35667 0.36333 0.35333 0.36667 0.27333 0.27341 0.21685 0.17678 0.30877 0.36770 0.33705 0.34177 0.38667 0.37333 0.27000 0.28284 0.16000 0.14378 0.18000 0.23333 0.35667 0.16667 0.07778 0.19667 0.25220 0.27813 0.29227 0.24667 0.24667 0.22000 0.19092 0.21667 0.16028 0.19328 0.16499 0.12000 0.10667 0.12728 0.21000 0.28000 0.14614 0.21213 0.22333 0.19333 0.20977
0.25667 0.37948 0.28991 0.32998 0.32763 0.32056 0.24749 0.34000 0.37667 0.37000 0.42000 0.34884 0.43369 0.40305 0.40667 0.38184 0.39000 0.34667 0.31113 0.28333 0.39127 0.45726 0.36667 0.31333 0.31333 0.28667 0.24984 0.25692 0.23333 0.11549 0.18385 0.32998 0.31584 0.37667 0.40667 0.39000 0.36333 0.27106 0.24749 0.19333 0.13906 0.28667 0.27000 0.14142 0.27333 0.37000 0.32763 0.30877 0.32763 0.28333 0.29000 0.35333 0.25667 0.30406 0.25220 0.28520 0.21213 0.25333 0.30667 0.23000 0.17206 0.26333 0.19333 0.20333 0.19000 0.18620 0.14333
0.21333 0.28284 0.26870 0.39127 0.35827 0.28991 0.27577 0.27577 0.36000 0.38667 0.38000 0.39598 0.45019 0.42000 0.38667 0.38891 0.38333 0.36667 0.34413 0.24000 0.31333 0.38891 0.34000 0.25333 0.26667 0.18667 0.27577 0.28000 0.23333 0.14378 0.09899 0.12964 0.19333 0.25333 0.27667 0.28000 0.29333 0.21333 0.23333 0.16333 0.12333 0.23000 0.12492 0.12000 0.32000 0.41012 0.40667 0.35000 0.32056 0.21667 0.21667 0.26163 0.28333 0.31348 0.25456 0.27813 0.15333 0.32667 0.39667 0.34000 0.18667 0.31113 0.24749 0.23099 0.20977 0.20977 0.17667
0.14667 0.17206 0.25220 0.37477 0.37005 0.29463 0.29333 0.30406 0.31333 0.40000 0.35120 0.45726 0.42662 0.39000 0.33941 0.35355 0.34333 0.31667 0.34177 0.27667 0.27813 0.31820 0.30000 0.28049 0.21333 0.15321 0.27667 0.31667 0.21685 0.16735 0.15556 0.11549 0.09333 0.09667 0.08000 0.09428 0.10607 0.24000 0.20000 0.15321 0.20000 0.16667 0.08014 0.19000 0.33941 0.36298 0.31333 0.24667 0.28049 0.20667 0.22000 0.23806 0.20000 0.23099 0.25667 0.21667 0.07333 0.21667 0.23570 0.28049 0.23667 0.31820 0.25692 0.25456 0.19328 0.23806 0.20667
0.20667 0.22000 0.22863 0.41000 0.36333 0.30641 0.28520 0.33234 0.26333 0.35667 0.38184 0.44783 0.40000 0.36534 0.35827 0.33470 0.29000 0.27577 0.29227 0.24333 0.28667 0.29698 0.25692 0.22863 0.18385 0.15333 0.27000 0.27333 0.22863 0.20506 0.21449 0.17913 0.14000 0.15667 0.15667 0.14000 0.09667 0.16499 0.22627 0.23099 0.23335 0.22627 0.21667 0.24000 0.29934 0.31584 0.21920 0.18856 0.22627 0.29000 0.29333 0.25692 0.19333 0.15556 0.24277 0.22863 0.12000 0.15556 0.19000 0.21213 0.22000 0.21920 0.21449 0.26634 0.24333 0.26634 0.23667
0.24333 0.25667 0.29227 0.36062 0.39333 0.33667 0.27341 0.32291 0.27667 0.23333 0.36770 0.37712 0.38000 0.38419 0.37477 0.28991 0.26000 0.28049 0.27577 0.20333 0.21333 0.25692 0.18856 0.15000 0.22000 0.27667 0.22000 0.26667 0.26163 0.23335 0.24042 0.21667 0.20667 0.20333 0.21333 0.19333 0.15667 0.10135 0.14667 0.21667 0.12333 0.09899 0.21000 0.27000 0.24984 0.30406 0.17206 0.15556 0.18667 0.29667 0.23667 0.20000 0.19333 0.14333 0.23099 0.22392 0.15333 0.12257 0.16263 0.18000 0.23333 0.17206 0.24749 0.24513 0.29000 0.29227 0.29667
0.27333 0.28333 0.37477 0.43134 0.40667 0.36667 0.33667 0.29698 0.22667 0.21333 0.38655 0.37000 0.29934 0.33470 0.35000 0.26667 0.24667 0.29934 0.29698 0.21000 0.19563 0.26163 0.28667 0.23667 0.23335 0.23099 0.22000 0.20333 0.23335 0.20506 0.22392 0.25333 0.26000 0.24667 0.20000 0.14849 0.12728 0.08957 0.13000 0.16000 0.10842 0.07333 0.16028 0.27813 0.22333 0.23099 0.16000 0.12667 0.16735 0.18149 0.21333 0.15792 0.16000 0.14378 0.20977 0.19092 0.12333 0.19000 0.23570 0.26399 0.22000 0.19667 0.21213 0.12492 0.17000 0.24513 0.31667
0.27333 0.31333 0.35355 0.41012 0.37667 0.43333 0.40667 0.39667 0.18149 0.24000 0.35591 0.31113 0.30877 0.35333 0.34000 0.31000 0.24749 0.28520 0.25456 0.16000 0.23099 0.37333 0.32291 0.29227 0.27577 0.24277 0.26667 0.16000 0.22627 0.19000 0.25667 0.29333 0.33000 0.24667 0.20270 0.08333 0.11333 0.14000 0.14142 0.20506 0.19333 0.21000 0.21920 0.23099 0.14849 0.22392 0.25667 0.20035 0.24042 0.19000 0.12000 0.12728 0.12000 0.13671 0.19563 0.22627 0.21667 0.25000 0.27341 0.26399 0.16263 0.17000 0.15667 0.14378 0.12021 0.11078 0.16000
0.30000 0.32333 0.31333 0.38184 0.35120 0.40000 0.44667 0.43841 0.26634 0.21333 0.27813 0.27106 0.34667 0.34884 0.32763 0.24000 0.29333 0.30406 0.29227 0.20000 0.29934 0.41719 0.35827 0.30877 0.30406 0.26333 0.29667 0.23335 0.25927 0.23667 0.27000 0.30000 0.29000 0.27577 0.28049 0.25000 0.23335 0.24749 0.21000 0.24000 0.23667 0.21000 0.16028 0.20977 0.26163 0.29667 0.24000 0.26634 0.28991 0.22000 0.11549 0.15556 0.17678 0.15667 0.12333 0.12964 0.17000 0.18149 0.18333 0.25456 0.26634 0.27333 0.24000 0.24000 0.24000 0.26333 0.25333
0.30000 0.32333 0.31667 0.35591 0.37948 0.33470 0.47000 0.44783 0.28667 0.17000 0.27813 0.25927 0.28667 0.26667 0.30877 0.21667 0.34333 0.35120 0.34177 0.32333 0.33941 0.45491 0.35120 0.30641 0.29698 0.26000 0.26000 0.28520 0.26399 0.24000 0.25000 0.19000 0.14614 0.25667 0.42000 0.38000 0.27341 0.22333 0.28520 0.38184 0.34000 0.31000 0.25000 0.32527 0.32527 0.33667 0.21000 0.31113 0.33333 0.24042 0.21000 0.22156 0.24277 0.23333 0.18667 0.16667 0.23000 0.28667 0.26399 0.32667 0.33000 0.33667 0.35667 0.35667 0.37000 0.34333 0.31113
