tests/topo/topaz/verify/FVSLOP.ARC.2
ncols    87
nrows   139
xllcorner  504090
yllcorner 5180991
cellsize   30.00
nodata_value    -1.0
[rows 58 to 86 of 139, columns 0 to 66 of 87]
0.12667 0.17206 0.47333 0.36534 0.36667 0.44000 0.43134 0.42898 0.44667 0.47333 0.50205 0.47140 0.49026 0.51855 0.48319 0.47848 0.48319 0.47140 0.46433 0.39362 0.38655 0.35591 0.28284 0.28049 0.17206 0.25456 0.36298 0.36770 0.35827 0.32056 0.22627 0.17206 0.21213 0.15085 0.17000 0.21667 0.23000 0.25667 0.23335 0.35667 0.25220 0.25000 0.29000 0.32333 0.30000 0.11667 0.16735 0.28049 0.25667 0.20506 0.17678 0.16333 0.11549 0.11785 0.19092 0.35000 0.40541 0.38891 0.31348 0.23099 0.19000 0.15792 0.11314 0.10000 0.12333 0.15667 0.18333
-1.00000 0.31333 0.37667 0.33667 0.35591 0.42191 0.44548 0.43667 0.45000 0.38655 0.43605 0.41484 0.45491 0.54683 0.54683 0.50912 0.44783 0.31113 0.27813 0.32291 0.38655 0.39834 0.33705 0.24513 0.15792 0.23099 0.32998 0.31348 0.30641 0.29698 0.22392 0.20333 0.21920 0.23335 0.25333 0.29333 0.28667 0.28667 0.28667 0.30000 0.30000 0.18149 0.27333 0.31584 0.30333 0.11667 0.14849 0.21449 0.09899 0.17000 0.35667 0.29000 0.28000 0.26000 0.24513 0.35827 0.33705 0.25220 0.23333 0.23806 0.19328 0.26000 0.23099 0.12728 0.08957 0.17333 0.23000
0.07667 0.31000 0.23806 0.25692 0.29934 0.37241 0.40069 0.35120 0.32291 0.32998 0.29667 0.27000 0.33667 0.44000 0.41955 0.43605 0.44000 0.29667 0.18333 0.20333 0.30667 0.39667 0.34667 0.20270 0.18333 0.23570 0.34667 0.26667 0.24513 0.23806 0.20506 0.20977 0.22627 0.26634 0.22156 0.32333 0.33000 0.30333 0.28667 0.25667 0.30000 0.22863 0.19328 0.28991 0.25220 0.11667 0.14614 0.10371 0.10607 0.27000 0.34333 0.29333 0.22627 0.23667 0.21667 0.24984 0.23667 0.19333 0.21333 0.22000 0.18000 0.27667 0.19667 0.23333 0.20000 0.27813 0.32527
0.03333 0.17000 0.20333 0.19328 0.20270 0.23099 0.25000 0.20667 0.21667 0.35667 0.33333 0.33000 0.25667 0.34333 0.36333 0.45333 0.61000 0.42000 0.20742 0.16499 0.29667 0.36667 0.25333 0.12492 0.12021 0.22627 0.25667 0.30667 0.26333 0.17667 0.12333 0.19799 0.24042 0.25692 0.24042 0.24667 0.28000 0.28667 0.29333 0.26333 0.20977 0.27000 0.18856 0.20742 0.14333 0.04667 0.16000 0.06667 0.15000 0.22333 0.28667 0.29333 0.31667 0.28333 0.25000 0.23806 0.23335 0.22667 0.23570 0.22156 0.14614 0.18667 0.26333 0.20000 0.23000 0.24277 0.24277
0.02667 0.09333 0.14000 0.13000 0.14667 0.26667 0.32333 0.27667 0.28333 0.34177 0.36667 0.36534 0.33705 0.37948 0.33705 0.35000 0.54667 0.49667 0.36333 0.29227 0.36534 0.28049 0.17000 0.10667 0.07333 0.17333 0.17206 0.22000 0.25000 0.16000 0.18333 0.25667 0.23570 0.21449 0.20270 0.14333 0.20000 0.24667 0.25333 0.20035 0.17333 0.17333 0.25000 0.17678 0.09333 0.04007 0.18667 0.12667 0.17000 0.17333 0.22333 0.27333 0.33000 0.33333 0.33000 0.27667 0.29227 0.35355 0.34413 0.32291 0.26399 0.23335 0.24749 0.23667 0.27341 0.32667 0.39333
0.42000 0.38000 0.22392 0.18149 0.20035 0.30406 0.35120 0.32527 0.34413 0.36062 0.35591 0.37000 0.41000 0.48083 0.46198 0.36534 0.37005 0.42000 0.47000 0.41333 0.34884 0.28049 0.19799 0.11078 0.10000 0.21667 0.18000 0.17333 0.15556 0.17206 0.26333 0.37667 0.26333 0.16028 0.16263 0.12667 0.16667 0.20667 0.17000 0.17913 0.13667 0.15321 0.23570 0.22000 0.04667 0.08014 0.22000 0.29667 0.33234 0.33705 0.27577 0.28756 0.28284 0.30333 0.33941 0.30641 0.31113 0.29227 0.27341 0.28284 0.25220 0.20333 0.23099 0.24277 0.35827 0.30000 0.36000
0.34667 0.39000 0.38333 0.27667 0.26870 0.25456 0.21333 0.30333 0.30000 0.44333 0.47000 0.46905 0.44548 0.41484 0.37712 0.34884 0.45491 0.40069 0.32056 0.35591 0.42426 0.40069 0.30641 0.20035 0.18620 0.28049 0.23570 0.24513 0.25692 0.31348 0.37948 0.32000 0.24333 0.23333 0.14333 0.09899 0.09333 0.11667 0.10371 0.16499 0.15321 0.18149 0.27577 0.17000 0.02667 0.23000 0.32667 0.33705 0.28049 0.23099 0.19799 0.22627 0.23667 0.31820 0.35120 0.34000 0.36298 0.34177 0.21920 0.21667 0.29333 0.24000 0.17442 0.35120 0.38419 0.29934 0.33000
0.04000 0.24333 0.35000 0.36333 0.35000 0.32056 0.36298 0.41719 0.39598 0.33470 0.38667 0.46667 0.43667 0.38000 0.32667 0.28667 0.26399 0.28284 0.28049 0.32291 0.33234 0.32998 0.28284 0.30000 0.12728 0.27341 0.26163 0.32291 0.32291 0.31000 0.35667 0.26000 0.17333 0.18333 0.17333 0.11785 0.09192 0.10000 0.10371 0.15333 0.19328 0.23570 0.24000 0.10333 0.06128 0.28333 0.30000 0.28991 0.28756 0.29000 0.32000 0.28991 0.25456 0.24749 0.24333 0.26634 0.30170 0.35333 0.35000 0.29000 0.24042 0.17000 0.28049 0.39834 0.38891 0.30641 0.29667
-1.00000 0.31667 0.27000 0.44667 0.42667 0.33333 0.36298 0.44076 0.51147 0.37477 0.34648 0.42000 0.39333 0.32333 0.27341 0.31113 0.32527 0.31584 0.27106 0.23667 0.25333 0.32333 0.42333 0.36667 0.17913 0.29667 0.37667 0.32333 0.25000 0.22667 0.28333 0.26333 0.18333 0.12257 0.17913 0.25667 0.16028 0.15333 0.16971 0.20977 0.27106 0.24749 0.17333 0.07071 0.06333 0.24000 0.18333 0.19667 0.27341 0.19563 0.18620 0.20742 0.30170 0.29698 0.15085 0.18000 0.40667 0.41000 0.32667 0.29227 0.22392 0.15556 0.22863 0.28049 0.24513 0.21449 0.16667
0.09333 0.33333 0.36333 0.41248 0.47667 0.48667 0.52333 0.52090 0.50205 0.43000 0.37948 0.39834 0.25692 0.31348 0.37333 0.37667 0.37241 0.30170 0.32333 0.36333 0.32667 0.36000 0.32998 0.31113 0.28991 0.23333 0.39000 0.28667 0.24513 0.26163 0.35827 0.38184 0.29698 0.30667 0.30406 0.35333 0.27333 0.07307 0.19000 0.23806 0.28520 0.19000 0.02593 0.12000 0.17333 0.17442 0.09667 0.08333 0.12667 0.08667 0.10667 0.11333 0.22333 0.29000 0.19333 0.24667 0.28000 0.36667 0.31667 0.28284 0.23099 0.13199 0.21449 0.25333 0.21667 0.19092 0.12964
0.21000 0.33705 0.39000 0.42667 0.35355 0.41667 0.41484 0.44783 0.41955 0.35591 0.26000 0.23335 0.34333 0.41667 0.37000 0.37005 0.39362 0.49333 0.46667 0.37241 0.28520 0.26399 0.30667 0.35827 0.35355 0.25927 0.31820 0.37005 0.33941 0.28991 0.35120 0.40541 0.31333 0.27667 0.30000 0.30000 0.32333 0.13671 0.08667 0.21667 0.19667 0.01650 0.03333 0.25667 0.27341 0.24984 0.26000 0.24000 0.20506 0.19563 0.15556 0.16028 0.24042 0.37667 0.34648 0.37241 0.30877 0.19092 0.24000 0.23000 0.22000 0.19000 0.21213 0.25692 0.22156 0.31667 0.25927
0.46333 0.47612 0.39834 0.34648 0.37667 0.24277 0.24749 0.27000 0.28991 0.34000 0.40000 0.36000 0.30333 0.28284 0.28284 0.31584 0.48333 0.52667 0.42000 0.34177 0.32056 0.25220 0.27333 0.32763 0.32527 0.31584 0.29227 0.41012 0.40305 0.34333 0.32333 0.36534 0.35355 0.27813 0.25667 0.28333 0.27333 0.21000 0.16735 0.25333 0.18000 0.13671 0.25000 0.22392 0.29333 0.35000 0.39667 0.40333 0.39000 0.45000 0.31000 0.19799 0.29227 0.27106 0.31667 0.31667 0.26870 0.29667 0.35591 0.24042 0.13435 0.19000 0.19333 0.26667 0.21213 0.29698 0.31348
0.19667 0.25692 0.30000 0.32056 0.27341 0.15792 0.22000 0.27667 0.39000 0.38000 0.31333 0.27333 0.19333 0.23806 0.22000 0.40667 0.43000 0.46667 0.38419 0.34648 0.32998 0.25927 0.20506 0.27577 0.29934 0.30406 0.28991 0.29667 0.25927 0.35667 0.49667 0.39333 0.27667 0.20742 0.20742 0.18149 0.27106 0.30000 0.28000 0.08333 0.05657 0.32667 0.37667 0.30000 0.32998 0.36298 0.32056 0.32000 0.33000 0.25220 0.07667 0.09000 0.28333 0.26870 0.32998 0.29698 0.26333 0.24513 0.19328 0.20035 0.23099 0.23333 0.26333 0.21000 0.23667 0.27106 0.28520
-1.00000 0.25333 0.29333 0.37333 0.21000 0.21449 0.21667 0.28333 0.27333 0.26000 0.29000 0.21667 0.18149 0.29333 0.29333 0.34000 0.37667 0.35667 0.36298 0.38419 0.36770 0.34000 0.36298 0.34648 0.34884 0.32527 0.29934 0.26667 0.24000 0.32333 0.47333 0.45333 0.26399 0.28520 0.26634 0.26870 0.28991 0.35591 0.26333 0.04000 0.11000 0.39000 0.36333 0.33000 0.37241 0.35827 0.30333 0.22863 0.21213 0.20506 0.13000 0.06667 0.15556 0.18000 0.30333 0.30667 0.32000 0.20270 0.23667 0.25927 0.31113 0.31000 0.34000 0.30000 0.26000 0.33667 0.25667
0.17000 0.36534 0.35120 0.30406 0.10607 0.19328 0.16000 0.16667 0.22000 0.23000 0.20667 0.14614 0.22667 0.40333 0.35000 0.29227 0.25333 0.26634 0.30170 0.33470 0.43000 0.39362 0.45255 0.38419 0.35591 0.35333 0.34413 0.30877 0.27333 0.23667 0.37000 0.46000 0.44667 0.28333 0.22627 0.30641 0.29463 0.34413 0.19667 0.03536 0.29667 0.36000 0.30667 0.28667 0.36333 0.22392 0.14849 0.16000 0.19333 0.25667 0.19667 0.26667 0.27813 0.24984 0.29934 0.25456 0.23667 0.32667 0.32333 0.21000 0.24042 0.24277 0.28333 0.33000 0.34177 0.40069 0.37241
0.12333 0.47000 0.34413 0.24042 0.24513 0.23570 0.14142 0.16333 0.11667 0.15333 0.10607 0.19092 0.30333 0.38667 0.34000 0.25000 0.26634 0.30170 0.37000 0.46000 0.39362 0.41719 0.40541 0.34413 0.36770 0.31820 0.29934 0.31333 0.35000 0.31667 0.29667 0.41000 0.40000 0.36333 0.38333 0.28667 0.24513 0.21000 0.05667 0.17667 0.38333 0.34177 0.23806 0.30667 0.16971 0.25456 0.36333 0.28756 0.25456 0.24277 0.13667 0.27000 0.27577 0.24749 0.27106 0.24277 0.30667 0.38000 0.35667 0.33333 0.30000 0.23099 0.16333 0.16000 0.21213 0.37241 0.42898
0.18000 0.40776 0.20270 0.30406 0.30170 0.24667 0.16735 0.16667 0.24667 0.16263 0.15792 0.32333 0.40333 0.30170 0.25333 0.28000 0.28284 0.33667 0.30000 0.24984 0.29463 0.31000 0.35120 0.36062 0.31820 0.28756 0.30333 0.38333 0.41667 0.43333 0.39000 0.33470 0.40667 0.30000 0.37712 0.44076 0.41012 0.27000 0.12492 0.35000 0.25927 0.29667 0.31348 0.20742 0.19092 0.32667 0.39667 0.32667 0.26163 0.26399 0.20333 0.25333 0.30000 0.27333 0.28991 0.23570 0.23570 0.25667 0.32000 0.29667 0.26399 0.35827 0.35333 0.28284 0.22627 0.41000 0.34000
0.34667 0.33705 0.25927 0.28284 0.29934 0.29667 0.16499 0.17206 0.19000 0.18385 0.30667 0.36333 0.26634 0.23335 0.24333 0.26333 0.28520 0.34667 0.38667 0.34884 0.44076 0.42667 0.42333 0.46905 0.38419 0.30406 0.35333 0.39000 0.47667 0.57333 0.58333 0.55333 0.38667 0.35000 0.42000 0.38000 0.38655 0.18667 0.27577 0.33667 0.23667 0.19092 0.14667 0.10667 0.22333 0.32333 0.35333 0.29333 0.22667 0.19333 0.23333 0.23333 0.26000 0.23333 0.31820 0.23099 0.25456 0.19328 0.26667 0.25667 0.30170 0.36770 0.35667 0.41333 0.37712 0.37948 0.41248
0.09667 0.21213 0.30877 0.36298 0.30333 0.26333 0.24984 0.20035 0.17333 0.32763 0.33667 0.23806 0.24667 0.33000 0.34667 0.34000 0.33333 0.27667 0.26333 0.31113 0.35591 0.30170 0.26870 0.34333 0.32291 0.32000 0.36667 0.43134 0.52000 0.56667 0.59000 0.58667 0.53667 0.38667 0.40667 0.52000 0.40667 0.13667 0.31333 0.39598 0.25692 0.24042 0.20667 0.24333 0.28991 0.28991 0.26667 0.23333 0.19563 0.19333 0.22000 0.26000 0.24333 0.25333 0.29934 0.24000 0.26399 0.24277 0.23333 0.25333 0.33470 0.40069 0.32667 0.40667 0.41484 0.34333 0.40667
0.19799 0.33470 0.41719 0.38655 0.27000 0.22333 0.24333 0.22667 0.09899 0.35333 0.31000 0.24042 0.26333 0.28333 0.33667 0.30667 0.32667 0.28049 0.25927 0.21333 0.23667 0.20333 0.25333 0.28667 0.21000 0.28520 0.39000 0.41000 0.37477 0.39667 0.50333 0.48667 0.50000 0.52000 0.39667 0.51333 0.46333 0.17913 0.35000 0.40305 0.41719 0.30641 0.26000 0.26333 0.28667 0.28333 0.34413 0.30170 0.21333 0.21667 0.23333 0.19092 0.20667 0.22000 0.26163 0.23333 0.29227 0.27577 0.26000 0.31667 0.39127 0.42426 0.31667 0.35000 0.37241 0.26333 0.34884
0.28756 0.39834 0.40541 0.32763 0.19000 0.16667 0.27333 0.23000 0.23570 0.28667 0.24984 0.21000 0.23667 0.24000 0.27667 0.32333 0.30406 0.29227 0.34667 0.29333 0.29463 0.28991 0.29934 0.26399 0.17206 0.26870 0.34648 0.40333 0.41955 0.41719 0.43333 0.42000 0.48333 0.57000 0.48667 0.41248 0.51667 0.35355 0.28000 0.36298 0.45491 0.36000 0.28333 0.26667 0.24333 0.24000 0.31820 0.32527 0.23335 0.23333 0.21000 0.16499 0.15333 0.23667 0.27106 0.18856 0.24513 0.25220 0.26634 0.40000 0.50333 0.39667 0.28333 0.37000 0.37477 0.31333 0.34177
0.31667 0.32763 0.29227 0.25220 0.15792 0.17000 0.22333 0.22667 0.31820 0.29934 0.22627 0.18333 0.20333 0.22000 0.20333 0.21333 0.25220 0.30877 0.38000 0.28991 0.20035 0.25000 0.26000 0.20667 0.18667 0.29227 0.38419 0.39362 0.45000 0.38000 0.34333 0.39333 0.43000 0.44333 0.45000 0.49262 0.60104 0.42426 0.29333 0.42662 0.60000 0.40333 0.27667 0.26399 0.22667 0.19799 0.30170 0.30877 0.24277 0.17000 0.15667 0.15321 0.14333 0.13000 0.21920 0.16028 0.17000 0.20035 0.31113 0.36062 0.38333 0.36333 0.29000 0.24000 0.30641 0.24333 0.26870
0.30000 0.29667 0.24749 0.23806 0.14667 0.14378 0.13333 0.16667 0.32056 0.32527 0.21685 0.18333 0.20000 0.22000 0.22333 0.17442 0.26399 0.28667 0.29333 0.30000 0.31000 0.30000 0.17678 0.16000 0.26163 0.45491 0.46669 0.46905 0.39667 0.39333 0.31333 0.36000 0.36000 0.35667 0.39667 0.51619 0.54683 0.40667 0.19333 0.46433 0.66333 0.41248 0.37000 0.39667 0.29934 0.25927 0.28284 0.29698 0.21449 0.14000 0.17333 0.17000 0.14667 0.14333 0.22156 0.16028 0.12333 0.24333 0.34333 0.24333 0.31584 0.36667 0.40000 0.25456 0.30641 0.24333 0.23806
0.26667 0.31000 0.26667 0.21449 0.14378 0.14333 0.12333 0.12667 0.28520 0.33234 0.22863 0.24000 0.28333 0.26000 0.16263 0.16735 0.33667 0.31000 0.30667 0.33705 0.28756 0.26000 0.16028 0.16028 0.31348 0.43134 0.44312 0.43369 0.34413 0.35667 0.29000 0.26667 0.30000 0.31667 0.38000 0.50676 0.48667 0.33333 0.24749 0.54333 0.59397 0.51383 0.36333 0.35333 0.35591 0.29227 0.20270 0.27667 0.16667 0.16499 0.20333 0.21667 0.20000 0.16000 0.24042 0.18620 0.15085 0.16000 0.32000 0.36667 0.38000 0.27813 0.31000 0.36000 0.40305 0.35667 0.31333
0.22627 0.22667 0.21000 0.14667 0.10135 0.09664 0.09000 0.08667 0.25000 0.30406 0.28000 0.29333 0.21000 0.13906 0.11078 0.23667 0.27667 0.26667 0.25667 0.33333 0.33000 0.24667 0.15556 0.17678 0.34413 0.39362 0.37948 0.34177 0.36298 0.31667 0.40333 0.36333 0.28667 0.24333 0.37241 0.45491 0.40000 0.27333 0.30641 0.48790 0.57276 0.58690 0.39362 0.24513 0.24000 0.31667 0.31667 0.23000 0.10667 0.23570 0.21667 0.28333 0.26667 0.22333 0.26634 0.25333 0.23570 0.19092 0.30641 0.43369 0.46669 0.39834 0.25667 0.37333 0.41000 0.36770 0.26163
0.20742 0.19667 0.19000 0.15000 0.10371 0.12257 0.08333 0.08000 0.20000 0.28284 0.26333 0.18620 0.12021 0.13000 0.15000 0.26000 0.25333 0.23333 0.28333 0.32667 0.31000 0.17206 0.17000 0.17913 0.30667 0.37948 0.41719 0.37712 0.37005 0.30406 0.33667 0.32333 0.22627 0.26667 0.41484 0.38655 0.29333 0.20506 0.24749 0.33333 0.30000 0.40667 0.32667 0.30333 0.42000 0.39000 0.31348 0.16735 0.19799 0.31348 0.26000 0.34333 0.34333 0.29934 0.29667 0.26399 0.27106 0.27333 0.34884 0.45726 0.45491 0.48319 0.33705 0.45333 0.45000 0.44076 0.38655
0.18385 0.16333 0.17333 0.18000 0.16499 0.14849 0.08485 0.12667 0.18667 0.22863 0.16499 0.11000 0.22000 0.29000 0.26870 0.31348 0.28049 0.25692 0.27577 0.25220 0.20333 0.17000 0.18667 0.19667 0.27000 0.41000 0.37000 0.26667 0.25333 0.20977 0.16263 0.22000 0.27106 0.36298 0.42426 0.35333 0.18000 0.24042 0.34000 0.33000 0.37667 0.39000 0.35667 0.39333 0.45000 0.38184 0.20506 0.28667 0.32000 0.33234 0.31348 0.34333 0.29000 0.32056 0.28000 0.28049 0.26000 0.30000 0.34884 0.47612 0.45255 0.49000 0.34413 0.34333 0.42333 0.43369 0.43333
0.17913 0.14614 0.16000 0.19667 0.21920 0.17913 0.14333 0.10333 0.08485 0.15000 0.25333 0.27000 0.29463 0.32291 0.25456 0.24513 0.20270 0.20270 0.22333 0.19328 0.17442 0.19333 0.20333 0.23335 0.32763 0.36770 0.36667 0.28333 0.24667 0.24000 0.20506 0.19667 0.33941 0.35333 0.34333 0.22000 0.16028 0.22000 0.44333 0.48667 0.47667 0.50205 0.50440 0.47612 0.45726 0.28991 0.36062 0.32998 0.39667 0.33000 0.31113 0.24000 0.19328 0.25692 0.24042 0.29934 0.31667 0.33667 0.34884 0.43369 0.40776 0.44000 0.40305 0.22667 0.35000 0.38184 0.41333
0.17442 0.12964 0.12000 0.16667 0.22333 0.19000 0.12667 0.08957 0.12000 0.23333 0.33667 0.29934 0.24984 0.23099 0.18000 0.10135 0.16667 0.25692 0.26870 0.20977 0.19667 0.22000 0.23000 0.26870 0.40541 0.45255 0.40333 0.32056 0.34648 0.34648 0.32527 0.25333 0.34648 0.29333 0.21000 0.10607 0.17000 0.34333 0.54000 0.51667 0.50000 0.49733 0.47140 0.39598 0.30641 0.26870 0.39834 0.37477 0.34000 0.39667 0.32667 0.22333 0.22156 0.29333 0.29000 0.33941 0.31348 0.38667 0.41333 0.40069 0.38333 0.42333 0.41667 0.20742 0.24000 0.31348 0.33000
