tests/topo/topaz/verify/FVSLOP.ARC.2
ncols    87
nrows   139
xllcorner  504090
yllcorner 5180991
cellsize   30.00
nodata_value    -1.0
[rows 87 to 115 of 139, columns 0 to 66 of 87]
0.17333 0.12257 0.11078 0.12000 0.14667 0.13333 0.06835 0.10333 0.26667 0.26634 0.29227 0.22333 0.19667 0.18333 0.13000 0.13333 0.16000 0.25927 0.27577 0.20506 0.20667 0.23667 0.25333 0.31584 0.43369 0.44783 0.36062 0.34667 0.37477 0.36770 0.33705 0.24277 0.28667 0.16333 0.07307 0.14667 0.33000 0.37712 0.47667 0.51000 0.46333 0.47000 0.44333 0.25333 0.20035 0.32998 0.36770 0.39834 0.30406 0.38333 0.37667 0.30000 0.30000 0.33333 0.34333 0.36770 0.30877 0.36298 0.39667 0.39667 0.32333 0.34667 0.43000 0.25927 0.14000 0.26667 0.25667
0.12667 0.12728 0.09000 0.06000 0.06667 0.06600 0.09428 0.18667 0.30000 0.23333 0.23333 0.23000 0.17667 0.13333 0.12000 0.14667 0.16000 0.25927 0.26870 0.19328 0.18333 0.20333 0.23000 0.29463 0.36534 0.32527 0.26634 0.29698 0.32291 0.32763 0.30877 0.21685 0.18667 0.07307 0.13000 0.25333 0.33000 0.42667 0.44333 0.49667 0.43000 0.44000 0.38000 0.17000 0.21920 0.34413 0.35827 0.37712 0.36534 0.32998 0.40667 0.34667 0.33000 0.31000 0.30667 0.38655 0.24749 0.28520 0.29698 0.30406 0.32667 0.27000 0.38333 0.37000 0.13435 0.19333 0.21000
0.06128 0.11000 0.09333 0.07667 0.06333 0.06835 0.12667 0.23000 0.26667 0.23000 0.23667 0.21000 0.18620 0.17678 0.16667 0.17667 0.19333 0.28049 0.29227 0.18620 0.16000 0.17206 0.22627 0.28049 0.29227 0.25667 0.24277 0.25456 0.25927 0.29934 0.27813 0.15667 0.03771 0.14000 0.28667 0.33470 0.34177 0.46000 0.44783 0.48000 0.42000 0.40000 0.27577 0.12728 0.27813 0.39362 0.40069 0.35591 0.39834 0.34648 0.33667 0.37000 0.35827 0.33667 0.33000 0.40305 0.33234 0.25692 0.24277 0.23806 0.20977 0.24000 0.29463 0.41000 0.19799 0.17333 0.19000
0.03333 0.07071 0.08957 0.10667 0.09192 0.08485 0.14667 0.22667 0.22333 0.23000 0.23570 0.21685 0.24000 0.24333 0.22667 0.23000 0.20333 0.27813 0.30170 0.19799 0.14667 0.20035 0.27106 0.29934 0.27813 0.24277 0.25333 0.24667 0.21685 0.24513 0.20742 0.10000 0.08957 0.35333 0.34648 0.34413 0.35827 0.44783 0.44333 0.45000 0.41667 0.32527 0.16971 0.16263 0.28756 0.37477 0.39127 0.35591 0.41248 0.36534 0.27000 0.32000 0.33941 0.37667 0.38667 0.42898 0.40069 0.26870 0.27106 0.25692 0.21920 0.27341 0.32667 0.32000 0.26870 0.13333 0.19000
0.11667 0.10607 0.07307 0.03333 0.07071 0.10371 0.15000 0.19667 0.19000 0.21000 0.20977 0.20333 0.24667 0.24000 0.24667 0.23667 0.17667 0.27106 0.30877 0.21920 0.15792 0.22863 0.29463 0.29463 0.27577 0.26333 0.21213 0.21333 0.26667 0.24333 0.16971 0.08667 0.14849 0.45667 0.33667 0.33000 0.35827 0.39362 0.38891 0.33000 0.41248 0.34413 0.19328 0.18149 0.27813 0.36667 0.38000 0.31820 0.35355 0.35120 0.26333 0.26000 0.30000 0.33000 0.33333 0.40069 0.37241 0.25456 0.29227 0.28284 0.28756 0.33234 0.30000 0.29333 0.27000 0.14142 0.19000
0.21213 0.15792 0.08000 0.02121 0.04333 0.11333 0.14667 0.18333 0.17000 0.18333 0.17913 0.20333 0.19000 0.19563 0.22000 0.21000 0.17442 0.25927 0.28284 0.21449 0.12728 0.19092 0.23335 0.22863 0.24277 0.23570 0.25000 0.17000 0.23333 0.29333 0.17333 0.04667 0.20667 0.44667 0.41000 0.36667 0.30333 0.28049 0.34884 0.35120 0.44548 0.36534 0.19563 0.20977 0.29227 0.34648 0.36667 0.36534 0.34648 0.32763 0.18856 0.25000 0.29667 0.25667 0.25220 0.33470 0.28991 0.20270 0.25692 0.27341 0.29463 0.30641 0.23570 0.24333 0.20977 0.18385 0.16667
0.19000 0.11333 0.02667 0.04000 0.04243 0.14667 0.15667 0.16333 0.15333 0.12000 0.22333 0.23000 0.18620 0.19328 0.21667 0.18333 0.18856 0.24277 0.27667 0.21685 0.15085 0.17667 0.21333 0.20000 0.20270 0.21213 0.17667 0.20667 0.24277 0.31000 0.13333 0.00667 0.29333 0.39333 0.40667 0.34000 0.26870 0.28756 0.31113 0.31113 0.41333 0.35000 0.19799 0.21449 0.27106 0.31584 0.34177 0.36667 0.33667 0.31113 0.23335 0.25000 0.26000 0.17333 0.25456 0.34667 0.23806 0.16971 0.26399 0.30406 0.28049 0.27813 0.21685 0.17000 0.17333 0.19328 0.12333
0.14000 0.09333 0.06364 0.04007 0.07667 0.17000 0.14667 0.14333 0.12333 0.16028 0.20333 0.21000 0.20977 0.17667 0.18667 0.12964 0.18385 0.29000 0.24513 0.24277 0.22863 0.15000 0.20667 0.23333 0.25333 0.21000 0.17442 0.20667 0.28991 0.32291 0.15000 0.09664 0.34333 0.34000 0.32667 0.32527 0.27577 0.22156 0.24000 0.31667 0.42000 0.30333 0.23333 0.21685 0.25220 0.27333 0.32333 0.35667 0.33333 0.30333 0.24984 0.16000 0.22667 0.19328 0.29333 0.29333 0.22627 0.19092 0.27341 0.30170 0.26163 0.24042 0.19799 0.13667 0.16333 0.16263 0.07667
0.12964 0.15333 0.13199 0.11314 0.13667 0.16667 0.13667 0.11333 0.17442 0.18149 0.17333 0.13000 0.19092 0.13333 0.09667 0.12728 0.22000 0.20035 0.21213 0.20742 0.19799 0.16263 0.22627 0.25692 0.27106 0.24277 0.23570 0.20977 0.31348 0.26333 0.07333 0.13199 0.35667 0.26667 0.28284 0.31348 0.31348 0.26667 0.28333 0.35667 0.30667 0.25220 0.27000 0.28667 0.24749 0.27813 0.27813 0.27333 0.33667 0.40000 0.31667 0.13906 0.19000 0.24749 0.32763 0.30641 0.27577 0.21667 0.24513 0.27667 0.21920 0.16971 0.15556 0.12492 0.12333 0.13199 0.07000
0.10333 0.06000 0.08957 0.14333 0.18333 0.15667 0.12000 0.11333 0.20270 0.15333 0.10333 0.11078 0.16667 0.13000 0.08957 0.14000 0.16667 0.16499 0.14667 0.21000 0.16667 0.16971 0.21685 0.25692 0.29934 0.27813 0.29463 0.24984 0.22333 0.07333 0.01179 0.18667 0.25000 0.20000 0.18667 0.26667 0.37667 0.38000 0.30333 0.24667 0.29000 0.32000 0.28333 0.31000 0.26333 0.27813 0.28520 0.26399 0.26399 0.43000 0.43000 0.20506 0.14667 0.24513 0.34648 0.33941 0.31584 0.21213 0.27341 0.28520 0.21685 0.15321 0.13435 0.13199 0.11000 0.12667 0.04007
0.12000 0.06600 0.11667 0.19000 0.16333 0.12000 0.13000 0.15333 0.18385 0.13000 0.11333 0.14614 0.16028 0.08000 0.10842 0.13333 0.11667 0.17333 0.20000 0.17333 0.12667 0.18385 0.21685 0.25333 0.31333 0.28756 0.32291 0.22667 0.04714 0.00236 0.18000 0.24042 0.16971 0.20333 0.20667 0.25000 0.30333 0.39000 0.27000 0.32667 0.39000 0.39000 0.32056 0.29333 0.30000 0.24277 0.25456 0.27106 0.28756 0.35827 0.40333 0.26000 0.10000 0.23000 0.31348 0.31348 0.29934 0.20977 0.28756 0.27106 0.21213 0.19092 0.18149 0.16263 0.11333 0.06128 0.08721
0.04000 0.07071 0.18000 0.19000 0.11333 0.14667 0.17333 0.17333 0.18385 0.14667 0.12333 0.17678 0.17442 0.11785 0.12333 0.12333 0.13333 0.20333 0.18000 0.11078 0.16028 0.20742 0.22627 0.24984 0.28756 0.37005 0.28667 0.09667 0.09428 0.27333 0.37241 0.35355 0.22667 0.32056 0.34884 0.31584 0.27106 0.22000 0.28667 0.31000 0.33000 0.31333 0.32527 0.30333 0.31000 0.26333 0.26634 0.29463 0.35827 0.35827 0.29463 0.33000 0.11314 0.16333 0.24277 0.27341 0.29934 0.21449 0.21333 0.21920 0.20506 0.20742 0.20506 0.18000 0.06364 0.06600 0.24333
0.04000 0.08957 0.19333 0.15000 0.14667 0.18000 0.19333 0.19000 0.16667 0.11333 0.10667 0.16263 0.16499 0.13435 0.17667 0.14333 0.15333 0.16000 0.11314 0.13333 0.19563 0.22392 0.23570 0.26634 0.33705 0.43134 0.20667 0.01000 0.37000 0.45019 0.43369 0.33234 0.31667 0.30406 0.33705 0.27577 0.21449 0.25333 0.23570 0.20333 0.20333 0.25333 0.31000 0.27000 0.27000 0.23333 0.20270 0.27577 0.34413 0.24749 0.18856 0.22667 0.16499 0.11000 0.23667 0.30641 0.31584 0.22156 0.18620 0.23806 0.24277 0.20742 0.20000 0.07071 0.06364 0.18000 0.23333
0.04333 0.11000 0.18333 0.12492 0.18000 0.22667 0.24333 0.21333 0.14378 0.04007 0.01333 0.09667 0.17333 0.16667 0.16000 0.14667 0.17000 0.13000 0.12000 0.16333 0.20270 0.21685 0.23570 0.28991 0.33941 0.39667 0.10000 0.06835 0.42333 0.39000 0.27667 0.22333 0.32333 0.30667 0.27813 0.20506 0.22863 0.17333 0.23000 0.21333 0.20667 0.27667 0.32667 0.29000 0.25667 0.23099 0.19092 0.24749 0.34333 0.18667 0.18385 0.18620 0.19333 0.11314 0.19333 0.27577 0.32763 0.23806 0.18385 0.25927 0.28991 0.17000 0.11667 0.11314 0.23667 0.24749 0.18149
0.04667 0.13000 0.15667 0.18385 0.19333 0.15000 0.08485 0.06128 0.11667 0.06333 0.03667 0.14667 0.15556 0.15667 0.21000 0.16499 0.12492 0.10000 0.15321 0.18333 0.19563 0.19563 0.21213 0.30641 0.37477 0.29333 0.07667 0.14378 0.44000 0.37667 0.27333 0.25667 0.20667 0.18856 0.15333 0.23333 0.19799 0.11785 0.21333 0.20000 0.20667 0.23667 0.26000 0.26333 0.21685 0.18620 0.19667 0.18667 0.27000 0.21333 0.20333 0.10333 0.15556 0.12964 0.07000 0.17667 0.31584 0.22392 0.18385 0.28284 0.32763 0.18333 0.10371 0.29667 0.28756 0.18385 0.13199
0.06333 0.13671 0.15556 0.19000 0.11667 0.06128 0.05333 0.10667 0.14000 0.10135 0.09333 0.15085 0.14849 0.16499 0.17678 0.10333 0.12333 0.16667 0.20035 0.21667 0.22000 0.20000 0.17678 0.28333 0.35120 0.19000 0.07542 0.31333 0.44000 0.31000 0.23099 0.23335 0.24749 0.22627 0.17678 0.26333 0.27000 0.12021 0.12000 0.15333 0.16499 0.18667 0.14378 0.12728 0.15333 0.12667 0.14000 0.13667 0.22333 0.21333 0.16499 0.15000 0.21667 0.13435 0.09333 0.14614 0.29934 0.21449 0.18856 0.28991 0.31348 0.15000 0.16735 0.32333 0.25692 0.18856 0.15556
0.05667 0.14000 0.17667 0.11000 0.05421 0.09333 0.13667 0.17678 0.21685 0.19328 0.17333 0.20270 0.21449 0.21213 0.16499 0.08250 0.12492 0.15792 0.17206 0.17442 0.19799 0.20667 0.19667 0.26667 0.40667 0.00000 0.14333 0.37667 0.39362 0.37948 0.34648 0.28049 0.26870 0.25692 0.22392 0.17000 0.30667 0.19667 0.06364 0.11000 0.16735 0.13333 0.14333 0.20506 0.15556 0.11785 0.10842 0.13435 0.18385 0.23333 0.19333 0.18149 0.19328 0.16667 0.05667 0.12000 0.32000 0.26634 0.16499 0.27577 0.29227 0.14000 0.19328 0.31348 0.28991 0.25456 0.20035
0.13333 0.13333 0.10607 0.02357 0.07000 0.13667 0.15667 0.18000 0.17442 0.15556 0.16000 0.18620 0.20035 0.18856 0.11549 0.12667 0.11667 0.07000 0.07667 0.09333 0.10333 0.07778 0.15792 0.22627 0.37667 0.12257 0.16667 0.30641 0.38419 0.37477 0.34413 0.29934 0.28049 0.27106 0.24513 0.20506 0.19000 0.26000 0.16735 0.16263 0.21667 0.10667 0.11549 0.17667 0.08667 0.13333 0.17333 0.16667 0.19092 0.20270 0.22000 0.20000 0.14333 0.13333 0.05421 0.09333 0.25333 0.27341 0.14614 0.29667 0.29333 0.05657 0.18333 0.29463 0.30641 0.28991 0.23667
0.03333 0.04243 0.10000 0.11667 0.10371 0.10371 0.20000 0.20667 0.16971 0.15556 0.13906 0.14378 0.14378 0.09899 0.07000 0.09333 0.07307 0.10607 0.16971 0.22667 0.21685 0.21333 0.17000 0.12667 0.19667 0.18620 0.08000 0.16735 0.29698 0.34648 0.33234 0.31584 0.28991 0.27341 0.24277 0.20742 0.17913 0.23806 0.20506 0.12964 0.11333 0.10371 0.16667 0.14000 0.08014 0.13199 0.16263 0.18000 0.18385 0.20506 0.19563 0.15556 0.13667 0.17333 0.10607 0.08667 0.18385 0.26399 0.16971 0.23333 0.33667 0.10135 0.10667 0.20506 0.27577 0.25456 0.18856
-1.00000 0.10000 0.17667 0.18385 0.15333 0.12257 0.14849 0.21667 0.17333 0.15333 0.12667 0.10371 0.07307 0.09000 0.05657 0.05657 0.08333 0.15667 0.14667 0.18149 0.27341 0.30641 0.26870 0.23000 0.23667 0.26667 0.04714 0.14667 0.26870 0.30406 0.31820 0.31348 0.27813 0.25692 0.23335 0.20270 0.23806 0.25927 0.22627 0.13333 0.03771 0.09667 0.18333 0.11000 0.10607 0.15321 0.17913 0.17442 0.18000 0.19328 0.18620 0.14614 0.11333 0.16000 0.12728 0.05667 0.10842 0.21333 0.15085 0.16000 0.30333 0.16000 0.03771 0.15333 0.24749 0.22863 0.15556
0.00333 0.20333 0.18856 0.15792 0.12021 0.12000 0.11785 0.17000 0.16000 0.15000 0.11667 0.10607 0.17333 0.19667 0.15792 0.11785 0.07667 0.08014 0.04950 0.07071 0.15085 0.22627 0.26399 0.24000 0.22333 0.27000 0.12728 0.05667 0.21000 0.26399 0.27341 0.30170 0.25692 0.22863 0.21685 0.19799 0.24984 0.22627 0.20270 0.13000 0.10371 0.14849 0.14667 0.08957 0.10842 0.13671 0.18856 0.19563 0.20000 0.18149 0.17913 0.14000 0.11667 0.15556 0.13906 0.06667 0.09664 0.19328 0.13435 0.12964 0.19333 0.23667 0.07542 0.07333 0.19333 0.23570 0.14142
0.08000 0.20333 0.15792 0.12964 0.10135 0.08485 0.10607 0.15556 0.12333 0.12333 0.15000 0.21000 0.21000 0.17667 0.19328 0.15321 0.10371 0.10333 0.09000 0.08957 0.14333 0.26667 0.27667 0.17667 0.17667 0.19667 0.24333 0.05185 0.14000 0.22392 0.22392 0.30170 0.27341 0.24513 0.23570 0.23667 0.28333 0.21667 0.16667 0.07333 0.10135 0.17000 0.14000 0.05667 0.11078 0.13671 0.17667 0.14378 0.16263 0.18667 0.16028 0.12333 0.09333 0.17206 0.12964 0.07000 0.08667 0.18856 0.12257 0.09428 0.13667 0.19667 0.13000 0.04667 0.13333 0.25456 0.16499
0.06667 0.18667 0.12333 0.10667 0.10135 0.09428 0.09000 0.11667 0.10000 0.13435 0.18000 0.17667 0.11333 0.08957 0.19000 0.13667 0.10667 0.11000 0.10333 0.08000 0.12667 0.19000 0.21920 0.19563 0.19563 0.21920 0.28284 0.21000 0.01000 0.17333 0.18385 0.26333 0.24042 0.21449 0.20270 0.21667 0.20333 0.18333 0.11333 0.08014 0.19000 0.17667 0.11549 0.08721 0.13671 0.16735 0.20506 0.21449 0.15333 0.13199 0.13435 0.12333 0.10000 0.14378 0.10135 0.06667 0.10000 0.20977 0.18149 0.09333 0.08000 0.17333 0.21333 0.05421 0.11667 0.21449 0.21213
0.06000 0.14142 0.13435 0.13199 0.12021 0.10371 0.11333 0.11667 0.09664 0.16028 0.15333 0.12667 0.09664 0.11333 0.17000 0.11000 0.12333 0.12000 0.10000 0.08667 0.10135 0.14849 0.18385 0.18149 0.18000 0.16499 0.23000 0.28667 0.03333 0.09333 0.18149 0.24000 0.20000 0.16735 0.15321 0.19333 0.16667 0.10000 0.07778 0.17000 0.19000 0.16333 0.12333 0.13000 0.13906 0.15333 0.15556 0.15085 0.13906 0.15321 0.11549 0.10667 0.13000 0.11667 0.08721 0.05421 0.07667 0.16028 0.19799 0.12000 0.09667 0.14667 0.23667 0.09664 0.05657 0.17333 0.27333
0.12333 0.16499 0.12728 0.11785 0.12964 0.12333 0.11667 0.10000 0.14849 0.15667 0.10333 0.06600 0.11333 0.14333 0.09428 0.12667 0.15667 0.16000 0.13199 0.10135 0.08333 0.16667 0.19667 0.16333 0.18385 0.20270 0.21333 0.26667 0.02593 0.04667 0.21000 0.22000 0.18333 0.13667 0.14614 0.15667 0.10333 0.08250 0.22000 0.24513 0.22627 0.17913 0.13435 0.17333 0.19333 0.15000 0.16000 0.14000 0.10667 0.09667 0.09192 0.08485 0.10667 0.13000 0.11549 0.06000 0.04667 0.09899 0.16263 0.12000 0.15333 0.15333 0.24333 0.13199 0.12964 0.15000 0.13333
0.03667 0.14000 0.15667 0.18385 0.19328 0.19799 0.18149 0.16667 0.17333 0.14333 0.06364 0.11333 0.11000 0.08333 0.11078 0.16667 0.19000 0.14378 0.13906 0.09428 0.07542 0.16000 0.21333 0.19667 0.19667 0.19333 0.17333 0.21000 0.01414 0.00667 0.22667 0.23667 0.16333 0.10333 0.11549 0.09000 0.07778 0.22667 0.25456 0.17206 0.17333 0.21685 0.20270 0.17678 0.25927 0.26634 0.23806 0.20035 0.20333 0.13333 0.09333 0.07000 0.07307 0.10667 0.12667 0.06667 0.04667 0.07071 0.12333 0.10607 0.13906 0.21000 0.23570 0.20035 0.14667 0.02357 0.00667
0.14000 0.17333 0.16735 0.19799 0.18149 0.19563 0.19799 0.14667 0.14667 0.06835 0.10371 0.12667 0.06364 0.11078 0.16000 0.16667 0.09428 0.09428 0.13333 0.08667 0.11314 0.16971 0.15333 0.16263 0.19799 0.22000 0.23333 0.23667 0.02121 0.01000 0.28667 0.23667 0.13333 0.11549 0.11667 0.04007 0.15000 0.30333 0.16971 0.13000 0.10371 0.19000 0.27000 0.13667 0.19000 0.22333 0.20667 0.22000 0.19000 0.13667 0.08667 0.10667 0.08000 0.08485 0.11000 0.09000 0.06128 0.07333 0.13333 0.11078 0.14614 0.17678 0.23335 0.19000 0.03064 0.13000 0.44000
0.15333 0.14667 0.16263 0.23335 0.22627 0.20035 0.20035 0.19000 0.15000 0.14378 0.16263 0.09428 0.13906 0.19328 0.22000 0.11785 0.10842 0.17000 0.11667 0.05333 0.10667 0.14378 0.15556 0.14142 0.13906 0.21667 0.26667 0.24000 0.05000 0.02333 0.28000 0.26667 0.15792 0.15085 0.10000 0.08485 0.25000 0.20667 0.18667 0.10842 0.14000 0.24333 0.24667 0.12333 0.16263 0.23667 0.24333 0.16971 0.18856 0.18385 0.16028 0.16263 0.18333 0.10371 0.05000 0.03667 0.07778 0.17667 0.11314 0.18620 0.21449 0.19799 0.17333 0.04714 0.08000 0.28667 0.37712
-1.00000 0.04667 0.07000 0.11667 0.16028 0.16499 0.17206 0.16028 0.10842 0.15321 0.19000 0.10135 0.18620 0.17000 0.07667 0.11314 0.19000 0.17206 0.11785 0.05657 0.12000 0.16333 0.16000 0.14142 0.16735 0.18620 0.27667 0.26333 0.02333 0.01650 0.23667 0.25927 0.28333 0.22000 0.08957 0.17000 0.20333 0.14333 0.08957 0.10000 0.20667 0.26333 0.20000 0.10333 0.12000 0.18333 0.21920 0.20742 0.19328 0.18149 0.20000 0.19667 0.17667 0.11667 0.02121 0.04333 0.18333 0.16028 0.17206 0.26399 0.23570 0.15000 0.00943 0.15333 0.28667 0.39598 0.36770
